"Iteration #"	"Inertia"	"Number of features"	"CV best"	"Permuted CV best"	"Global best fitness"	"Current best fitness"	"Number of features in current best agent"	"Number of features in global best"	"Number of features in local best"
1	1	40	74.5655087341854	41.3628009157175	43.7479486874146	43.7479486874146	15	40	800
2	1	16	79.8642026953735	36.3190522782856	53.6581487600636	53.6581487600636	14	16	16
3	1	16	79.8642026953735	36.3190522782856	53.6581487600636	50.4155806919157	26	16	25
4	1	29	84.1046613820811	40.2809327288115	55.6901764597261	55.6901764597261	28	26	26
5	1	29	84.1046613820811	40.2809327288115	55.6901764597261	55.1916429420477	21	26	27
6	1	26	83.1434855029937	35.6521999994766	57.3177407942783	57.3177407942783	19	20	20
7	1	26	83.1434855029937	35.6521999994766	57.3177407942783	56.1491449043349	19	20	15
8	1	26	83.1434855029937	35.6521999994766	57.3177407942783	57.3177407942783	20	20	20
9	1	23	85.5135271029594	37.4597296660336	59.1550012276627	59.1550012276627	17	17	17
10	1	23	85.5135271029594	37.4597296660336	59.1550012276627	59.1550012276627	24	17	17
11	1	23	85.5135271029594	37.4597296660336	59.1550012276627	54.9854872680248	17	17	14
12	1	23	85.5135271029594	37.4597296660336	59.1550012276627	56.912044826529	14	17	15
13	1	23	83.65726231911	28.7960219399383	63.7329536035979	63.7329536035979	15	18	18
14	1	23	83.65726231911	28.7960219399383	63.7329536035979	60.4663606611535	17	18	18
15	1	23	83.65726231911	28.7960219399383	63.7329536035979	62.3971669475453	13	18	18
16	1	23	83.65726231911	28.7960219399383	63.7329536035979	59.3133913226182	19	18	18
17	1	23	83.65726231911	28.7960219399383	63.7329536035979	63.084155655419	12	18	21
18	1	23	83.65726231911	28.7960219399383	63.7329536035979	61.280169769664	18	18	18
19	1	16	86.964959421973	31.9115106755749	64.1523287602439	64.1523287602439	16	16	16
20	1	16	86.964959421973	31.9115106755749	64.1523287602439	60.69726696836	22	16	16
21	1	16	86.964959421973	31.9115106755749	64.1523287602439	59.6749775940659	18	16	18
22	1	16	86.964959421973	31.9115106755749	64.1523287602439	64.1523287602439	16	16	16
23	1	16	86.964959421973	31.9115106755749	64.1523287602439	64.1523287602439	17	16	16
24	1	15	85.5833371166398	31.7867406115717	64.220117742713	64.220117742713	18	17	17
25	1	15	85.5833371166398	31.7867406115717	64.220117742713	63.7329536035979	19	17	18
26	1	15	85.5833371166398	31.7867406115717	64.220117742713	62.0375898207321	15	17	15
27	1	15	85.5833371166398	31.7867406115717	64.220117742713	64.220117742713	17	17	17
28	1	19	89.6526331071624	34.4208092141083	64.544908380496	64.544908380496	18	19	19
29	1	19	89.6526331071624	34.4208092141083	64.544908380496	63.1591189296887	19	19	19
30	1	19	89.6526331071624	34.4208092141083	64.544908380496	64.544908380496	18	19	19
31	1	14	86.6116778193486	34.3581867314529	64.6302498747166	64.6302498747166	15	15	15
32	1	14	86.6116778193486	34.3581867314529	64.6302498747166	64.544908380496	19	15	19
33	1	14	86.6116778193486	34.3581867314529	64.6302498747166	64.544908380496	18	15	19
34	1	14	86.6116778193486	34.3581867314529	64.6302498747166	64.220117742713	17	15	17
35	1	14	86.6116778193486	34.3581867314529	64.6302498747166	64.544908380496	18	15	19
36	1	14	86.6116778193486	34.3581867314529	64.6302498747166	64.6302498747166	15	15	15
37	1	14	86.6116778193486	34.3581867314529	64.6302498747166	64.544908380496	19	15	19
38	1	14	86.6116778193486	34.3581867314529	64.6302498747166	64.544908380496	18	15	19
39	1	14	86.6116778193486	34.3581867314529	64.6302498747166	64.5375588490524	18	15	16
40	1	14	86.6116778193486	34.3581867314529	64.6302498747166	64.544908380496	18	15	19
41	1	14	86.6116778193486	34.3581867314529	64.6302498747166	64.6302498747166	15	15	15
42	1	14	86.6116778193486	34.3581867314529	64.6302498747166	64.544908380496	19	15	19
43	1	18	87.1277212692724	31.0966077633926	65.8864988509128	65.8864988509128	17	16	16
44	1	18	87.1277212692724	31.0966077633926	65.8864988509128	64.544908380496	18	16	19
45	1	18	87.1277212692724	31.0966077633926	65.8864988509128	65.8864988509128	20	16	16
46	1	16	88.2900076064054	30.5418524953818	67.310431180259	67.310431180259	15	15	15
47	1	16	88.2900076064054	30.5418524953818	67.310431180259	67.310431180259	15	15	15
48	1	16	88.2900076064054	30.5418524953818	67.310431180259	67.310431180259	15	15	15
49	1	16	88.2900076064054	30.5418524953818	67.310431180259	67.310431180259	15	15	15
50	1	16	88.2900076064054	30.5418524953818	67.310431180259	67.310431180259	22	15	15
51	1	16	88.2900076064054	30.5418524953818	67.310431180259	59.3246562010331	16	15	13
52	1	16	88.2900076064054	30.5418524953818	67.310431180259	62.834531725491	15	15	15
53	1	16	88.2900076064054	30.5418524953818	67.310431180259	63.8017548055064	14	15	16
54	1	16	88.2900076064054	30.5418524953818	67.310431180259	66.8202920735118	17	15	18
55	1	16	88.2900076064054	30.5418524953818	67.310431180259	67.310431180259	15	15	15
56	1	14	90.9343886842766	30.5394124983344	68.0704249865956	68.0704249865956	15	14	14
57	1	14	90.9343886842766	30.5394124983344	68.0704249865956	65.4393543443813	14	14	14
58	1	14	90.9343886842766	30.5394124983344	68.0704249865956	68.0704249865956	14	14	14
59	1	14	90.9343886842766	30.5394124983344	68.0704249865956	68.0704249865956	14	14	14
60	1	14	90.9343886842766	30.5394124983344	68.0704249865956	68.0704249865956	13	14	14
61	1	14	90.9343886842766	30.5394124983344	68.0704249865956	67.310431180259	15	14	30
62	1	14	90.9343886842766	30.5394124983344	68.0704249865956	67.310431180259	15	14	30
63	1	14	90.9343886842766	30.5394124983344	68.0704249865956	67.310431180259	15	14	30
64	1	14	90.9343886842766	30.5394124983344	68.0704249865956	67.310431180259	15	14	30
65	1	14	90.9343886842766	30.5394124983344	68.0704249865956	67.310431180259	15	14	30
66	1	14	90.9343886842766	30.5394124983344	68.0704249865956	67.310431180259	15	14	45
67	1	14	90.9343886842766	30.5394124983344	68.0704249865956	67.6018533019043	13	14	13
68	1	14	90.9343886842766	30.5394124983344	68.0704249865956	67.0562524808521	14	14	14
69	1	14	90.9343886842766	30.5394124983344	68.0704249865956	67.0562524808521	15	14	14
70	1	14	90.9343886842766	30.5394124983344	68.0704249865956	65.6873220896581	18	14	16
71	1	14	90.9343886842766	30.5394124983344	68.0704249865956	67.310431180259	15	14	30
72	1	14	90.9343886842766	30.5394124983344	68.0704249865956	68.0704249865956	14	14	14
73	1	14	90.9343886842766	30.5394124983344	68.0704249865956	68.0704249865956	14	14	14
74	1	15	88.081496148413	29.2116468536288	68.0851915359918	68.0851915359918	15	15	15
75	1	15	88.081496148413	29.2116468536288	68.0851915359918	68.0851915359918	14	15	45
76	1	15	88.081496148413	29.2116468536288	68.0851915359918	63.667516844765	15	15	15
77	1	15	88.081496148413	29.2116468536288	68.0851915359918	68.0704249865956	14	15	29
78	1	15	88.081496148413	29.2116468536288	68.0851915359918	64.6916298050926	15	15	15
79	1	15	88.081496148413	29.2116468536288	68.0851915359918	68.0851915359918	16	15	30
80	1	15	88.081496148413	29.2116468536288	68.0851915359918	68.0851915359918	14	15	15
81	1	15	88.081496148413	29.2116468536288	68.0851915359918	68.0851915359918	15	15	60
82	1	15	88.081496148413	29.2116468536288	68.0851915359918	68.0851915359918	15	15	60
83	1	15	88.081496148413	29.2116468536288	68.0851915359918	68.0851915359918	15	15	60
84	1	15	88.081496148413	29.2116468536288	68.0851915359918	68.0851915359918	15	15	60
85	1	15	88.081496148413	29.2116468536288	68.0851915359918	68.0851915359918	15	15	60
86	1	15	88.081496148413	29.2116468536288	68.0851915359918	68.0851915359918	15	15	30
87	1	15	88.081496148413	29.2116468536288	68.0851915359918	68.0851915359918	15	15	30
88	1	15	88.081496148413	29.2116468536288	68.0851915359918	68.0851915359918	15	15	30
89	1	15	88.081496148413	29.2116468536288	68.0851915359918	68.0851915359918	15	15	30
90	1	15	88.081496148413	29.2116468536288	68.0851915359918	68.0851915359918	15	15	30
91	1	15	88.081496148413	29.2116468536288	68.0851915359918	68.0851915359918	15	15	60
92	1	15	88.081496148413	29.2116468536288	68.0851915359918	68.0851915359918	15	15	60
93	1	15	88.081496148413	29.2116468536288	68.0851915359918	68.0851915359918	15	15	60
94	1	15	88.081496148413	29.2116468536288	68.0851915359918	68.0851915359918	15	15	60
95	1	15	88.081496148413	29.2116468536288	68.0851915359918	68.0851915359918	16	15	75
96	1	15	88.081496148413	29.2116468536288	68.0851915359918	68.0851915359918	15	15	60
97	1	15	88.081496148413	29.2116468536288	68.0851915359918	68.0408139053305	15	15	15
98	1	15	88.081496148413	29.2116468536288	68.0851915359918	68.0851915359918	16	15	75
99	1	15	88.081496148413	29.2116468536288	68.0851915359918	68.0851915359918	15	15	45
100	1	15	88.081496148413	29.2116468536288	68.0851915359918	68.0851915359918	14	15	120
101	1	15	88.081496148413	29.2116468536288	68.0851915359918	68.0851915359918	15	15	75
102	1	15	88.081496148413	29.2116468536288	68.0851915359918	68.0851915359918	15	15	75
103	1	15	88.081496148413	29.2116468536288	68.0851915359918	68.0851915359918	15	15	90
104	1	12	92.2295865678987	31.6843384159748	69.6098197014083	69.6098197014083	13	12	12
105	1	12	92.2295865678987	31.6843384159748	69.6098197014083	68.9883743302731	12	12	12
106	1	12	92.2295865678987	31.6843384159748	69.6098197014083	68.0851915359918	15	12	60
107	1	12	92.2295865678987	31.6843384159748	69.6098197014083	68.0851915359918	15	12	60
108	1	12	92.2295865678987	31.6843384159748	69.6098197014083	68.0851915359918	15	12	90
109	1	12	92.2295865678987	31.6843384159748	69.6098197014083	68.3648587131698	13	12	13
110	1	12	92.2295865678987	31.6843384159748	69.6098197014083	68.9883743302731	13	12	12
111	1	12	92.2295865678987	31.6843384159748	69.6098197014083	68.3648587131698	13	12	13
112	1	12	92.2295865678987	31.6843384159748	69.6098197014083	68.9883743302731	12	12	12
113	1	12	92.2295865678987	31.6843384159748	69.6098197014083	69.6098197014083	12	12	12
114	1	12	92.2295865678987	31.6843384159748	69.6098197014083	69.6098197014083	13	12	12
115	1	12	92.2295865678987	31.6843384159748	69.6098197014083	68.3648587131698	12	12	25
116	1	12	92.2295865678987	31.6843384159748	69.6098197014083	69.6098197014083	14	12	12
117	1	12	92.2295865678987	31.6843384159748	69.6098197014083	68.3648587131698	13	12	13
118	1	12	92.2295865678987	31.6843384159748	69.6098197014083	68.3648587131698	13	12	13
119	1	12	92.2295865678987	31.6843384159748	69.6098197014083	68.3648587131698	12	12	13
120	1	12	92.2295865678987	31.6843384159748	69.6098197014083	69.6098197014083	14	12	12
121	1	12	92.2295865678987	31.6843384159748	69.6098197014083	68.0851915359918	13	12	60
122	1	12	92.2295865678987	31.6843384159748	69.6098197014083	68.3648587131698	12	12	12
123	1	12	92.2295865678987	31.6843384159748	69.6098197014083	69.6098197014083	12	12	12
124	1	12	92.2295865678987	31.6843384159748	69.6098197014083	69.6098197014083	12	12	12
125	1	12	92.2295865678987	31.6843384159748	69.6098197014083	69.6098197014083	14	12	12
126	1	12	92.2295865678987	31.6843384159748	69.6098197014083	68.0851915359918	14	12	30
127	1	12	92.2295865678987	31.6843384159748	69.6098197014083	68.0851915359918	15	12	15
128	1	12	92.2295865678987	31.6843384159748	69.6098197014083	69.402914176578	12	12	11
129	1	12	92.2295865678987	31.6843384159748	69.6098197014083	69.6098197014083	12	12	12
130	1	12	92.2295865678987	31.6843384159748	69.6098197014083	69.6098197014083	11	12	24
131	1	12	92.2295865678987	31.6843384159748	69.6098197014083	69.6098197014083	12	12	12
132	1	12	92.2295865678987	31.6843384159748	69.6098197014083	69.6098197014083	12	12	12
133	1	12	92.2295865678987	31.6843384159748	69.6098197014083	69.6098197014083	12	12	12
134	1	12	92.2295865678987	31.6843384159748	69.6098197014083	69.6098197014083	13	12	24
135	1	12	92.2295865678987	31.6843384159748	69.6098197014083	69.6098197014083	12	12	12
136	1	12	92.2295865678987	31.6843384159748	69.6098197014083	69.6098197014083	12	12	12
137	1	12	92.2295865678987	31.6843384159748	69.6098197014083	69.6098197014083	12	12	36
138	1	12	92.2295865678987	31.6843384159748	69.6098197014083	69.6098197014083	12	12	12
139	1	12	92.2295865678987	31.6843384159748	69.6098197014083	69.6098197014083	11	12	36
140	1	12	92.2295865678987	31.6843384159748	69.6098197014083	69.6098197014083	12	12	24
141	1	12	92.2295865678987	31.6843384159748	69.6098197014083	69.6098197014083	12	12	24
142	1	12	92.2295865678987	31.6843384159748	69.6098197014083	69.6098197014083	12	12	36
143	1	12	92.2295865678987	31.6843384159748	69.6098197014083	69.6098197014083	12	12	36
144	1	12	92.2295865678987	31.6843384159748	69.6098197014083	69.6098197014083	12	12	48
145	1	12	92.2295865678987	31.6843384159748	69.6098197014083	69.6098197014083	11	12	48
146	1	12	92.2295865678987	31.6843384159748	69.6098197014083	69.6098197014083	12	12	36
147	1	12	92.2295865678987	31.6843384159748	69.6098197014083	69.6098197014083	12	12	48
148	1	12	92.2295865678987	31.6843384159748	69.6098197014083	69.6098197014083	13	12	48
149	1	12	92.2295865678987	31.6843384159748	69.6098197014083	69.6098197014083	12	12	36
150	1	12	92.2295865678987	31.6843384159748	69.6098197014083	69.6098197014083	11	12	48
151	1	12	92.2295865678987	31.6843384159748	69.6098197014083	69.6098197014083	12	12	36
152	1	12	92.2295865678987	31.6843384159748	69.6098197014083	69.6098197014083	12	12	48
153	1	12	92.2295865678987	31.6843384159748	69.6098197014083	69.6098197014083	12	12	48
154	1	12	92.2295865678987	31.6843384159748	69.6098197014083	69.6098197014083	12	12	48
155	1	12	92.2295865678987	31.6843384159748	69.6098197014083	69.6098197014083	11	12	48
156	1	12	92.2295865678987	31.6843384159748	69.6098197014083	69.6098197014083	12	12	36
157	1	12	92.2295865678987	31.6843384159748	69.6098197014083	69.6098197014083	12	12	48
158	1	12	92.2295865678987	31.6843384159748	69.6098197014083	69.6098197014083	12	12	48
159	1	12	92.2295865678987	31.6843384159748	69.6098197014083	69.6098197014083	11	12	60
160	1	7	91.136316844435	29.9378227340609	70.1068728305947	70.1068728305947	11	11	11
161	1	7	91.136316844435	29.9378227340609	70.1068728305947	69.6098197014083	12	11	48
162	1	7	91.136316844435	29.9378227340609	70.1068728305947	70.1068728305947	11	11	11
163	1	7	91.136316844435	29.9378227340609	70.1068728305947	70.1068728305947	11	11	11
164	1	7	91.136316844435	29.9378227340609	70.1068728305947	70.1068728305947	11	11	11
165	1	7	91.136316844435	29.9378227340609	70.1068728305947	70.1068728305947	11	11	11
166	1	7	91.136316844435	29.9378227340609	70.1068728305947	70.1068728305947	11	11	11
167	1	7	91.136316844435	29.9378227340609	70.1068728305947	70.1068728305947	11	11	11
168	1	7	91.136316844435	29.9378227340609	70.1068728305947	70.1068728305947	11	11	11
169	1	7	91.136316844435	29.9378227340609	70.1068728305947	70.1068728305947	11	11	11
170	1	7	91.136316844435	29.9378227340609	70.1068728305947	70.1068728305947	11	11	11
171	1	7	91.136316844435	29.9378227340609	70.1068728305947	70.1068728305947	11	11	11
172	1	7	91.136316844435	29.9378227340609	70.1068728305947	70.1068728305947	11	11	11
173	1	7	91.136316844435	29.9378227340609	70.1068728305947	70.1068728305947	11	11	22
174	1	7	91.136316844435	29.9378227340609	70.1068728305947	70.1068728305947	11	11	22
175	1	7	91.136316844435	29.9378227340609	70.1068728305947	70.1068728305947	11	11	22
176	1	7	91.136316844435	29.9378227340609	70.1068728305947	70.1068728305947	11	11	22
177	1	7	91.136316844435	29.9378227340609	70.1068728305947	70.1068728305947	11	11	11
178	1	7	91.136316844435	29.9378227340609	70.1068728305947	70.1068728305947	11	11	11
179	1	7	91.136316844435	29.9378227340609	70.1068728305947	70.1068728305947	11	11	22
180	1	7	91.136316844435	29.9378227340609	70.1068728305947	70.1068728305947	12	11	22
181	1	7	91.136316844435	29.9378227340609	70.1068728305947	69.6098197014083	12	11	11
182	1	7	91.136316844435	29.9378227340609	70.1068728305947	70.1068728305947	14	11	11
183	1	7	91.136316844435	29.9378227340609	70.1068728305947	70.1068728305947	10	11	11
184	1	7	91.136316844435	29.9378227340609	70.1068728305947	70.1068728305947	11	11	11
185	1	7	91.136316844435	29.9378227340609	70.1068728305947	70.1068728305947	10	11	22
186	1	7	91.136316844435	29.9378227340609	70.1068728305947	70.1068728305947	11	11	33
187	1	7	91.136316844435	29.9378227340609	70.1068728305947	70.1068728305947	11	11	33
188	1	7	91.136316844435	29.9378227340609	70.1068728305947	70.1068728305947	11	11	33
189	1	7	91.136316844435	29.9378227340609	70.1068728305947	70.1068728305947	11	11	44
190	1	7	91.136316844435	29.9378227340609	70.1068728305947	70.1068728305947	10	11	44
191	1	7	91.136316844435	29.9378227340609	70.1068728305947	70.1068728305947	11	11	22
192	1	7	91.136316844435	29.9378227340609	70.1068728305947	70.1068728305947	11	11	44
193	1	7	91.136316844435	29.9378227340609	70.1068728305947	70.1068728305947	11	11	55
194	1	7	91.136316844435	29.9378227340609	70.1068728305947	70.1068728305947	11	11	66
195	1	7	91.136316844435	29.9378227340609	70.1068728305947	70.1068728305947	10	11	66
196	1	7	91.136316844435	29.9378227340609	70.1068728305947	70.1068728305947	11	11	55
197	1	7	91.136316844435	29.9378227340609	70.1068728305947	70.1068728305947	11	11	66
198	1	7	91.136316844435	29.9378227340609	70.1068728305947	70.1068728305947	11	11	66
199	1	7	91.136316844435	29.9378227340609	70.1068728305947	70.1068728305947	11	11	66
200	1	7	91.136316844435	29.9378227340609	70.1068728305947	70.1068728305947	10	11	66
201	1	7	91.136316844435	29.9378227340609	70.1068728305947	70.1068728305947	11	11	55
202	1	7	91.136316844435	29.9378227340609	70.1068728305947	70.1068728305947	11	11	66
203	1	7	91.136316844435	29.9378227340609	70.1068728305947	70.1068728305947	11	11	66
204	1	7	91.136316844435	29.9378227340609	70.1068728305947	70.1068728305947	11	11	66
205	1	7	91.136316844435	29.9378227340609	70.1068728305947	70.1068728305947	10	11	77
206	1	7	91.136316844435	29.9378227340609	70.1068728305947	70.1068728305947	11	11	66
207	1	7	91.136316844435	29.9378227340609	70.1068728305947	70.1068728305947	11	11	77
208	1	7	91.136316844435	29.9378227340609	70.1068728305947	70.1068728305947	11	11	77
209	1	7	91.136316844435	29.9378227340609	70.1068728305947	70.1068728305947	11	11	77
210	1	7	91.136316844435	29.9378227340609	70.1068728305947	70.1068728305947	10	11	77
211	1	7	91.136316844435	29.9378227340609	70.1068728305947	70.1068728305947	11	11	66
212	1	7	91.136316844435	29.9378227340609	70.1068728305947	70.1068728305947	11	11	77
213	1	7	91.136316844435	29.9378227340609	70.1068728305947	70.1068728305947	11	11	77
214	1	7	91.136316844435	29.9378227340609	70.1068728305947	70.1068728305947	11	11	77
215	1	7	91.136316844435	29.9378227340609	70.1068728305947	70.1068728305947	11	11	77
216	1	7	91.136316844435	29.9378227340609	70.1068728305947	70.1068728305947	11	11	77
217	1	7	91.136316844435	29.9378227340609	70.1068728305947	70.1068728305947	11	11	77
218	1	7	91.136316844435	29.9378227340609	70.1068728305947	70.1068728305947	11	11	77
219	1	7	91.136316844435	29.9378227340609	70.1068728305947	70.1068728305947	11	11	77
220	1	7	91.136316844435	29.9378227340609	70.1068728305947	70.1068728305947	11	11	77
221	1	7	91.136316844435	29.9378227340609	70.1068728305947	70.1068728305947	9	11	55
222	1	7	91.136316844435	29.9378227340609	70.1068728305947	70.1068728305947	11	11	55
223	1	7	91.136316844435	29.9378227340609	70.1068728305947	70.1068728305947	11	11	66
224	1	7	91.136316844435	29.9378227340609	70.1068728305947	70.1068728305947	11	11	66
225	1	7	91.136316844435	29.9378227340609	70.1068728305947	70.1068728305947	12	11	66
