"Iteration #"	"Inertia"	"Number of features"	"CV best"	"Permuted CV best"	"Global best fitness"	"Current best fitness"	"Number of features in current best agent"	"Number of features in global best"	"Number of features in local best"
1	1	40	75.2518635415469	46.6832519024508	44.3578435466669	44.3578435466669	15	40	800
2	1	15	71.5914972281657	40.606690430691	45.4494951751961	45.4494951751961	16	15	15
3	1	25	80.0266501614741	50.5187604270013	48.6318553222047	48.6318553222047	16	16	16
4	1	17	79.0048694131748	46.8036561224754	49.3994261074817	49.3994261074817	17	17	17
5	1	22	80.1715889737511	43.0600874737651	52.6310749431222	52.6310749431222	22	22	22
6	1	22	80.1715889737511	43.0600874737651	52.6310749431222	51.0140204512432	17	22	14
7	1	23	80.8805698405218	36.5576619241679	55.0061751445849	55.0061751445849	21	22	22
8	1	23	80.8805698405218	36.5576619241679	55.0061751445849	53.5785737141252	23	22	22
9	1	23	80.8805698405218	36.5576619241679	55.0061751445849	54.4561616907923	26	22	26
10	1	24	82.2301156670885	36.3741416504064	56.2356875950319	56.2356875950319	20	24	24
11	1	24	82.2301156670885	36.3741416504064	56.2356875950319	51.8129779155188	21	24	25
12	1	24	82.2301156670885	36.3741416504064	56.2356875950319	51.9213582260572	24	24	24
13	1	24	82.2301156670885	36.3741416504064	56.2356875950319	56.024368815808	24	24	24
14	1	21	82.2870895488886	33.4879331533828	58.2987639542985	58.2987639542985	24	24	24
15	1	21	82.2870895488886	33.4879331533828	58.2987639542985	58.2987639542985	19	24	24
16	1	21	82.2870895488886	33.4879331533828	58.2987639542985	56.2356875950319	24	24	24
17	1	21	82.2870895488886	33.4879331533828	58.2987639542985	56.2356875950319	24	24	24
18	1	21	82.2870895488886	33.4879331533828	58.2987639542985	56.2356875950319	24	24	24
19	1	21	82.2870895488886	33.4879331533828	58.2987639542985	56.3841299458673	16	24	15
20	1	21	82.2870895488886	33.4879331533828	58.2987639542985	58.1860210624627	21	24	21
21	1	21	82.2870895488886	33.4879331533828	58.2987639542985	58.1860210624627	21	24	21
22	1	21	82.2870895488886	33.4879331533828	58.2987639542985	58.1860210624627	22	24	21
23	1	21	82.2870895488886	33.4879331533828	58.2987639542985	58.2987639542985	24	24	24
24	1	20	80.8564760543046	32.2364198983795	58.3407520007517	58.3407520007517	21	20	20
25	1	20	80.8564760543046	32.2364198983795	58.3407520007517	58.2987639542985	24	20	24
26	1	20	80.8564760543046	32.2364198983795	58.3407520007517	58.3407520007517	20	20	20
27	1	21	82.5734812257026	34.3182924222548	59.0239728903653	59.0239728903653	22	22	22
28	1	21	82.5734812257026	34.3182924222548	59.0239728903653	59.0239728903653	21	22	22
29	1	21	82.5734812257026	34.3182924222548	59.0239728903653	58.3407520007517	20	22	20
30	1	21	82.5734812257026	34.3182924222548	59.0239728903653	59.0239728903653	21	22	22
31	1	21	82.5734812257026	34.3182924222548	59.0239728903653	57.7182625956314	20	22	19
32	1	21	82.5734812257026	34.3182924222548	59.0239728903653	59.0239728903653	22	22	22
33	1	21	82.5734812257026	34.3182924222548	59.0239728903653	59.0239728903653	22	22	22
34	1	21	82.5734812257026	34.3182924222548	59.0239728903653	59.0239728903653	22	22	22
35	1	21	82.5734812257026	34.3182924222548	59.0239728903653	59.0239728903653	21	22	22
36	1	21	82.5734812257026	34.3182924222548	59.0239728903653	58.8856173941926	21	22	22
37	1	21	82.5734812257026	34.3182924222548	59.0239728903653	59.0239728903653	22	22	22
38	1	21	82.5734812257026	34.3182924222548	59.0239728903653	59.0239728903653	24	22	44
39	1	21	82.5734812257026	34.3182924222548	59.0239728903653	58.2398607653799	24	22	24
40	1	21	82.5734812257026	34.3182924222548	59.0239728903653	58.1604369003833	24	22	24
41	1	21	82.5734812257026	34.3182924222548	59.0239728903653	58.2398607653799	24	22	24
42	1	21	82.5734812257026	34.3182924222548	59.0239728903653	58.2398607653799	24	22	24
43	1	21	82.5734812257026	34.3182924222548	59.0239728903653	58.1604369003833	24	22	24
44	1	8	84.849441898572	35.777650900787	61.1288369044892	61.1288369044892	18	18	18
45	1	8	84.849441898572	35.777650900787	61.1288369044892	61.1288369044892	20	18	18
46	1	8	84.849441898572	35.777650900787	61.1288369044892	57.7131875164307	22	18	24
47	1	8	84.849441898572	35.777650900787	61.1288369044892	61.1288369044892	18	18	18
48	1	8	84.849441898572	35.777650900787	61.1288369044892	61.1288369044892	18	18	18
49	1	8	84.849441898572	35.777650900787	61.1288369044892	61.1288369044892	18	18	18
50	1	8	84.849441898572	35.777650900787	61.1288369044892	61.1288369044892	20	18	18
51	1	8	84.849441898572	35.777650900787	61.1288369044892	58.0795493968085	19	18	18
52	1	8	84.849441898572	35.777650900787	61.1288369044892	61.1288369044892	18	18	18
53	1	8	84.849441898572	35.777650900787	61.1288369044892	61.1288369044892	18	18	18
54	1	8	84.849441898572	35.777650900787	61.1288369044892	61.1288369044892	18	18	18
55	1	8	84.849441898572	35.777650900787	61.1288369044892	61.1288369044892	21	18	18
56	1	8	84.849441898572	35.777650900787	61.1288369044892	57.7862412258018	22	18	21
57	1	8	84.849441898572	35.777650900787	61.1288369044892	57.2600459760609	20	18	21
58	1	8	84.849441898572	35.777650900787	61.1288369044892	57.7131875164307	21	18	23
59	1	8	84.849441898572	35.777650900787	61.1288369044892	58.8351542905421	21	18	21
60	1	8	84.849441898572	35.777650900787	61.1288369044892	58.8351542905421	21	18	21
61	1	8	84.849441898572	35.777650900787	61.1288369044892	58.2998298312596	21	18	23
62	1	8	84.849441898572	35.777650900787	61.1288369044892	60.5328069773629	19	18	19
63	1	8	84.849441898572	35.777650900787	61.1288369044892	60.5328069773629	19	18	19
64	1	8	84.849441898572	35.777650900787	61.1288369044892	60.5328069773629	19	18	19
65	1	12	85.1077497151749	33.2103151855092	62.9113694343025	62.9113694343025	22	18	18
66	1	12	85.1077497151749	33.2103151855092	62.9113694343025	59.8615454547944	19	18	18
67	1	12	85.1077497151749	33.2103151855092	62.9113694343025	61.4642703218471	21	18	20
68	1	12	85.1077497151749	33.2103151855092	62.9113694343025	61.8816327381767	19	18	18
69	1	12	85.1077497151749	33.2103151855092	62.9113694343025	61.8816327381767	19	18	18
70	1	12	85.1077497151749	33.2103151855092	62.9113694343025	61.8816327381767	16	18	18
71	1	17	86.6542182216378	33.4288214625909	64.1071553090814	64.1071553090814	16	16	16
72	1	17	86.6542182216378	33.4288214625909	64.1071553090814	64.1071553090814	16	16	16
73	1	17	86.6542182216378	33.4288214625909	64.1071553090814	64.1071553090814	16	16	16
74	1	17	86.6542182216378	33.4288214625909	64.1071553090814	64.1071553090814	16	16	16
75	1	17	86.6542182216378	33.4288214625909	64.1071553090814	64.1071553090814	16	16	16
76	1	17	86.6542182216378	33.4288214625909	64.1071553090814	64.1071553090814	16	16	16
77	1	15	86.3524966877667	31.439400448668	64.187347757313	64.187347757313	15	15	15
78	1	15	86.3524966877667	31.439400448668	64.187347757313	64.187347757313	15	15	15
79	1	15	86.3524966877667	31.439400448668	64.187347757313	64.187347757313	15	15	30
80	1	15	86.3524966877667	31.439400448668	64.187347757313	64.187347757313	15	15	30
81	1	15	86.3524966877667	31.439400448668	64.187347757313	64.187347757313	15	15	45
82	1	15	86.3524966877667	31.439400448668	64.187347757313	64.187347757313	15	15	45
83	1	15	86.3524966877667	31.439400448668	64.187347757313	64.187347757313	15	15	45
84	1	15	86.3524966877667	31.439400448668	64.187347757313	64.187347757313	15	15	45
85	1	15	86.3524966877667	31.439400448668	64.187347757313	64.187347757313	15	15	45
86	1	15	86.3524966877667	31.439400448668	64.187347757313	64.187347757313	15	15	45
87	1	15	86.3524966877667	31.439400448668	64.187347757313	64.187347757313	15	15	45
88	1	15	86.3524966877667	31.439400448668	64.187347757313	64.187347757313	16	15	45
89	1	6	85.9321303879015	34.270451266831	64.2264485708111	64.2264485708111	15	16	16
90	1	6	85.9321303879015	34.270451266831	64.2264485708111	64.187347757313	15	16	46
91	1	6	85.9321303879015	34.270451266831	64.2264485708111	64.2264485708111	16	16	16
92	1	6	85.9321303879015	34.270451266831	64.2264485708111	64.2264485708111	16	16	32
93	1	6	85.9321303879015	34.270451266831	64.2264485708111	64.2264485708111	16	16	32
94	1	19	85.2232957863245	31.4322133076682	64.4954780799313	64.4954780799313	19	19	19
95	1	19	85.2232957863245	31.4322133076682	64.4954780799313	64.4954780799313	19	19	38
96	1	19	85.2232957863245	31.4322133076682	64.4954780799313	64.4954780799313	19	19	57
97	1	19	85.2232957863245	31.4322133076682	64.4954780799313	64.4954780799313	19	19	57
98	1	19	85.2232957863245	31.4322133076682	64.4954780799313	64.4954780799313	19	19	57
99	1	19	85.2232957863245	31.4322133076682	64.4954780799313	64.4954780799313	19	19	57
100	1	19	85.2232957863245	31.4322133076682	64.4954780799313	64.4954780799313	19	19	57
101	1	19	85.2232957863245	31.4322133076682	64.4954780799313	64.4954780799313	19	19	76
102	1	19	85.2232957863245	31.4322133076682	64.4954780799313	64.4954780799313	19	19	76
103	1	19	85.2232957863245	31.4322133076682	64.4954780799313	64.4954780799313	19	19	76
104	1	19	85.2232957863245	31.4322133076682	64.4954780799313	64.4954780799313	19	19	76
105	1	19	85.2232957863245	31.4322133076682	64.4954780799313	64.4954780799313	19	19	76
106	1	19	85.2232957863245	31.4322133076682	64.4954780799313	64.4954780799313	19	19	57
107	1	19	85.2232957863245	31.4322133076682	64.4954780799313	64.4954780799313	19	19	57
108	1	19	85.2232957863245	31.4322133076682	64.4954780799313	64.4954780799313	19	19	57
109	1	19	85.2232957863245	31.4322133076682	64.4954780799313	64.4954780799313	19	19	57
110	1	19	85.2232957863245	31.4322133076682	64.4954780799313	64.4954780799313	16	19	57
111	1	19	85.2232957863245	31.4322133076682	64.4954780799313	64.4954780799313	19	19	19
112	1	19	85.2232957863245	31.4322133076682	64.4954780799313	64.4954780799313	19	19	19
113	1	19	85.2232957863245	31.4322133076682	64.4954780799313	64.4954780799313	19	19	19
114	1	19	85.2232957863245	31.4322133076682	64.4954780799313	64.4954780799313	19	19	19
115	1	19	85.2232957863245	31.4322133076682	64.4954780799313	64.4954780799313	18	19	19
116	1	19	85.2232957863245	31.4322133076682	64.4954780799313	60.9738865861423	23	19	38
117	1	19	85.2232957863245	31.4322133076682	64.4954780799313	63.5102944460741	19	19	17
118	1	19	85.2232957863245	31.4322133076682	64.4954780799313	63.5102944460741	17	19	17
119	1	19	85.2232957863245	31.4322133076682	64.4954780799313	64.4954780799313	19	19	19
120	1	19	85.2232957863245	31.4322133076682	64.4954780799313	64.4954780799313	15	19	38
121	1	19	85.2232957863245	31.4322133076682	64.4954780799313	64.4954780799313	19	19	19
122	1	19	85.2232957863245	31.4322133076682	64.4954780799313	64.4954780799313	19	19	38
123	1	19	85.2232957863245	31.4322133076682	64.4954780799313	64.4954780799313	19	19	57
124	1	19	85.2232957863245	31.4322133076682	64.4954780799313	64.4954780799313	19	19	57
125	1	19	85.2232957863245	31.4322133076682	64.4954780799313	64.4954780799313	19	19	57
126	1	19	85.2232957863245	31.4322133076682	64.4954780799313	64.4954780799313	19	19	38
127	1	19	85.2232957863245	31.4322133076682	64.4954780799313	64.4954780799313	20	19	38
128	1	19	85.2232957863245	31.4322133076682	64.4954780799313	64.4954780799313	19	19	38
129	1	19	85.2232957863245	31.4322133076682	64.4954780799313	64.4954780799313	19	19	38
130	1	19	85.2232957863245	31.4322133076682	64.4954780799313	64.4954780799313	19	19	38
131	1	19	85.2232957863245	31.4322133076682	64.4954780799313	64.4954780799313	19	19	38
132	1	19	85.2232957863245	31.4322133076682	64.4954780799313	64.4954780799313	19	19	38
133	1	19	85.2232957863245	31.4322133076682	64.4954780799313	64.4954780799313	19	19	38
134	1	19	85.2232957863245	31.4322133076682	64.4954780799313	64.4954780799313	19	19	57
135	1	19	85.2232957863245	31.4322133076682	64.4954780799313	64.4954780799313	19	19	57
136	1	19	85.2232957863245	31.4322133076682	64.4954780799313	64.4954780799313	19	19	57
137	1	19	85.2232957863245	31.4322133076682	64.4954780799313	64.4954780799313	19	19	57
138	1	19	85.2232957863245	31.4322133076682	64.4954780799313	64.4954780799313	19	19	57
139	1	19	85.2232957863245	31.4322133076682	64.4954780799313	64.4954780799313	19	19	38
140	1	19	85.2232957863245	31.4322133076682	64.4954780799313	64.4954780799313	19	19	38
141	1	19	85.2232957863245	31.4322133076682	64.4954780799313	64.4954780799313	19	19	38
142	1	19	85.2232957863245	31.4322133076682	64.4954780799313	64.4954780799313	19	19	38
143	1	19	85.2232957863245	31.4322133076682	64.4954780799313	64.4954780799313	19	19	38
144	1	19	85.2232957863245	31.4322133076682	64.4954780799313	64.4954780799313	19	19	38
145	1	19	85.2232957863245	31.4322133076682	64.4954780799313	64.4954780799313	19	19	38
146	1	19	85.2232957863245	31.4322133076682	64.4954780799313	64.4954780799313	19	19	38
147	1	19	85.2232957863245	31.4322133076682	64.4954780799313	64.4954780799313	19	19	38
148	1	19	85.2232957863245	31.4322133076682	64.4954780799313	64.4954780799313	19	19	38
149	1	19	85.2232957863245	31.4322133076682	64.4954780799313	64.4954780799313	19	19	38
150	1	19	85.2232957863245	31.4322133076682	64.4954780799313	64.4954780799313	19	19	38
151	1	19	85.2232957863245	31.4322133076682	64.4954780799313	64.4954780799313	19	19	38
152	1	19	85.2232957863245	31.4322133076682	64.4954780799313	64.4954780799313	19	19	38
153	1	19	85.2232957863245	31.4322133076682	64.4954780799313	64.4954780799313	19	19	38
154	1	19	85.2232957863245	31.4322133076682	64.4954780799313	64.4954780799313	19	19	38
155	1	19	85.2232957863245	31.4322133076682	64.4954780799313	64.4954780799313	19	19	38
156	1	19	85.2232957863245	31.4322133076682	64.4954780799313	64.4954780799313	19	19	38
157	1	19	85.2232957863245	31.4322133076682	64.4954780799313	64.4954780799313	19	19	38
158	1	19	85.2232957863245	31.4322133076682	64.4954780799313	64.4954780799313	19	19	38
159	1	19	85.2232957863245	31.4322133076682	64.4954780799313	64.4954780799313	19	19	38
