"Iteration #"	"Inertia"	"Number of features"	"CV best"	"Permuted CV best"	"Global best fitness"	"Current best fitness"	"Number of features in current best agent"	"Number of features in global best"	"Number of features in local best"
1	1	20	78.9711445533934	42.6533869019905	173.591913257014	173.591913257014	12	20	20
2	1	20	78.9711445533934	42.6533869019905	173.591913257014	168.888063236653	8	20	12
3	1	15	82.7025520205681	47.013447832134	178.445520942171	178.445520942171	13	8	8
4	1	15	82.7025520205681	47.013447832134	178.445520942171	172.283938062874	15	8	12
5	1	9	80.8648049706843	43.7404046973794	180.831376366525	180.831376366525	8	12	12
6	1	9	80.8648049706843	43.7404046973794	180.831376366525	171.341010156114	7	12	7
7	1	9	80.8648049706843	43.7404046973794	180.831376366525	174.848342338072	10	12	12
8	1	9	80.8648049706843	43.7404046973794	180.831376366525	156.793835146273	7	12	13
9	1	9	80.8648049706843	43.7404046973794	180.831376366525	171.157548269961	9	12	11
10	1	13	82.7631462586879	43.5330571808405	189.377007889237	189.377007889237	16	17	17
11	1	13	82.7631462586879	43.5330571808405	189.377007889237	162.443595402143	9	17	10
12	1	12	83.0936138871037	44.2492650571498	194.221744149769	194.221744149769	8	9	9
13	1	12	83.0936138871037	44.2492650571498	194.221744149769	168.289505410807	12	9	9
14	1	12	83.0936138871037	44.2492650571498	194.221744149769	173.008140297676	6	9	6
15	1	12	83.0936138871037	44.2492650571498	194.221744149769	173.032374579356	12	9	12
16	1	12	83.0936138871037	44.2492650571498	194.221744149769	188.081853356583	8	9	8
17	1	10	82.9908815815386	42.11988164603	204.354999677543	204.354999677543	13	9	9
18	1	10	82.9908815815386	42.11988164603	204.354999677543	171.083490332811	5	9	5
19	1	10	82.9908815815386	42.11988164603	204.354999677543	172.207660654484	12	9	10
20	1	10	82.9908815815386	42.11988164603	204.354999677543	170.844588447176	7	9	12
21	1	10	82.9908815815386	42.11988164603	204.354999677543	188.686426405042	13	9	9
22	1	10	82.9908815815386	42.11988164603	204.354999677543	164.659540082522	11	9	10
23	1	10	82.9908815815386	42.11988164603	204.354999677543	192.974983055933	13	9	15
24	1	10	82.9908815815386	42.11988164603	204.354999677543	173.048872150909	11	9	10
25	1	10	82.9908815815386	42.11988164603	204.354999677543	181.187476277449	16	9	15
26	1	10	82.9908815815386	42.11988164603	204.354999677543	173.650967571534	14	9	14
27	1	10	82.9908815815386	42.11988164603	204.354999677543	170.043780554726	9	9	11
28	1	10	82.9908815815386	42.11988164603	204.354999677543	198.244133995099	12	9	12
29	1	10	82.9908815815386	42.11988164603	204.354999677543	188.35765219351	10	9	11
30	1	10	82.9908815815386	42.11988164603	204.354999677543	176.462054731339	8	9	7
31	1	10	82.9908815815386	42.11988164603	204.354999677543	182.680271157321	10	9	7
32	1	10	82.9908815815386	42.11988164603	204.354999677543	178.518203849309	13	9	9
33	1	10	82.9908815815386	42.11988164603	204.354999677543	168.695429226163	9	9	9
34	1	10	82.9908815815386	42.11988164603	204.354999677543	172.527746444033	9	9	10
35	1	10	82.9908815815386	42.11988164603	204.354999677543	166.764265382062	13	9	13
36	1	10	82.9908815815386	42.11988164603	204.354999677543	184.227095891757	12	9	10
37	1	10	82.9908815815386	42.11988164603	204.354999677543	183.344428000014	7	9	8
38	1	10	82.9908815815386	42.11988164603	204.354999677543	192.464482190518	11	9	11
39	1	10	82.9908815815386	42.11988164603	204.354999677543	192.759677321053	8	9	11
40	1	10	82.9908815815386	42.11988164603	204.354999677543	180.131292658688	9	9	10
41	1	10	82.9908815815386	42.11988164603	204.354999677543	184.334020501709	10	9	11
42	1	10	82.9908815815386	42.11988164603	204.354999677543	177.980355205997	8	9	9
43	1	10	82.9908815815386	42.11988164603	204.354999677543	173.484749384624	12	9	10
44	1	10	82.9908815815386	42.11988164603	204.354999677543	184.972918327039	13	9	9
45	1	10	82.9908815815386	42.11988164603	204.354999677543	194.125059334281	9	9	9
46	1	10	82.9908815815386	42.11988164603	204.354999677543	175.138164922137	11	9	10
47	1	10	82.9908815815386	42.11988164603	204.354999677543	189.178396634523	6	9	7
48	1	10	82.9908815815386	42.11988164603	204.354999677543	172.621445389475	8	9	8
49	1	10	82.9908815815386	42.11988164603	204.354999677543	186.744601633883	9	9	9
50	1	10	82.9908815815386	42.11988164603	204.354999677543	166.140081099891	9	9	9
51	1	10	82.9908815815386	42.11988164603	204.354999677543	196.890392116938	8	9	8
52	1	10	82.9908815815386	42.11988164603	204.354999677543	178.8398025729	9	9	9
53	1	10	82.9908815815386	42.11988164603	204.354999677543	195.819146407166	11	9	10
54	1	10	82.9908815815386	42.11988164603	204.354999677543	183.722528484676	9	9	9
55	1	10	82.9908815815386	42.11988164603	204.354999677543	190.53800253117	9	9	9
56	1	10	82.9908815815386	42.11988164603	204.354999677543	203.91711149874	9	9	9
57	1	10	82.9908815815386	42.11988164603	204.354999677543	178.61913378821	9	9	9
58	1	10	82.9908815815386	42.11988164603	204.354999677543	174.075539363663	9	9	9
59	1	10	82.9908815815386	42.11988164603	204.354999677543	185.377700630163	3	9	6
60	1	10	82.9908815815386	42.11988164603	204.354999677543	187.493880813574	9	9	9
61	1	10	82.9908815815386	42.11988164603	204.354999677543	176.916130176415	10	9	10
62	1	10	82.9908815815386	42.11988164603	204.354999677543	176.35766886547	9	9	9
63	1	10	82.9908815815386	42.11988164603	204.354999677543	172.655438277238	9	9	9
64	1	9	86.1571853028503	40.8595060277799	226.488396375352	226.488396375352	9	9	9
65	1	9	86.1571853028503	40.8595060277799	226.488396375352	181.384077830743	7	9	8
66	1	9	86.1571853028503	40.8595060277799	226.488396375352	190.388416528797	7	9	8
67	1	9	86.1571853028503	40.8595060277799	226.488396375352	187.328329752936	9	9	9
68	1	9	86.1571853028503	40.8595060277799	226.488396375352	196.792136176356	10	9	10
69	1	9	86.1571853028503	40.8595060277799	226.488396375352	187.801874793854	11	9	12
70	1	9	86.1571853028503	40.8595060277799	226.488396375352	188.220823175968	9	9	11
71	1	9	86.1571853028503	40.8595060277799	226.488396375352	188.511733792792	9	9	9
72	1	9	86.1571853028503	40.8595060277799	226.488396375352	203.528887806902	9	9	9
73	1	9	86.1571853028503	40.8595060277799	226.488396375352	204.433312122994	10	9	9
74	1	9	86.1571853028503	40.8595060277799	226.488396375352	189.484582487249	8	9	9
75	1	9	86.1571853028503	40.8595060277799	226.488396375352	187.807057579931	8	9	9
76	1	9	86.1571853028503	40.8595060277799	226.488396375352	186.493194906516	9	9	8
77	1	9	86.1571853028503	40.8595060277799	226.488396375352	216.268710070125	9	9	9
78	1	9	86.1571853028503	40.8595060277799	226.488396375352	169.105493953288	9	9	8
79	1	9	86.1571853028503	40.8595060277799	226.488396375352	183.839103406177	9	9	9
80	1	9	86.1571853028503	40.8595060277799	226.488396375352	204.006749957055	7	9	9
81	1	9	86.1571853028503	40.8595060277799	226.488396375352	178.946975235267	9	9	9
82	1	9	86.1571853028503	40.8595060277799	226.488396375352	176.197064622967	10	9	10
83	1	9	86.1571853028503	40.8595060277799	226.488396375352	176.221686747295	9	9	7
84	1	9	86.1571853028503	40.8595060277799	226.488396375352	186.737505093678	8	9	8
85	1	9	86.1571853028503	40.8595060277799	226.488396375352	180.751780042674	8	9	8
86	1	9	86.1571853028503	40.8595060277799	226.488396375352	197.328186900082	9	9	9
87	1	9	86.1571853028503	40.8595060277799	226.488396375352	190.002417927217	7	9	8
88	1	9	86.1571853028503	40.8595060277799	226.488396375352	184.254211087324	9	9	10
89	1	9	86.1571853028503	40.8595060277799	226.488396375352	185.857556735103	9	9	9
90	1	9	86.1571853028503	40.8595060277799	226.488396375352	204.677308374574	9	9	9
91	1	9	86.1571853028503	40.8595060277799	226.488396375352	197.9252502011	8	9	8
92	1	9	86.1571853028503	40.8595060277799	226.488396375352	189.838265442159	9	9	7
93	1	9	86.1571853028503	40.8595060277799	226.488396375352	177.659782076715	5	9	7
94	1	9	86.1571853028503	40.8595060277799	226.488396375352	183.214000628812	9	9	9
95	1	9	86.1571853028503	40.8595060277799	226.488396375352	182.009657471937	10	9	7
96	1	9	86.1571853028503	40.8595060277799	226.488396375352	197.715361098255	8	9	8
97	1	9	86.1571853028503	40.8595060277799	226.488396375352	202.181630509353	10	9	9
98	1	9	86.1571853028503	40.8595060277799	226.488396375352	199.241685386494	8	9	9
99	1	9	86.1571853028503	40.8595060277799	226.488396375352	196.372763107336	9	9	9
100	1	9	86.1571853028503	40.8595060277799	226.488396375352	178.537569625167	8	9	7
101	1	9	86.1571853028503	40.8595060277799	226.488396375352	174.423850367231	9	9	9
102	1	9	86.1571853028503	40.8595060277799	226.488396375352	176.634324603666	9	9	9
103	1	9	86.1571853028503	40.8595060277799	226.488396375352	202.443853117085	9	9	9
104	1	9	86.1571853028503	40.8595060277799	226.488396375352	186.549530689876	9	9	9
105	1	9	86.1571853028503	40.8595060277799	226.488396375352	199.548400863286	9	9	9
106	1	9	86.1571853028503	40.8595060277799	226.488396375352	188.922446491635	8	9	9
107	1	9	86.1571853028503	40.8595060277799	226.488396375352	189.47243652528	9	9	9
108	1	9	86.1571853028503	40.8595060277799	226.488396375352	181.695442285514	9	9	9
109	1	9	86.1571853028503	40.8595060277799	226.488396375352	196.605101144452	9	9	9
110	1	9	86.1571853028503	40.8595060277799	226.488396375352	194.399977700206	9	9	8
111	1	9	86.1571853028503	40.8595060277799	226.488396375352	216.520065169523	10	9	8
112	1	9	86.1571853028503	40.8595060277799	226.488396375352	215.2072450208	9	9	9
113	1	9	86.1571853028503	40.8595060277799	226.488396375352	199.428098683485	9	9	9
114	1	9	86.1571853028503	40.8595060277799	226.488396375352	188.148189195791	9	9	9
115	1	9	86.1571853028503	40.8595060277799	226.488396375352	188.248502657313	9	9	9
116	1	9	86.1571853028503	40.8595060277799	226.488396375352	167.38894367366	9	9	8
117	1	9	86.1571853028503	40.8595060277799	226.488396375352	184.75400202374	9	9	9
118	1	9	86.1571853028503	40.8595060277799	226.488396375352	193.659306217494	9	9	9
119	1	9	86.1571853028503	40.8595060277799	226.488396375352	196.712168490908	8	9	9
120	1	9	86.1571853028503	40.8595060277799	226.488396375352	179.420457094877	9	9	9
121	1	9	86.1571853028503	40.8595060277799	226.488396375352	176.840943936987	8	9	8
122	1	9	86.1571853028503	40.8595060277799	226.488396375352	189.384225412512	8	9	8
123	1	9	86.1571853028503	40.8595060277799	226.488396375352	191.723475279724	9	9	9
124	1	9	86.1571853028503	40.8595060277799	226.488396375352	197.389974013732	9	9	9
125	1	9	86.1571853028503	40.8595060277799	226.488396375352	181.253291164967	9	9	9
126	1	9	86.1571853028503	40.8595060277799	226.488396375352	190.545893983634	9	9	9
127	1	9	86.1571853028503	40.8595060277799	226.488396375352	178.101671165403	8	9	9
128	1	9	86.1571853028503	40.8595060277799	226.488396375352	194.014686802367	9	9	9
129	1	9	86.1571853028503	40.8595060277799	226.488396375352	194.663022542398	7	9	9
130	1	9	86.1571853028503	40.8595060277799	226.488396375352	219.534187089918	8	9	9
131	1	9	86.1571853028503	40.8595060277799	226.488396375352	198.431081022386	8	9	7
132	1	9	86.1571853028503	40.8595060277799	226.488396375352	216.424361348919	9	9	9
133	1	9	86.1571853028503	40.8595060277799	226.488396375352	175.835815663117	8	9	9
134	1	9	86.1571853028503	40.8595060277799	226.488396375352	205.13341552545	9	9	9
135	1	9	86.1571853028503	40.8595060277799	226.488396375352	179.325404393733	8	9	9
136	1	9	86.1571853028503	40.8595060277799	226.488396375352	206.392660603878	9	9	8
137	1	9	86.1571853028503	40.8595060277799	226.488396375352	198.498923647677	9	9	9
138	1	9	86.1571853028503	40.8595060277799	226.488396375352	224.227682995671	8	9	9
139	1	9	86.1571853028503	40.8595060277799	226.488396375352	176.590755237457	9	9	9
140	1	9	86.1571853028503	40.8595060277799	226.488396375352	178.948151026709	9	9	9
141	1	9	86.1571853028503	40.8595060277799	226.488396375352	183.251888443274	9	9	8
142	1	9	86.1571853028503	40.8595060277799	226.488396375352	178.968963989765	9	9	9
143	1	9	86.1571853028503	40.8595060277799	226.488396375352	181.354112313317	9	9	9
144	1	9	86.1571853028503	40.8595060277799	226.488396375352	190.346661868344	9	9	9
145	1	9	86.1571853028503	40.8595060277799	226.488396375352	198.684310629335	8	9	9
146	1	9	86.1571853028503	40.8595060277799	226.488396375352	181.954258352682	9	9	9
147	1	9	86.1571853028503	40.8595060277799	226.488396375352	195.044998024781	10	9	9
148	1	9	86.1571853028503	40.8595060277799	226.488396375352	214.000558672174	9	9	9
149	1	9	86.1571853028503	40.8595060277799	226.488396375352	205.606507666361	10	9	9
150	1	9	86.1571853028503	40.8595060277799	226.488396375352	191.101284082087	9	9	9
151	1	9	86.1571853028503	40.8595060277799	226.488396375352	186.898648941697	8	9	9
152	1	9	86.1571853028503	40.8595060277799	226.488396375352	196.31530692677	9	9	9
153	1	9	86.1571853028503	40.8595060277799	226.488396375352	187.180656215991	9	9	9
154	1	9	86.1571853028503	40.8595060277799	226.488396375352	198.771420347606	9	9	9
155	1	9	86.1571853028503	40.8595060277799	226.488396375352	189.896132416817	9	9	10
156	1	9	86.1571853028503	40.8595060277799	226.488396375352	192.334923143653	9	9	9
157	1	9	86.1571853028503	40.8595060277799	226.488396375352	200.491218212557	9	9	9
158	1	9	86.1571853028503	40.8595060277799	226.488396375352	209.062686898738	8	9	9
159	1	9	86.1571853028503	40.8595060277799	226.488396375352	181.365696829379	9	9	8
160	1	9	86.1571853028503	40.8595060277799	226.488396375352	191.895868550874	9	9	9
161	1	9	86.1571853028503	40.8595060277799	226.488396375352	183.521850397626	8	9	8
162	1	9	86.1571853028503	40.8595060277799	226.488396375352	180.104474526732	9	9	9
163	1	9	86.1571853028503	40.8595060277799	226.488396375352	199.787550312488	9	9	8
164	1	9	86.1571853028503	40.8595060277799	226.488396375352	186.436365913702	9	9	9
165	1	9	86.1571853028503	40.8595060277799	226.488396375352	183.745031739333	8	9	8
166	1	9	86.1571853028503	40.8595060277799	226.488396375352	175.243672787063	6	9	8
167	1	9	86.1571853028503	40.8595060277799	226.488396375352	212.110758447838	9	9	9
168	1	9	86.1571853028503	40.8595060277799	226.488396375352	206.062909126436	8	9	8
169	1	9	86.1571853028503	40.8595060277799	226.488396375352	221.628438984311	9	9	9
170	1	9	86.1571853028503	40.8595060277799	226.488396375352	195.894902711883	9	9	9
171	1	9	86.1571853028503	40.8595060277799	226.488396375352	175.540616369106	9	9	9
172	1	9	86.1571853028503	40.8595060277799	226.488396375352	206.675811169731	9	9	9
173	1	9	86.1571853028503	40.8595060277799	226.488396375352	191.797402635523	9	9	9
174	1	7	82.6743830478976	36.1609144987862	232.567342745557	232.567342745557	9	9	9
175	1	7	82.6743830478976	36.1609144987862	232.567342745557	207.888598570371	7	9	7
176	1	7	82.6743830478976	36.1609144987862	232.567342745557	192.135615327132	8	9	9
177	1	7	82.6743830478976	36.1609144987862	232.567342745557	177.071554008171	9	9	9
178	1	7	82.6743830478976	36.1609144987862	232.567342745557	185.22469935216	9	9	9
179	1	7	82.6743830478976	36.1609144987862	232.567342745557	166.608908028689	9	9	9
180	1	7	82.6743830478976	36.1609144987862	232.567342745557	198.723638554061	7	9	8
181	1	7	82.6743830478976	36.1609144987862	232.567342745557	169.15672006669	6	9	7
182	1	7	82.6743830478976	36.1609144987862	232.567342745557	174.306422775523	9	9	9
183	1	7	82.6743830478976	36.1609144987862	232.567342745557	185.232455127068	9	9	9
184	1	7	82.6743830478976	36.1609144987862	232.567342745557	180.282435806537	9	9	9
185	1	7	82.6743830478976	36.1609144987862	232.567342745557	186.929656669916	7	9	7
186	1	7	82.6743830478976	36.1609144987862	232.567342745557	193.417684899571	9	9	9
187	1	7	82.6743830478976	36.1609144987862	232.567342745557	196.263587178322	9	9	9
188	1	7	82.6743830478976	36.1609144987862	232.567342745557	204.427442715187	9	9	9
189	1	7	82.6743830478976	36.1609144987862	232.567342745557	176.136374053093	9	9	9
190	1	7	82.6743830478976	36.1609144987862	232.567342745557	185.478594912761	7	9	8
191	1	7	82.6743830478976	36.1609144987862	232.567342745557	194.239419021128	9	9	8
192	1	7	82.6743830478976	36.1609144987862	232.567342745557	187.721990744961	9	9	9
193	1	7	82.6743830478976	36.1609144987862	232.567342745557	193.978596486247	9	9	8
194	1	7	82.6743830478976	36.1609144987862	232.567342745557	185.886003784471	9	9	9
195	1	7	82.6743830478976	36.1609144987862	232.567342745557	178.840473774461	9	9	9
196	1	7	82.6743830478976	36.1609144987862	232.567342745557	188.218647176599	7	9	8
197	1	7	82.6743830478976	36.1609144987862	232.567342745557	210.919483352459	8	9	9
198	1	7	82.6743830478976	36.1609144987862	232.567342745557	184.691307841705	8	9	8
199	1	7	82.6743830478976	36.1609144987862	232.567342745557	176.441523972878	9	9	9
200	1	7	82.6743830478976	36.1609144987862	232.567342745557	177.35062399571	8	9	8
201	1	7	82.6743830478976	36.1609144987862	232.567342745557	191.62504570128	9	9	9
202	1	7	82.6743830478976	36.1609144987862	232.567342745557	180.754548374056	9	9	9
203	1	7	82.6743830478976	36.1609144987862	232.567342745557	183.287618016279	8	9	9
204	1	7	82.6743830478976	36.1609144987862	232.567342745557	183.916126265119	9	9	9
205	1	7	82.6743830478976	36.1609144987862	232.567342745557	189.574505179183	9	9	9
206	1	7	82.6743830478976	36.1609144987862	232.567342745557	187.921927525083	10	9	9
207	1	7	82.6743830478976	36.1609144987862	232.567342745557	196.61913712704	9	9	9
208	1	7	82.6743830478976	36.1609144987862	232.567342745557	197.807913419449	9	9	9
209	1	7	82.6743830478976	36.1609144987862	232.567342745557	194.843893564092	8	9	7
210	1	7	82.6743830478976	36.1609144987862	232.567342745557	183.239390774931	9	9	9
211	1	7	82.6743830478976	36.1609144987862	232.567342745557	184.861270827049	9	9	8
212	1	7	82.6743830478976	36.1609144987862	232.567342745557	191.629060849536	9	9	9
213	1	7	82.6743830478976	36.1609144987862	232.567342745557	176.349061441604	9	9	9
214	1	7	82.6743830478976	36.1609144987862	232.567342745557	186.384891917765	9	9	8
215	1	7	82.6743830478976	36.1609144987862	232.567342745557	182.984839291395	9	9	9
216	1	7	82.6743830478976	36.1609144987862	232.567342745557	195.413462022303	9	9	8
217	1	7	82.6743830478976	36.1609144987862	232.567342745557	192.955857079107	9	9	7
218	1	7	82.6743830478976	36.1609144987862	232.567342745557	175.770795380578	9	9	9
219	1	7	82.6743830478976	36.1609144987862	232.567342745557	197.360884211412	9	9	8
220	1	7	82.6743830478976	36.1609144987862	232.567342745557	187.599187363054	9	9	9
221	1	7	82.6743830478976	36.1609144987862	232.567342745557	207.09228439727	9	9	9
222	1	7	82.6743830478976	36.1609144987862	232.567342745557	178.547466213191	9	9	9
223	1	7	82.6743830478976	36.1609144987862	232.567342745557	190.299085963895	9	9	9
224	1	7	82.6743830478976	36.1609144987862	232.567342745557	199.526894360216	8	9	9
225	1	7	82.6743830478976	36.1609144987862	232.567342745557	173.560228162448	9	9	9
226	1	7	82.6743830478976	36.1609144987862	232.567342745557	198.775634797033	9	9	9
227	1	7	82.6743830478976	36.1609144987862	232.567342745557	194.65603274953	8	9	9
228	1	7	82.6743830478976	36.1609144987862	232.567342745557	174.109982640565	9	9	9
229	1	7	82.6743830478976	36.1609144987862	232.567342745557	206.022748536956	9	9	9
230	1	7	82.6743830478976	36.1609144987862	232.567342745557	184.319000084057	9	9	9
231	1	7	82.6743830478976	36.1609144987862	232.567342745557	166.414487259411	8	9	9
232	1	7	82.6743830478976	36.1609144987862	232.567342745557	189.906208264764	9	9	9
233	1	7	82.6743830478976	36.1609144987862	232.567342745557	186.473992164551	9	9	9
234	1	7	82.6743830478976	36.1609144987862	232.567342745557	194.910799199939	9	9	9
235	1	7	82.6743830478976	36.1609144987862	232.567342745557	185.402454631303	9	9	9
236	1	7	82.6743830478976	36.1609144987862	232.567342745557	186.88087877833	8	9	9
237	1	7	82.6743830478976	36.1609144987862	232.567342745557	202.78950932596	9	9	9
238	1	7	82.6743830478976	36.1609144987862	232.567342745557	206.738166028136	9	9	9
239	1	7	82.6743830478976	36.1609144987862	232.567342745557	195.330665093459	9	9	9
240	1	7	82.6743830478976	36.1609144987862	232.567342745557	213.644398118853	9	9	9
241	1	7	82.6743830478976	36.1609144987862	232.567342745557	206.745530225077	9	9	9
242	1	7	82.6743830478976	36.1609144987862	232.567342745557	196.118240385342	9	9	8
243	1	7	82.6743830478976	36.1609144987862	232.567342745557	201.324845094371	9	9	9
244	1	7	82.6743830478976	36.1609144987862	232.567342745557	178.669580627793	9	9	9
245	1	7	82.6743830478976	36.1609144987862	232.567342745557	185.02014560464	9	9	10
246	1	7	82.6743830478976	36.1609144987862	232.567342745557	185.457951004322	9	9	9
247	1	7	82.6743830478976	36.1609144987862	232.567342745557	213.378624680181	9	9	9
248	1	7	82.6743830478976	36.1609144987862	232.567342745557	177.676680452771	8	9	9
249	1	7	82.6743830478976	36.1609144987862	232.567342745557	201.368039151155	9	9	9
250	1	7	82.6743830478976	36.1609144987862	232.567342745557	181.121083798243	8	9	9
251	1	7	82.6743830478976	36.1609144987862	232.567342745557	188.862105303193	9	9	10
252	1	7	82.6743830478976	36.1609144987862	232.567342745557	173.7275242371	9	9	8
253	1	7	82.6743830478976	36.1609144987862	232.567342745557	185.801964277939	9	9	9
254	1	7	82.6743830478976	36.1609144987862	232.567342745557	207.481885542917	9	9	9
255	1	7	82.6743830478976	36.1609144987862	232.567342745557	198.318506568531	10	9	9
256	1	7	82.6743830478976	36.1609144987862	232.567342745557	198.134957996169	9	9	9
257	1	7	82.6743830478976	36.1609144987862	232.567342745557	192.848389538842	9	9	9
258	1	7	82.6743830478976	36.1609144987862	232.567342745557	194.884526538688	9	9	9
259	1	7	82.6743830478976	36.1609144987862	232.567342745557	206.337421855119	9	9	9
260	1	7	82.6743830478976	36.1609144987862	232.567342745557	195.237798483359	9	9	9
261	1	7	82.6743830478976	36.1609144987862	232.567342745557	199.650530868883	7	9	7
262	1	7	82.6743830478976	36.1609144987862	232.567342745557	199.223528115079	9	9	9
263	1	7	82.6743830478976	36.1609144987862	232.567342745557	171.538453044181	9	9	9
264	1	7	82.6743830478976	36.1609144987862	232.567342745557	209.311428479598	9	9	9
265	1	7	82.6743830478976	36.1609144987862	232.567342745557	174.139491065119	9	9	9
266	1	7	82.6743830478976	36.1609144987862	232.567342745557	176.498407446503	9	9	9
267	1	7	82.6743830478976	36.1609144987862	232.567342745557	184.194482983695	9	9	9
268	1	7	82.6743830478976	36.1609144987862	232.567342745557	177.741422286138	9	9	9
269	1	7	82.6743830478976	36.1609144987862	232.567342745557	193.994209706713	9	9	9
270	1	7	82.6743830478976	36.1609144987862	232.567342745557	187.528104870008	9	9	9
271	1	7	82.6743830478976	36.1609144987862	232.567342745557	201.263792751482	8	9	8
272	1	7	82.6743830478976	36.1609144987862	232.567342745557	196.490523475781	9	9	9
273	1	7	82.6743830478976	36.1609144987862	232.567342745557	204.110180158658	9	9	9
274	1	7	82.6743830478976	36.1609144987862	232.567342745557	196.9181318425	9	9	10
275	1	7	82.6743830478976	36.1609144987862	232.567342745557	185.739895533309	9	9	9
276	1	7	82.6743830478976	36.1609144987862	232.567342745557	178.581593334451	9	9	9
277	1	7	82.6743830478976	36.1609144987862	232.567342745557	189.070518348017	8	9	8
278	1	7	82.6743830478976	36.1609144987862	232.567342745557	186.381991584758	9	9	8
279	1	7	82.6743830478976	36.1609144987862	232.567342745557	190.964913554565	9	9	9
280	1	7	82.6743830478976	36.1609144987862	232.567342745557	197.790932938085	9	9	9
281	1	7	82.6743830478976	36.1609144987862	232.567342745557	188.081146340757	9	9	9
282	1	7	82.6743830478976	36.1609144987862	232.567342745557	202.687636959675	8	9	8
283	1	7	82.6743830478976	36.1609144987862	232.567342745557	206.961516563977	9	9	9
284	1	7	82.6743830478976	36.1609144987862	232.567342745557	183.431095652798	9	9	9
285	1	7	82.6743830478976	36.1609144987862	232.567342745557	189.748399793029	9	9	9
286	1	7	82.6743830478976	36.1609144987862	232.567342745557	177.086648975855	9	9	9
287	1	7	82.6743830478976	36.1609144987862	232.567342745557	201.835797508365	9	9	9
288	1	7	82.6743830478976	36.1609144987862	232.567342745557	194.166388591681	8	9	9
289	1	7	82.6743830478976	36.1609144987862	232.567342745557	200.646649989345	9	9	9
290	1	7	82.6743830478976	36.1609144987862	232.567342745557	192.42301031481	9	9	9
291	1	7	82.6743830478976	36.1609144987862	232.567342745557	185.513525698938	9	9	9
292	1	7	82.6743830478976	36.1609144987862	232.567342745557	191.168782196178	9	9	9
293	1	7	82.6743830478976	36.1609144987862	232.567342745557	179.037364692326	9	9	9
294	1	7	82.6743830478976	36.1609144987862	232.567342745557	195.103025387201	9	9	9
295	1	7	82.6743830478976	36.1609144987862	232.567342745557	214.694174412299	8	9	9
296	1	7	82.6743830478976	36.1609144987862	232.567342745557	189.914070477777	9	9	9
297	1	7	82.6743830478976	36.1609144987862	232.567342745557	189.809668127942	8	9	9
298	1	7	82.6743830478976	36.1609144987862	232.567342745557	200.99052364223	9	9	9
299	1	7	82.6743830478976	36.1609144987862	232.567342745557	182.084311798193	9	9	9
300	1	7	82.6743830478976	36.1609144987862	232.567342745557	201.083964658588	9	9	9
301	1	7	82.6743830478976	36.1609144987862	232.567342745557	205.949871101625	9	9	9
302	1	7	82.6743830478976	36.1609144987862	232.567342745557	219.402852194852	9	9	9
303	1	7	82.6743830478976	36.1609144987862	232.567342745557	185.647429084982	9	9	9
304	1	7	82.6743830478976	36.1609144987862	232.567342745557	182.213836336585	9	9	9
305	1	7	82.6743830478976	36.1609144987862	232.567342745557	179.429550417405	9	9	9
306	1	7	82.6743830478976	36.1609144987862	232.567342745557	173.088423488725	7	9	9
307	1	7	82.6743830478976	36.1609144987862	232.567342745557	184.702470143319	9	9	9
308	1	7	82.6743830478976	36.1609144987862	232.567342745557	179.812063025165	9	9	9
309	1	7	82.6743830478976	36.1609144987862	232.567342745557	182.500830715864	9	9	9
310	1	7	82.6743830478976	36.1609144987862	232.567342745557	203.694017530427	8	9	9
311	1	7	82.6743830478976	36.1609144987862	232.567342745557	206.51900771531	9	9	9
312	1	7	82.6743830478976	36.1609144987862	232.567342745557	183.997799576191	8	9	8
313	1	7	82.6743830478976	36.1609144987862	232.567342745557	183.556249572358	9	9	8
314	1	7	82.6743830478976	36.1609144987862	232.567342745557	184.989061834883	9	9	9
315	1	7	82.6743830478976	36.1609144987862	232.567342745557	183.466183011661	9	9	9
316	1	7	82.6743830478976	36.1609144987862	232.567342745557	198.32259906505	8	9	8
317	1	7	82.6743830478976	36.1609144987862	232.567342745557	188.039552428781	9	9	9
318	1	7	82.6743830478976	36.1609144987862	232.567342745557	199.535543371694	8	9	7
319	1	7	82.6743830478976	36.1609144987862	232.567342745557	194.453248298529	9	9	9
320	1	7	82.6743830478976	36.1609144987862	232.567342745557	184.330551494122	9	9	9
321	1	7	82.6743830478976	36.1609144987862	232.567342745557	212.02468327834	9	9	9
322	1	7	82.6743830478976	36.1609144987862	232.567342745557	173.865573210722	9	9	9
323	1	7	82.6743830478976	36.1609144987862	232.567342745557	184.613350256913	9	9	9
324	1	7	82.6743830478976	36.1609144987862	232.567342745557	184.906578738535	9	9	9
325	1	7	82.6743830478976	36.1609144987862	232.567342745557	192.494731397599	8	9	8
326	1	7	82.6743830478976	36.1609144987862	232.567342745557	209.831508298345	8	9	8
327	1	7	82.6743830478976	36.1609144987862	232.567342745557	198.662450432353	9	9	9
328	1	7	82.6743830478976	36.1609144987862	232.567342745557	188.358953931317	9	9	9
329	1	7	82.6743830478976	36.1609144987862	232.567342745557	218.035120212967	9	9	9
330	1	7	82.6743830478976	36.1609144987862	232.567342745557	198.631985344005	9	9	9
331	1	7	82.6743830478976	36.1609144987862	232.567342745557	198.820508433532	9	9	9
332	1	7	82.6743830478976	36.1609144987862	232.567342745557	179.54207726612	9	9	9
333	1	7	82.6743830478976	36.1609144987862	232.567342745557	188.251863109513	9	9	9
334	1	7	82.6743830478976	36.1609144987862	232.567342745557	198.329112455504	9	9	9
335	1	7	82.6743830478976	36.1609144987862	232.567342745557	198.717481463501	9	9	8
336	1	7	82.6743830478976	36.1609144987862	232.567342745557	193.570650578146	9	9	9
337	1	7	82.6743830478976	36.1609144987862	232.567342745557	205.357504364436	8	9	9
338	1	7	82.6743830478976	36.1609144987862	232.567342745557	185.01650362428	8	9	9
339	1	7	82.6743830478976	36.1609144987862	232.567342745557	191.386589685616	9	9	9
340	1	7	82.6743830478976	36.1609144987862	232.567342745557	186.092186269532	9	9	9
341	1	7	82.6743830478976	36.1609144987862	232.567342745557	189.570100389229	9	9	9
342	1	7	82.6743830478976	36.1609144987862	232.567342745557	215.330036665647	7	9	9
343	1	7	82.6743830478976	36.1609144987862	232.567342745557	188.918191420149	9	9	11
344	1	7	82.6743830478976	36.1609144987862	232.567342745557	192.922289011607	7	9	9
345	1	7	82.6743830478976	36.1609144987862	232.567342745557	192.514314301832	9	9	9
346	1	7	82.6743830478976	36.1609144987862	232.567342745557	188.618309833078	8	9	9
347	1	7	82.6743830478976	36.1609144987862	232.567342745557	201.182947014959	8	9	8
348	1	7	82.6743830478976	36.1609144987862	232.567342745557	218.272673952632	8	9	9
349	1	7	82.6743830478976	36.1609144987862	232.567342745557	200.114990074337	9	9	9
350	1	7	82.6743830478976	36.1609144987862	232.567342745557	194.847190357227	8	9	8
351	1	7	82.6743830478976	36.1609144987862	232.567342745557	186.599092165084	9	9	9
352	1	7	82.6743830478976	36.1609144987862	232.567342745557	187.107348571017	8	9	9
353	1	7	82.6743830478976	36.1609144987862	232.567342745557	179.387088967206	7	9	7
354	1	7	82.6743830478976	36.1609144987862	232.567342745557	201.190786756878	6	9	7
355	1	7	82.6743830478976	36.1609144987862	232.567342745557	177.678043175908	8	9	8
356	1	7	82.6743830478976	36.1609144987862	232.567342745557	191.400645979913	9	9	9
357	1	7	82.6743830478976	36.1609144987862	232.567342745557	192.035359921796	8	9	9
358	1	7	82.6743830478976	36.1609144987862	232.567342745557	175.828221214277	8	9	8
359	1	7	82.6743830478976	36.1609144987862	232.567342745557	200.117673693205	9	9	9
360	1	7	82.6743830478976	36.1609144987862	232.567342745557	174.126860525248	9	9	9
361	1	7	82.6743830478976	36.1609144987862	232.567342745557	172.345809796505	8	9	9
362	1	7	82.6743830478976	36.1609144987862	232.567342745557	208.04102813669	9	9	9
363	1	7	82.6743830478976	36.1609144987862	232.567342745557	189.831458349829	8	9	8
364	1	7	82.6743830478976	36.1609144987862	232.567342745557	188.972185301512	7	9	8
365	1	7	82.6743830478976	36.1609144987862	232.567342745557	202.557700055922	10	9	9
366	1	7	82.6743830478976	36.1609144987862	232.567342745557	194.470122725557	9	9	9
367	1	7	82.6743830478976	36.1609144987862	232.567342745557	186.924906594931	9	9	9
368	1	7	82.6743830478976	36.1609144987862	232.567342745557	192.826832358873	10	9	9
369	1	7	82.6743830478976	36.1609144987862	232.567342745557	208.20150336265	8	9	9
370	1	7	82.6743830478976	36.1609144987862	232.567342745557	199.424522171894	9	9	9
371	1	7	82.6743830478976	36.1609144987862	232.567342745557	191.405238891838	8	9	9
372	1	7	82.6743830478976	36.1609144987862	232.567342745557	189.811683560621	8	9	9
373	1	7	82.6743830478976	36.1609144987862	232.567342745557	180.512680705701	9	9	8
374	1	7	82.6743830478976	36.1609144987862	232.567342745557	186.838974216374	9	9	9
375	1	7	82.6743830478976	36.1609144987862	232.567342745557	214.880702253476	9	9	9
376	1	7	82.6743830478976	36.1609144987862	232.567342745557	187.397794584434	9	9	9
377	1	7	82.6743830478976	36.1609144987862	232.567342745557	196.338422167499	8	9	9
