"Iteration #"	"Inertia"	"Number of features"	"CV best"	"Permuted CV best"	"Global best fitness"	"Current best fitness"	"Number of features in current best agent"	"Number of features in global best"	"Number of features in local best"
1	0.466666666666667	44	75.7923546303101	50.1832079706814	-51.4755618648452	-51.4755618648452	22	44	44
2	0.5	16	80.5492825511779	51.9067101376541	57.6784664582375	57.6784664582375	32	21	21
3	0.6	16	80.5492825511779	51.9067101376541	57.6784664582375	44.4747134377185	19	21	17
4	0.475	16	80.5492825511779	51.9067101376541	57.6784664582375	51.6233122712784	14	21	19
5	0.52	22	77.5085219745989	43.3717872533222	66.1471963321284	66.1471963321284	16	14	14
6	0.466666666666667	22	77.5085219745989	43.3717872533222	66.1471963321284	53.7027187947667	24	14	22
7	0.466666666666667	22	77.5085219745989	43.3717872533222	66.1471963321284	50.6809396013924	8	14	14
8	0.6	22	77.5085219745989	43.3717872533222	66.1471963321284	49.0351989043445	23	14	21
9	0.55	22	77.5085219745989	43.3717872533222	66.1471963321284	57.9017379268766	17	14	18
10	0.52	22	77.5085219745989	43.3717872533222	66.1471963321284	44.4676189891475	30	14	21
11	0.46	22	77.5085219745989	43.3717872533222	66.1471963321284	-1e+21	21	14	32
12	0.485714285714286	22	77.5085219745989	43.3717872533222	66.1471963321284	32.8682500448901	25	14	19
13	0.52	22	77.5085219745989	43.3717872533222	66.1471963321284	44.4895713834598	10	14	14
14	0.466666666666667	22	77.5085219745989	43.3717872533222	66.1471963321284	52.9481895433294	33	14	19
15	0.46	22	77.5085219745989	43.3717872533222	66.1471963321284	40.1611172037134	11	14	16
16	0.475	22	77.5085219745989	43.3717872533222	66.1471963321284	52.6442217540178	25	14	21
17	0.46	22	77.5085219745989	43.3717872533222	66.1471963321284	-1e+21	21	14	30
18	0.485714285714286	22	77.5085219745989	43.3717872533222	66.1471963321284	48.726259454472	23	14	21
19	0.55	22	77.5085219745989	43.3717872533222	66.1471963321284	54.4050840645127	18	14	19
20	0.485714285714286	22	77.5085219745989	43.3717872533222	66.1471963321284	29.8991273461728	21	14	18
21	0.475	22	77.5085219745989	43.3717872533222	66.1471963321284	59.1435370668527	21	14	21
22	1	22	80.7796685322239	46.9414761199951	68.3359491697364	68.3359491697364	23	22	22
23	0.5	22	80.7796685322239	46.9414761199951	68.3359491697364	38.3234257933146	27	22	20
24	0.46	22	80.7796685322239	46.9414761199951	68.3359491697364	55.0408318343968	26	22	15
25	0.46	22	80.7796685322239	46.9414761199951	68.3359491697364	60.5236266389997	22	22	20
26	0.485714285714286	22	80.7796685322239	46.9414761199951	68.3359491697364	54.4948155359037	22	22	20
27	0.46	22	80.7796685322239	46.9414761199951	68.3359491697364	59.6865080588849	27	22	21
28	0.485714285714286	22	80.7796685322239	46.9414761199951	68.3359491697364	-1e+21	20	22	26
29	0.55	22	80.7796685322239	46.9414761199951	68.3359491697364	46.6712244749895	25	22	17
30	0.485714285714286	22	80.7796685322239	46.9414761199951	68.3359491697364	53.2858771436347	11	22	17
31	0.6	22	80.7796685322239	46.9414761199951	68.3359491697364	58.9239286410562	14	22	18
32	0.485714285714286	22	80.7796685322239	46.9414761199951	68.3359491697364	65.4608449277417	15	22	18
33	0.52	22	80.7796685322239	46.9414761199951	68.3359491697364	55.7156680709026	12	22	20
34	0.52	22	80.7796685322239	46.9414761199951	68.3359491697364	-1e+21	17	22	20
35	0.466666666666667	22	80.7796685322239	46.9414761199951	68.3359491697364	45.3807280218348	20	22	15
36	0.466666666666667	22	80.7796685322239	46.9414761199951	68.3359491697364	46.4230063390589	17	22	17
37	0.46	22	80.7796685322239	46.9414761199951	68.3359491697364	52.4692736202966	14	22	17
38	0.55	20	79.7058375398627	44.0904585008103	70.9688403901838	70.9688403901838	31	22	22
39	0.55	20	79.7058375398627	44.0904585008103	70.9688403901838	53.3501771530405	11	22	15
40	0.46	20	79.7058375398627	44.0904585008103	70.9688403901838	57.3633541528425	16	22	16
41	0.475	20	79.7058375398627	44.0904585008103	70.9688403901838	42.6523806536819	15	22	15
42	0.475	20	79.7058375398627	44.0904585008103	70.9688403901838	67.4485825564031	28	22	22
43	0.6	20	79.7058375398627	44.0904585008103	70.9688403901838	69.0675059718534	16	22	16
44	0.46	20	79.7058375398627	44.0904585008103	70.9688403901838	-1e+21	21	22	22
45	0.6	20	79.7058375398627	44.0904585008103	70.9688403901838	51.1274202330497	24	22	21
46	0.6	20	79.7058375398627	44.0904585008103	70.9688403901838	50.1728642352143	14	22	19
47	0.6	20	79.7058375398627	44.0904585008103	70.9688403901838	43.9635791830852	17	22	19
48	0.55	20	79.7058375398627	44.0904585008103	70.9688403901838	62.5028565084882	18	22	19
49	0.475	20	79.7058375398627	44.0904585008103	70.9688403901838	41.0429792073478	18	22	16
50	0.475	20	79.7058375398627	44.0904585008103	70.9688403901838	-1e+21	25	22	26
51	0.52	20	79.7058375398627	44.0904585008103	70.9688403901838	49.0912734934014	20	22	22
52	0.55	20	79.7058375398627	44.0904585008103	70.9688403901838	56.1345200721371	26	22	20
53	0.7	20	79.7058375398627	44.0904585008103	70.9688403901838	70.6857358235616	24	22	21
54	0.475	20	79.7058375398627	44.0904585008103	70.9688403901838	48.9585599273113	28	22	22
55	0.7	20	79.7058375398627	44.0904585008103	70.9688403901838	41.9746228375978	21	22	20
56	0.5	20	79.7058375398627	44.0904585008103	70.9688403901838	-1e+21	25	22	30
57	0.5	20	79.7058375398627	44.0904585008103	70.9688403901838	-4.63694574105716	20	22	26
58	0.485714285714286	20	79.7058375398627	44.0904585008103	70.9688403901838	44.106260455695	22	22	20
59	0.475	20	79.7058375398627	44.0904585008103	70.9688403901838	58.4180235678689	22	22	21
60	0.5	20	79.7058375398627	44.0904585008103	70.9688403901838	46.2811262065324	30	22	21
61	0.6	20	79.7058375398627	44.0904585008103	70.9688403901838	45.0199391709617	25	22	13
62	0.55	20	79.7058375398627	44.0904585008103	70.9688403901838	-1e+21	27	22	29
63	0.475	20	79.7058375398627	44.0904585008103	70.9688403901838	37.3123590417623	23	22	18
64	0.6	20	79.7058375398627	44.0904585008103	70.9688403901838	16.220787314426	24	22	21
65	1	20	79.7058375398627	44.0904585008103	70.9688403901838	43.2119499325386	18	22	16
66	1	20	79.7058375398627	44.0904585008103	70.9688403901838	53.7399143305248	25	22	18
67	0.6	20	79.7058375398627	44.0904585008103	70.9688403901838	43.2780820985409	22	22	18
68	0.52	20	79.7058375398627	44.0904585008103	70.9688403901838	-1e+21	28	22	30
69	0.475	20	79.7058375398627	44.0904585008103	70.9688403901838	48.6495976380252	27	22	22
70	0.7	20	79.7058375398627	44.0904585008103	70.9688403901838	40.2600574331975	16	22	16
71	0.7	20	79.7058375398627	44.0904585008103	70.9688403901838	56.1497290972041	15	22	16
72	0.7	20	79.7058375398627	44.0904585008103	70.9688403901838	47.0466791632339	12	22	16
73	0.6	20	79.7058375398627	44.0904585008103	70.9688403901838	68.517173261331	13	22	12
74	0.6	20	79.7058375398627	44.0904585008103	70.9688403901838	-1e+21	20	22	27
75	0.466666666666667	20	79.7058375398627	44.0904585008103	70.9688403901838	40.1619929582306	21	22	17
76	0.46	20	79.7058375398627	44.0904585008103	70.9688403901838	40.711898089164	24	22	21
77	0.475	20	79.7058375398627	44.0904585008103	70.9688403901838	49.2287864161994	26	22	18
78	0.5	20	79.7058375398627	44.0904585008103	70.9688403901838	47.501916003698	25	22	21
79	0.46	20	79.7058375398627	44.0904585008103	70.9688403901838	49.2244813930177	26	22	18
80	0.5	20	79.7058375398627	44.0904585008103	70.9688403901838	-1e+21	20	22	24
81	0.485714285714286	20	79.7058375398627	44.0904585008103	70.9688403901838	59.5838667754943	24	22	20
82	0.52	20	79.7058375398627	44.0904585008103	70.9688403901838	31.3724862224879	25	22	19
83	0.7	20	79.7058375398627	44.0904585008103	70.9688403901838	68.6881021064441	26	22	21
84	0.7	20	79.7058375398627	44.0904585008103	70.9688403901838	46.7609720966944	22	22	19
85	0.7	20	79.7058375398627	44.0904585008103	70.9688403901838	50.5675146997448	16	22	22
86	0.52	20	79.7058375398627	44.0904585008103	70.9688403901838	-1e+21	27	22	34
87	0.5	20	79.7058375398627	44.0904585008103	70.9688403901838	61.7868344480391	24	22	22
88	0.466666666666667	20	79.7058375398627	44.0904585008103	70.9688403901838	36.4763495721152	23	22	20
89	0.52	20	79.7058375398627	44.0904585008103	70.9688403901838	43.3190283524025	19	22	22
90	0.466666666666667	20	79.7058375398627	44.0904585008103	70.9688403901838	53.5108415568728	24	22	22
91	0.466666666666667	20	79.7058375398627	44.0904585008103	70.9688403901838	46.2999340914377	13	22	19
92	1	20	79.7058375398627	44.0904585008103	70.9688403901838	-1e+21	23	22	26
93	0.46	20	79.7058375398627	44.0904585008103	70.9688403901838	42.091163242845	33	22	22
94	1	20	79.7058375398627	44.0904585008103	70.9688403901838	50.8677160351782	15	22	15
95	0.52	20	79.7058375398627	44.0904585008103	70.9688403901838	62.5617187540441	21	22	22
96	0.6	20	79.7058375398627	44.0904585008103	70.9688403901838	51.6006828788394	20	22	22
97	1	20	79.7058375398627	44.0904585008103	70.9688403901838	58.0384778392122	18	22	15
98	0.55	20	79.7058375398627	44.0904585008103	70.9688403901838	-1e+21	21	22	26
99	0.485714285714286	20	79.7058375398627	44.0904585008103	70.9688403901838	46.4223826208432	28	22	21
100	0.52	20	79.7058375398627	44.0904585008103	70.9688403901838	59.7856891181451	20	22	20
101	0.6	20	79.7058375398627	44.0904585008103	70.9688403901838	38.8996212331617	24	22	18
102	0.52	20	79.7058375398627	44.0904585008103	70.9688403901838	41.2284781611161	21	22	21
103	0.6	20	79.7058375398627	44.0904585008103	70.9688403901838	57.1373000253903	23	22	21
104	0.55	20	79.7058375398627	44.0904585008103	70.9688403901838	-1e+21	24	22	29
105	0.466666666666667	20	79.7058375398627	44.0904585008103	70.9688403901838	61.2140527952685	20	22	20
106	1	20	79.7058375398627	44.0904585008103	70.9688403901838	46.1939141470375	27	22	18
107	0.485714285714286	20	79.7058375398627	44.0904585008103	70.9688403901838	58.4586472588249	27	22	22
108	0.475	20	79.7058375398627	44.0904585008103	70.9688403901838	48.8983639400251	13	22	14
109	0.55	20	79.7058375398627	44.0904585008103	70.9688403901838	46.7147411507323	22	22	21
110	0.475	20	79.7058375398627	44.0904585008103	70.9688403901838	-1e+21	19	22	26
111	0.46	20	79.7058375398627	44.0904585008103	70.9688403901838	51.299835325147	13	22	18
112	0.46	20	79.7058375398627	44.0904585008103	70.9688403901838	39.9822290455175	17	22	18
113	0.466666666666667	20	79.7058375398627	44.0904585008103	70.9688403901838	59.8151618824412	14	22	17
114	0.466666666666667	20	79.7058375398627	44.0904585008103	70.9688403901838	47.1573352777388	11	22	17
115	0.6	20	79.7058375398627	44.0904585008103	70.9688403901838	61.8919356041273	24	22	19
116	0.5	20	79.7058375398627	44.0904585008103	70.9688403901838	-1e+21	20	22	26
117	1	20	79.7058375398627	44.0904585008103	70.9688403901838	54.6841882043987	18	22	22
118	1	20	79.7058375398627	44.0904585008103	70.9688403901838	36.5740406013239	16	22	22
119	0.55	20	79.7058375398627	44.0904585008103	70.9688403901838	68.8638642433428	25	22	21
120	0.6	20	79.7058375398627	44.0904585008103	70.9688403901838	1.50774863687453	25	22	20
121	0.55	20	79.7058375398627	44.0904585008103	70.9688403901838	63.0955561987171	33	22	22
122	0.52	20	79.7058375398627	44.0904585008103	70.9688403901838	-1e+21	19	22	24
123	0.52	20	79.7058375398627	44.0904585008103	70.9688403901838	57.2028803738212	25	22	22
124	0.6	20	79.7058375398627	44.0904585008103	70.9688403901838	40.6837203462941	19	22	21
125	0.55	20	79.7058375398627	44.0904585008103	70.9688403901838	63.6647833074813	27	22	22
126	0.7	20	79.7058375398627	44.0904585008103	70.9688403901838	46.5011218039022	23	22	19
127	1	20	79.7058375398627	44.0904585008103	70.9688403901838	53.2127039348401	25	22	20
128	0.46	20	79.7058375398627	44.0904585008103	70.9688403901838	-1e+21	28	22	28
129	1	20	79.7058375398627	44.0904585008103	70.9688403901838	29.9085513940688	16	22	18
130	1	20	79.7058375398627	44.0904585008103	70.9688403901838	45.7584889785904	13	22	16
131	0.6	20	79.7058375398627	44.0904585008103	70.9688403901838	43.0792820457938	20	22	19
132	1	20	79.7058375398627	44.0904585008103	70.9688403901838	35.1154251337906	14	22	16
133	0.7	20	79.7058375398627	44.0904585008103	70.9688403901838	60.8199102569417	24	22	20
134	0.55	20	79.7058375398627	44.0904585008103	70.9688403901838	-1e+21	26	22	29
135	0.5	20	79.7058375398627	44.0904585008103	70.9688403901838	54.9102927787905	19	22	22
136	0.7	20	79.7058375398627	44.0904585008103	70.9688403901838	61.6808949447404	13	22	14
137	0.52	20	79.7058375398627	44.0904585008103	70.9688403901838	49.3002328586504	15	22	14
138	0.466666666666667	20	79.7058375398627	44.0904585008103	70.9688403901838	48.1929290947629	16	22	22
139	1	20	79.7058375398627	44.0904585008103	70.9688403901838	39.8869687032048	19	22	22
140	0.5	20	79.7058375398627	44.0904585008103	70.9688403901838	-1e+21	22	22	27
141	0.55	20	79.7058375398627	44.0904585008103	70.9688403901838	56.0945932843106	22	22	15
142	0.55	20	79.7058375398627	44.0904585008103	70.9688403901838	47.9149395113941	23	22	15
143	0.55	20	79.7058375398627	44.0904585008103	70.9688403901838	55.0433886189537	23	22	21
144	1	20	79.7058375398627	44.0904585008103	70.9688403901838	43.5867708602767	17	22	16
145	0.6	20	79.7058375398627	44.0904585008103	70.9688403901838	58.6283069709415	26	22	20
146	0.55	20	79.7058375398627	44.0904585008103	70.9688403901838	-1e+21	24	22	26
147	0.55	20	79.7058375398627	44.0904585008103	70.9688403901838	50.8954639895819	10	22	17
148	0.466666666666667	20	79.7058375398627	44.0904585008103	70.9688403901838	46.1864206890023	13	22	15
149	0.466666666666667	20	79.7058375398627	44.0904585008103	70.9688403901838	47.7974386293891	13	22	18
150	0.7	20	79.7058375398627	44.0904585008103	70.9688403901838	44.9961036965922	30	22	21
151	0.46	20	79.7058375398627	44.0904585008103	70.9688403901838	37.0829271908944	25	22	22
152	0.475	20	79.7058375398627	44.0904585008103	70.9688403901838	-1e+21	16	22	30
153	0.475	20	79.7058375398627	44.0904585008103	70.9688403901838	65.0732930925863	21	22	16
154	0.475	20	79.7058375398627	44.0904585008103	70.9688403901838	59.4920951007144	28	22	21
155	0.5	20	79.7058375398627	44.0904585008103	70.9688403901838	48.5712962704505	17	22	16
156	0.485714285714286	20	79.7058375398627	44.0904585008103	70.9688403901838	35.9990199312133	20	22	21
157	0.466666666666667	20	79.7058375398627	44.0904585008103	70.9688403901838	58.4289785676726	22	22	21
158	0.475	20	79.7058375398627	44.0904585008103	70.9688403901838	-1e+21	21	22	25
159	0.5	20	79.7058375398627	44.0904585008103	70.9688403901838	49.4990103694947	14	22	16
160	0.475	20	79.7058375398627	44.0904585008103	70.9688403901838	66.8089456233764	15	22	20
161	0.466666666666667	20	79.7058375398627	44.0904585008103	70.9688403901838	42.510728012974	14	22	16
162	0.485714285714286	20	79.7058375398627	44.0904585008103	70.9688403901838	59.9258572717891	16	22	14
163	0.46	20	79.7058375398627	44.0904585008103	70.9688403901838	55.6256270519627	19	22	19
164	0.46	20	79.7058375398627	44.0904585008103	70.9688403901838	-1e+21	18	22	33
165	1	20	79.7058375398627	44.0904585008103	70.9688403901838	58.9182347967039	20	22	21
166	0.7	20	79.7058375398627	44.0904585008103	70.9688403901838	66.2599913172627	20	22	21
167	0.485714285714286	20	79.7058375398627	44.0904585008103	70.9688403901838	58.1833462114687	24	22	21
168	0.7	20	79.7058375398627	44.0904585008103	70.9688403901838	44.3630871517095	16	22	19
169	0.46	20	79.7058375398627	44.0904585008103	70.9688403901838	66.5200672799586	21	22	16
170	0.52	20	79.7058375398627	44.0904585008103	70.9688403901838	-1e+21	25	22	23
171	0.6	20	79.7058375398627	44.0904585008103	70.9688403901838	64.6922202258973	18	22	22
172	0.466666666666667	20	79.7058375398627	44.0904585008103	70.9688403901838	42.8238079747796	35	22	19
173	0.52	20	79.7058375398627	44.0904585008103	70.9688403901838	49.0595596767479	22	22	21
174	0.7	20	79.7058375398627	44.0904585008103	70.9688403901838	48.4679687115411	18	22	21
175	0.5	20	79.7058375398627	44.0904585008103	70.9688403901838	49.5761340335089	32	22	21
176	0.52	20	79.7058375398627	44.0904585008103	70.9688403901838	-1e+21	29	22	25
177	0.46	20	79.7058375398627	44.0904585008103	70.9688403901838	34.9971372969387	23	22	22
178	0.55	20	79.7058375398627	44.0904585008103	70.9688403901838	44.1050605540938	25	22	17
179	0.485714285714286	20	79.7058375398627	44.0904585008103	70.9688403901838	56.9554419792485	29	22	21
180	1	20	79.7058375398627	44.0904585008103	70.9688403901838	56.1451233957918	31	22	18
181	0.475	20	79.7058375398627	44.0904585008103	70.9688403901838	31.647489362284	25	22	22
182	0.46	20	79.7058375398627	44.0904585008103	70.9688403901838	-1e+21	18	22	24
183	0.6	20	79.7058375398627	44.0904585008103	70.9688403901838	40.9480274620312	21	22	18
184	0.55	20	79.7058375398627	44.0904585008103	70.9688403901838	44.8271075553214	22	22	21
185	0.46	20	79.7058375398627	44.0904585008103	70.9688403901838	43.1119745029595	22	22	21
186	0.475	20	79.7058375398627	44.0904585008103	70.9688403901838	50.2039699984981	21	22	22
187	0.6	20	79.7058375398627	44.0904585008103	70.9688403901838	54.7130971761217	24	22	21
188	0.475	20	79.7058375398627	44.0904585008103	70.9688403901838	-1e+21	31	22	26
189	0.52	20	79.7058375398627	44.0904585008103	70.9688403901838	12.6351903440752	39	22	23
190	0.485714285714286	20	79.7058375398627	44.0904585008103	70.9688403901838	46.7764980353649	21	22	22
191	0.52	20	79.7058375398627	44.0904585008103	70.9688403901838	45.1489472716594	25	22	22
192	0.52	20	79.7058375398627	44.0904585008103	70.9688403901838	45.707589196014	16	22	15
193	0.5	20	79.7058375398627	44.0904585008103	70.9688403901838	52.1158852477995	20	22	18
194	1	20	79.7058375398627	44.0904585008103	70.9688403901838	-1e+21	28	22	32
195	0.485714285714286	20	79.7058375398627	44.0904585008103	70.9688403901838	49.2287293346049	18	22	16
196	0.5	20	79.7058375398627	44.0904585008103	70.9688403901838	46.133225741501	20	22	16
197	1	20	79.7058375398627	44.0904585008103	70.9688403901838	47.8449884453019	23	22	22
198	0.55	20	79.7058375398627	44.0904585008103	70.9688403901838	33.5862871132237	19	22	16
199	0.5	20	79.7058375398627	44.0904585008103	70.9688403901838	53.0615266161483	31	22	22
200	0.52	20	79.7058375398627	44.0904585008103	70.9688403901838	-1e+21	18	22	26
201	0.485714285714286	20	79.7058375398627	44.0904585008103	70.9688403901838	51.6374163316881	22	22	20
202	0.46	20	79.7058375398627	44.0904585008103	70.9688403901838	43.3712370196463	23	22	19
203	0.475	20	79.7058375398627	44.0904585008103	70.9688403901838	60.7638665682426	23	22	21
204	0.52	20	79.7058375398627	44.0904585008103	70.9688403901838	40.1340092887041	25	22	19
205	0.466666666666667	20	79.7058375398627	44.0904585008103	70.9688403901838	47.8492786415051	30	22	21
206	0.52	20	79.7058375398627	44.0904585008103	70.9688403901838	-1e+21	26	22	27
207	0.52	20	79.7058375398627	44.0904585008103	70.9688403901838	41.7724074466934	13	22	20
208	0.7	20	79.7058375398627	44.0904585008103	70.9688403901838	47.7791641179104	14	22	22
209	0.7	20	79.7058375398627	44.0904585008103	70.9688403901838	39.2159729959773	14	22	22
210	0.52	20	79.7058375398627	44.0904585008103	70.9688403901838	49.0694648962209	19	22	21
211	0.5	20	79.7058375398627	44.0904585008103	70.9688403901838	50.127675642919	26	22	21
212	0.6	20	79.7058375398627	44.0904585008103	70.9688403901838	-1e+21	23	22	27
213	0.52	20	79.7058375398627	44.0904585008103	70.9688403901838	32.3501423024807	19	22	21
214	0.46	20	79.7058375398627	44.0904585008103	70.9688403901838	57.4466882785628	17	22	19
215	0.46	20	79.7058375398627	44.0904585008103	70.9688403901838	59.9662953111128	24	22	16
216	0.5	20	79.7058375398627	44.0904585008103	70.9688403901838	33.1486716940711	15	22	19
217	0.466666666666667	20	79.7058375398627	44.0904585008103	70.9688403901838	52.6345906660508	23	22	21
218	0.475	20	79.7058375398627	44.0904585008103	70.9688403901838	-1e+21	20	22	25
219	0.46	20	79.7058375398627	44.0904585008103	70.9688403901838	50.6260197342687	24	22	20
220	0.475	20	79.7058375398627	44.0904585008103	70.9688403901838	49.1803602541859	19	22	21
221	0.475	20	79.7058375398627	44.0904585008103	70.9688403901838	55.7058543211858	19	22	22
222	0.485714285714286	20	79.7058375398627	44.0904585008103	70.9688403901838	39.7363425114153	16	22	22
223	0.46	16	84.3511215920836	50.5796048987133	71.216632773789	71.216632773789	21	22	22
224	0.52	16	84.3511215920836	50.5796048987133	71.216632773789	52.7203007181732	22	22	21
225	0.475	16	84.3511215920836	50.5796048987133	71.216632773789	52.3922403065386	22	22	22
226	0.475	16	84.3511215920836	50.5796048987133	71.216632773789	48.5228936629649	28	22	20
227	0.46	16	84.3511215920836	50.5796048987133	71.216632773789	58.983920883622	21	22	22
228	0.55	16	84.3511215920836	50.5796048987133	71.216632773789	63.5575472444114	27	22	20
229	0.466666666666667	16	84.3511215920836	50.5796048987133	71.216632773789	-1e+21	23	22	30
230	0.466666666666667	16	84.3511215920836	50.5796048987133	71.216632773789	52.1745303246018	16	22	22
231	0.5	16	84.3511215920836	50.5796048987133	71.216632773789	51.0100635799334	25	22	21
232	0.485714285714286	16	84.3511215920836	50.5796048987133	71.216632773789	35.7500985703826	12	22	20
233	0.475	16	84.3511215920836	50.5796048987133	71.216632773789	52.5706167357126	21	22	17
234	0.475	16	84.3511215920836	50.5796048987133	71.216632773789	59.5235818491116	25	22	21
235	0.485714285714286	16	84.3511215920836	50.5796048987133	71.216632773789	-1e+21	24	22	25
236	0.6	16	84.3511215920836	50.5796048987133	71.216632773789	55.0269037296078	23	22	19
237	0.7	16	84.3511215920836	50.5796048987133	71.216632773789	57.6912214422458	23	22	22
238	1	16	84.3511215920836	50.5796048987133	71.216632773789	46.5518427241461	17	22	14
239	0.55	16	84.3511215920836	50.5796048987133	71.216632773789	55.6047158110947	24	22	17
240	0.52	16	84.3511215920836	50.5796048987133	71.216632773789	43.1767035041946	19	22	22
241	0.7	16	84.3511215920836	50.5796048987133	71.216632773789	-1e+21	27	22	26
242	0.6	16	84.3511215920836	50.5796048987133	71.216632773789	36.6591408340197	24	22	22
243	1	16	84.3511215920836	50.5796048987133	71.216632773789	36.5123337654517	22	22	19
244	1	16	84.3511215920836	50.5796048987133	71.216632773789	53.5513439693528	22	22	22
245	0.55	16	84.3511215920836	50.5796048987133	71.216632773789	51.5948870743008	21	22	20
246	0.5	16	84.3511215920836	50.5796048987133	71.216632773789	49.7804069888303	22	22	20
247	0.485714285714286	16	84.3511215920836	50.5796048987133	71.216632773789	-1e+21	25	22	27
248	0.55	16	84.3511215920836	50.5796048987133	71.216632773789	49.6651315358412	22	22	18
249	1	16	84.3511215920836	50.5796048987133	71.216632773789	28.1883764311726	7	22	14
250	0.55	16	84.3511215920836	50.5796048987133	71.216632773789	53.1898957752713	14	22	18
251	1	16	84.3511215920836	50.5796048987133	71.216632773789	48.3082249556417	12	22	19
252	0.6	16	84.3511215920836	50.5796048987133	71.216632773789	46.7927982146632	30	22	20
253	1	16	84.3511215920836	50.5796048987133	71.216632773789	-1e+21	21	22	24
254	0.6	16	84.3511215920836	50.5796048987133	71.216632773789	56.8268532205165	27	22	22
255	0.52	16	84.3511215920836	50.5796048987133	71.216632773789	53.2112173731307	30	22	19
256	0.6	16	84.3511215920836	50.5796048987133	71.216632773789	40.8966221351718	35	22	22
257	0.5	16	84.3511215920836	50.5796048987133	71.216632773789	39.6722511815946	24	22	22
258	0.475	16	84.3511215920836	50.5796048987133	71.216632773789	52.9960751557004	17	22	18
259	0.475	16	84.3511215920836	50.5796048987133	71.216632773789	-1e+21	15	22	26
260	0.55	16	84.3511215920836	50.5796048987133	71.216632773789	66.1162290261546	19	22	18
261	0.475	16	84.3511215920836	50.5796048987133	71.216632773789	52.4338012363076	18	22	20
262	0.466666666666667	16	84.3511215920836	50.5796048987133	71.216632773789	46.3902861624517	21	22	20
263	0.475	16	84.3511215920836	50.5796048987133	71.216632773789	56.0692065281716	17	22	16
264	1	16	84.3511215920836	50.5796048987133	71.216632773789	53.6306285926071	21	22	18
265	0.7	16	84.3511215920836	50.5796048987133	71.216632773789	-1e+21	20	22	24
266	0.485714285714286	16	84.3511215920836	50.5796048987133	71.216632773789	47.6862168319576	28	22	20
267	0.485714285714286	16	84.3511215920836	50.5796048987133	71.216632773789	45.3097933394491	13	22	14
268	0.52	16	84.3511215920836	50.5796048987133	71.216632773789	32.0521212597498	27	22	22
269	0.7	16	84.3511215920836	50.5796048987133	71.216632773789	42.8174276314205	15	22	14
270	0.46	16	84.3511215920836	50.5796048987133	71.216632773789	51.4862402062638	15	22	15
271	0.7	16	84.3511215920836	50.5796048987133	71.216632773789	-1e+21	12	22	30
272	0.55	16	84.3511215920836	50.5796048987133	71.216632773789	45.6891111450875	28	22	22
273	0.55	16	84.3511215920836	50.5796048987133	71.216632773789	53.4985094025977	18	22	15
274	0.46	16	84.3511215920836	50.5796048987133	71.216632773789	42.9975146382339	24	22	22
275	0.46	16	84.3511215920836	50.5796048987133	71.216632773789	52.2024569082575	15	22	15
276	1	16	84.3511215920836	50.5796048987133	71.216632773789	56.6836149362063	28	22	22
277	0.52	16	84.3511215920836	50.5796048987133	71.216632773789	-1e+21	26	22	28
278	0.466666666666667	16	84.3511215920836	50.5796048987133	71.216632773789	49.9658642160204	21	22	21
279	0.475	16	84.3511215920836	50.5796048987133	71.216632773789	47.6206268052585	14	22	20
280	0.46	16	84.3511215920836	50.5796048987133	71.216632773789	66.6570793356985	21	22	18
281	0.475	16	84.3511215920836	50.5796048987133	71.216632773789	43.0575595233432	22	22	18
282	0.46	16	84.3511215920836	50.5796048987133	71.216632773789	48.2753685640558	22	22	18
283	0.475	16	84.3511215920836	50.5796048987133	71.216632773789	-1e+21	22	22	30
284	0.7	16	84.3511215920836	50.5796048987133	71.216632773789	66.7633152161262	22	22	20
285	0.52	16	84.3511215920836	50.5796048987133	71.216632773789	52.7271193717186	24	22	22
286	0.475	16	84.3511215920836	50.5796048987133	71.216632773789	68.116636512849	26	22	19
287	1	16	84.3511215920836	50.5796048987133	71.216632773789	69.1067179065349	14	22	17
288	0.52	16	84.3511215920836	50.5796048987133	71.216632773789	56.1967963214266	20	22	16
289	0.52	16	84.3511215920836	50.5796048987133	71.216632773789	-1e+21	23	22	28
290	0.466666666666667	16	84.3511215920836	50.5796048987133	71.216632773789	55.6751978649735	24	22	17
291	0.475	25	83.7064043079877	47.7246141871667	75.2976567894648	75.2976567894648	21	21	21
292	0.485714285714286	25	83.7064043079877	47.7246141871667	75.2976567894648	54.1805645785561	22	21	17
293	0.7	25	83.7064043079877	47.7246141871667	75.2976567894648	51.8869691521336	17	21	17
294	0.46	25	83.7064043079877	47.7246141871667	75.2976567894648	53.0092443149626	20	21	21
295	0.485714285714286	25	83.7064043079877	47.7246141871667	75.2976567894648	44.4291338689718	24	21	21
296	0.5	25	83.7064043079877	47.7246141871667	75.2976567894648	42.0630314294017	20	21	17
297	0.5	25	83.7064043079877	47.7246141871667	75.2976567894648	-1e+21	22	21	25
298	0.485714285714286	25	83.7064043079877	47.7246141871667	75.2976567894648	44.1930967032969	20	21	22
299	0.46	25	83.7064043079877	47.7246141871667	75.2976567894648	47.5611337222159	28	21	20
300	0.52	25	83.7064043079877	47.7246141871667	75.2976567894648	53.841723978139	27	21	21
301	0.466666666666667	25	83.7064043079877	47.7246141871667	75.2976567894648	41.7162573555159	26	21	22
302	0.46	25	83.7064043079877	47.7246141871667	75.2976567894648	48.4236296227744	35	21	20
303	0.46	25	83.7064043079877	47.7246141871667	75.2976567894648	-1e+21	20	21	25
304	0.475	25	83.7064043079877	47.7246141871667	75.2976567894648	56.4308349239054	25	21	20
305	0.485714285714286	25	83.7064043079877	47.7246141871667	75.2976567894648	53.1175628814755	27	21	21
306	0.475	25	83.7064043079877	47.7246141871667	75.2976567894648	38.574279995655	8	21	12
307	0.475	25	83.7064043079877	47.7246141871667	75.2976567894648	53.6796354362067	18	21	20
308	0.485714285714286	25	83.7064043079877	47.7246141871667	75.2976567894648	53.0487773490554	15	21	20
309	0.46	25	83.7064043079877	47.7246141871667	75.2976567894648	-1e+21	28	21	27
310	0.485714285714286	25	83.7064043079877	47.7246141871667	75.2976567894648	46.5844935326467	25	21	21
311	0.55	25	83.7064043079877	47.7246141871667	75.2976567894648	50.6523205884984	23	21	22
312	1	25	83.7064043079877	47.7246141871667	75.2976567894648	62.3233072968342	19	21	21
313	1	25	83.7064043079877	47.7246141871667	75.2976567894648	33.6471582992241	22	21	21
314	1	25	83.7064043079877	47.7246141871667	75.2976567894648	66.8595665684505	24	21	22
315	0.55	25	83.7064043079877	47.7246141871667	75.2976567894648	-1e+21	33	21	28
316	0.55	25	83.7064043079877	47.7246141871667	75.2976567894648	56.6300843568092	32	21	21
317	0.52	25	83.7064043079877	47.7246141871667	75.2976567894648	66.3501764459348	21	21	19
318	0.485714285714286	25	83.7064043079877	47.7246141871667	75.2976567894648	40.4676158795551	17	21	19
319	0.52	25	83.7064043079877	47.7246141871667	75.2976567894648	55.0100388586057	20	21	19
320	0.5	25	83.7064043079877	47.7246141871667	75.2976567894648	47.9761113208293	24	21	19
321	0.46	25	83.7064043079877	47.7246141871667	75.2976567894648	-1e+21	25	21	26
322	0.485714285714286	25	83.7064043079877	47.7246141871667	75.2976567894648	63.4206407945129	12	21	16
323	0.46	25	83.7064043079877	47.7246141871667	75.2976567894648	59.9912498598232	20	21	19
324	0.55	25	83.7064043079877	47.7246141871667	75.2976567894648	45.1882938734506	23	21	19
325	0.46	25	83.7064043079877	47.7246141871667	75.2976567894648	50.400128030075	16	21	16
326	0.46	25	83.7064043079877	47.7246141871667	75.2976567894648	57.3071676808821	24	21	22
327	0.7	25	83.7064043079877	47.7246141871667	75.2976567894648	-1e+21	26	21	20
328	0.7	25	83.7064043079877	47.7246141871667	75.2976567894648	61.8484782748548	21	21	20
329	0.6	25	83.7064043079877	47.7246141871667	75.2976567894648	57.7136377225823	21	21	19
330	0.6	25	83.7064043079877	47.7246141871667	75.2976567894648	66.7570684302166	26	21	21
331	1	25	83.7064043079877	47.7246141871667	75.2976567894648	28.228722862902	12	21	15
332	0.6	25	83.7064043079877	47.7246141871667	75.2976567894648	63.7134509210987	23	21	22
333	0.52	25	83.7064043079877	47.7246141871667	75.2976567894648	-1e+21	32	21	29
334	0.7	25	83.7064043079877	47.7246141871667	75.2976567894648	46.3616077209756	24	21	20
335	1	25	83.7064043079877	47.7246141871667	75.2976567894648	58.0800151795309	13	21	21
336	0.6	25	83.7064043079877	47.7246141871667	75.2976567894648	42.8366734046107	21	21	18
337	0.6	25	83.7064043079877	47.7246141871667	75.2976567894648	43.5192545413872	20	21	21
338	0.6	25	83.7064043079877	47.7246141871667	75.2976567894648	49.8959747402625	22	21	20
339	0.6	25	83.7064043079877	47.7246141871667	75.2976567894648	-1e+21	23	21	22
340	0.46	25	83.7064043079877	47.7246141871667	75.2976567894648	42.9083396425933	28	21	22
341	0.46	25	83.7064043079877	47.7246141871667	75.2976567894648	59.0515727670395	24	21	19
342	0.52	25	83.7064043079877	47.7246141871667	75.2976567894648	53.1543788303426	20	21	22
343	0.475	25	83.7064043079877	47.7246141871667	75.2976567894648	52.6511198199907	20	21	22
344	0.46	25	83.7064043079877	47.7246141871667	75.2976567894648	45.0646457771806	24	21	22
345	0.475	25	83.7064043079877	47.7246141871667	75.2976567894648	-1e+21	28	21	22
346	0.485714285714286	25	83.7064043079877	47.7246141871667	75.2976567894648	62.2274568776246	31	21	21
347	0.466666666666667	25	83.7064043079877	47.7246141871667	75.2976567894648	38.6348373771631	22	21	21
348	0.46	25	83.7064043079877	47.7246141871667	75.2976567894648	45.3568682804386	21	21	21
349	1	25	83.7064043079877	47.7246141871667	75.2976567894648	57.5747073407985	27	21	21
350	0.466666666666667	25	83.7064043079877	47.7246141871667	75.2976567894648	63.0279175668294	21	21	21
351	0.475	25	83.7064043079877	47.7246141871667	75.2976567894648	-1e+21	21	21	30
352	0.466666666666667	25	83.7064043079877	47.7246141871667	75.2976567894648	42.8871625561393	27	21	21
353	0.46	25	83.7064043079877	47.7246141871667	75.2976567894648	44.1739819646117	15	21	18
354	0.6	25	83.7064043079877	47.7246141871667	75.2976567894648	59.277102068261	19	21	19
355	0.466666666666667	25	83.7064043079877	47.7246141871667	75.2976567894648	53.6670740695151	17	21	22
356	0.55	25	83.7064043079877	47.7246141871667	75.2976567894648	37.834784547944	10	21	15
357	0.475	25	83.7064043079877	47.7246141871667	75.2976567894648	-1e+21	31	21	31
358	0.6	25	83.7064043079877	47.7246141871667	75.2976567894648	44.4224666136436	18	21	19
359	0.475	25	83.7064043079877	47.7246141871667	75.2976567894648	43.0019938951275	14	21	15
360	0.46	25	83.7064043079877	47.7246141871667	75.2976567894648	18.3068746093656	15	21	15
361	0.466666666666667	25	83.7064043079877	47.7246141871667	75.2976567894648	14.6332216838029	20	21	19
362	0.46	25	83.7064043079877	47.7246141871667	75.2976567894648	34.0452270637596	17	21	18
363	0.46	25	83.7064043079877	47.7246141871667	75.2976567894648	-1e+21	16	21	25
364	0.46	25	83.7064043079877	47.7246141871667	75.2976567894648	40.7899878289276	25	21	22
365	0.6	25	83.7064043079877	47.7246141871667	75.2976567894648	53.7690378435587	17	21	19
366	0.475	25	83.7064043079877	47.7246141871667	75.2976567894648	56.3352280470226	24	21	21
367	0.6	25	83.7064043079877	47.7246141871667	75.2976567894648	51.7060214796577	23	21	19
368	0.475	25	83.7064043079877	47.7246141871667	75.2976567894648	65.4689527679272	16	21	21
369	0.52	25	83.7064043079877	47.7246141871667	75.2976567894648	-1e+21	24	21	30
370	0.52	25	83.7064043079877	47.7246141871667	75.2976567894648	46.028295416487	21	21	19
371	0.52	25	83.7064043079877	47.7246141871667	75.2976567894648	74.3268062052773	21	21	22
372	0.6	25	83.7064043079877	47.7246141871667	75.2976567894648	53.3047215515434	20	21	22
373	0.55	25	83.7064043079877	47.7246141871667	75.2976567894648	58.1486029925967	20	21	22
374	0.6	25	83.7064043079877	47.7246141871667	75.2976567894648	42.9468027694868	14	21	21
375	0.46	25	83.7064043079877	47.7246141871667	75.2976567894648	-1e+21	19	21	27
376	0.55	25	83.7064043079877	47.7246141871667	75.2976567894648	51.6136781538157	25	21	22
377	0.46	25	83.7064043079877	47.7246141871667	75.2976567894648	63.7311877490007	24	21	20
378	0.52	25	83.7064043079877	47.7246141871667	75.2976567894648	59.2612664448722	14	21	17
379	0.5	25	83.7064043079877	47.7246141871667	75.2976567894648	47.8019442454675	26	21	21
380	0.46	25	83.7064043079877	47.7246141871667	75.2976567894648	54.1147729070618	26	21	21
381	0.46	25	83.7064043079877	47.7246141871667	75.2976567894648	-1e+21	25	21	31
382	0.46	25	83.7064043079877	47.7246141871667	75.2976567894648	46.6419375535501	23	21	20
383	0.46	25	83.7064043079877	47.7246141871667	75.2976567894648	43.4228175657394	24	21	22
384	0.46	25	83.7064043079877	47.7246141871667	75.2976567894648	57.343769987862	18	21	19
385	0.485714285714286	25	83.7064043079877	47.7246141871667	75.2976567894648	53.5603131440422	20	21	20
386	0.6	25	83.7064043079877	47.7246141871667	75.2976567894648	67.381041407405	20	21	21
387	0.485714285714286	25	83.7064043079877	47.7246141871667	75.2976567894648	-1e+21	15	21	29
388	0.46	25	83.7064043079877	47.7246141871667	75.2976567894648	61.1278837126952	19	21	21
389	0.475	25	83.7064043079877	47.7246141871667	75.2976567894648	55.9553455579785	11	21	19
390	0.475	25	83.7064043079877	47.7246141871667	75.2976567894648	47.49073929146	11	21	21
391	0.466666666666667	25	83.7064043079877	47.7246141871667	75.2976567894648	55.9694249370974	18	21	20
392	0.475	25	83.7064043079877	47.7246141871667	75.2976567894648	49.0970994971496	21	21	20
393	0.475	25	83.7064043079877	47.7246141871667	75.2976567894648	-1e+21	16	21	27
394	0.466666666666667	25	83.7064043079877	47.7246141871667	75.2976567894648	65.4732472289041	19	21	16
395	0.5	25	83.7064043079877	47.7246141871667	75.2976567894648	53.453374233694	21	21	15
396	0.475	25	83.7064043079877	47.7246141871667	75.2976567894648	49.6266745761233	22	21	22
397	0.475	25	83.7064043079877	47.7246141871667	75.2976567894648	48.63106089624	21	21	18
398	0.5	25	83.7064043079877	47.7246141871667	75.2976567894648	49.0999569045537	25	21	21
399	0.466666666666667	25	83.7064043079877	47.7246141871667	75.2976567894648	-1e+21	16	21	23
400	1	25	83.7064043079877	47.7246141871667	75.2976567894648	48.1055869725068	28	21	22
401	0.466666666666667	25	83.7064043079877	47.7246141871667	75.2976567894648	71.4838823103568	22	21	21
402	0.475	25	83.7064043079877	47.7246141871667	75.2976567894648	64.8297940066243	22	21	21
403	0.466666666666667	25	83.7064043079877	47.7246141871667	75.2976567894648	57.2825773551683	18	21	19
404	0.485714285714286	25	83.7064043079877	47.7246141871667	75.2976567894648	59.4927770322736	25	21	21
405	0.466666666666667	25	83.7064043079877	47.7246141871667	75.2976567894648	-1e+21	20	21	24
406	0.7	25	83.7064043079877	47.7246141871667	75.2976567894648	56.7063323858506	16	21	19
407	0.7	25	83.7064043079877	47.7246141871667	75.2976567894648	41.578838593789	26	21	22
408	0.6	25	83.7064043079877	47.7246141871667	75.2976567894648	58.6776917315443	18	21	19
409	0.6	25	83.7064043079877	47.7246141871667	75.2976567894648	55.6716997138932	21	21	19
410	0.485714285714286	25	83.7064043079877	47.7246141871667	75.2976567894648	47.7930069990812	23	21	19
411	1	25	83.7064043079877	47.7246141871667	75.2976567894648	-1e+21	20	21	25
412	1	25	83.7064043079877	47.7246141871667	75.2976567894648	41.5564456878538	16	21	20
413	1	25	83.7064043079877	47.7246141871667	75.2976567894648	62.4059135908225	23	21	16
414	0.6	25	83.7064043079877	47.7246141871667	75.2976567894648	48.0008174538745	15	21	16
415	0.7	25	83.7064043079877	47.7246141871667	75.2976567894648	55.7838276807221	23	21	19
416	0.6	25	83.7064043079877	47.7246141871667	75.2976567894648	44.3661226784748	24	21	21
417	0.55	25	83.7064043079877	47.7246141871667	75.2976567894648	-1e+21	24	21	27
418	0.6	25	83.7064043079877	47.7246141871667	75.2976567894648	59.9048692811496	31	21	22
419	1	25	83.7064043079877	47.7246141871667	75.2976567894648	44.9019762132141	8	21	17
420	0.6	25	83.7064043079877	47.7246141871667	75.2976567894648	53.110603123512	21	21	15
421	0.7	25	83.7064043079877	47.7246141871667	75.2976567894648	43.1564815391704	16	21	15
422	0.6	25	83.7064043079877	47.7246141871667	75.2976567894648	59.8750388150687	20	21	16
423	0.52	25	83.7064043079877	47.7246141871667	75.2976567894648	-1e+21	30	21	26
424	0.475	25	83.7064043079877	47.7246141871667	75.2976567894648	40.2957556825984	17	21	18
425	0.485714285714286	25	83.7064043079877	47.7246141871667	75.2976567894648	57.7064421930279	20	21	22
426	0.6	25	83.7064043079877	47.7246141871667	75.2976567894648	48.4167128869151	20	21	22
427	0.485714285714286	25	83.7064043079877	47.7246141871667	75.2976567894648	48.7909592852716	22	21	22
428	0.46	25	83.7064043079877	47.7246141871667	75.2976567894648	47.8013479024934	14	21	15
429	0.475	25	83.7064043079877	47.7246141871667	75.2976567894648	-1e+21	20	21	18
430	0.5	25	83.7064043079877	47.7246141871667	75.2976567894648	41.5052558697582	16	21	15
431	0.7	25	83.7064043079877	47.7246141871667	75.2976567894648	43.3603841201202	24	21	20
432	0.52	25	83.7064043079877	47.7246141871667	75.2976567894648	58.5391214565718	21	21	18
433	0.52	25	83.7064043079877	47.7246141871667	75.2976567894648	51.1170424191378	22	21	18
434	0.7	25	83.7064043079877	47.7246141871667	75.2976567894648	63.3023763392714	20	21	19
435	0.5	25	83.7064043079877	47.7246141871667	75.2976567894648	-1e+21	32	21	29
436	0.466666666666667	25	83.7064043079877	47.7246141871667	75.2976567894648	46.6703268921808	26	21	20
437	0.46	25	83.7064043079877	47.7246141871667	75.2976567894648	54.173787357785	21	21	19
438	0.475	25	83.7064043079877	47.7246141871667	75.2976567894648	54.5484399063499	22	21	19
439	0.466666666666667	25	83.7064043079877	47.7246141871667	75.2976567894648	58.6832269527352	16	21	22
440	0.46	22	83.2216395399144	46.1329004183849	77.1646419540463	77.1646419540463	22	17	17
441	1	22	83.2216395399144	46.1329004183849	77.1646419540463	70.6045431252512	32	17	22
442	0.466666666666667	22	83.2216395399144	46.1329004183849	77.1646419540463	76.7016066021691	17	17	17
443	0.466666666666667	22	83.2216395399144	46.1329004183849	77.1646419540463	37.3829254246243	16	17	17
444	0.475	22	83.2216395399144	46.1329004183849	77.1646419540463	43.0582399958507	29	17	22
445	0.466666666666667	22	83.2216395399144	46.1329004183849	77.1646419540463	45.9958731054098	16	17	19
446	1	22	83.2216395399144	46.1329004183849	77.1646419540463	-1e+21	16	17	25
447	0.55	22	83.2216395399144	46.1329004183849	77.1646419540463	54.202628127839	17	17	21
448	0.52	22	83.2216395399144	46.1329004183849	77.1646419540463	47.1334153596304	19	17	16
449	1	22	83.2216395399144	46.1329004183849	77.1646419540463	46.8382464913097	12	17	15
450	0.52	22	83.2216395399144	46.1329004183849	77.1646419540463	42.0338678995489	19	17	16
451	0.52	22	83.2216395399144	46.1329004183849	77.1646419540463	46.2543964961455	15	17	14
452	0.6	22	83.2216395399144	46.1329004183849	77.1646419540463	-1e+21	18	17	23
453	0.485714285714286	22	83.2216395399144	46.1329004183849	77.1646419540463	56.5512253614732	17	17	20
454	0.466666666666667	22	83.2216395399144	46.1329004183849	77.1646419540463	52.4244211907307	19	17	20
455	0.46	22	83.2216395399144	46.1329004183849	77.1646419540463	46.9777403806577	14	17	21
456	0.466666666666667	22	83.2216395399144	46.1329004183849	77.1646419540463	52.9788123952474	31	17	20
457	0.485714285714286	22	83.2216395399144	46.1329004183849	77.1646419540463	56.2773381463967	16	17	18
458	0.46	22	83.2216395399144	46.1329004183849	77.1646419540463	-1e+21	20	17	28
459	0.466666666666667	22	83.2216395399144	46.1329004183849	77.1646419540463	44.9043481479646	26	17	20
460	0.6	22	83.2216395399144	46.1329004183849	77.1646419540463	58.1681431887458	20	17	19
461	0.5	22	83.2216395399144	46.1329004183849	77.1646419540463	52.7310372223953	23	17	17
462	0.5	22	83.2216395399144	46.1329004183849	77.1646419540463	43.5044572819082	16	17	16
463	0.55	22	83.2216395399144	46.1329004183849	77.1646419540463	40.8765528740445	22	17	19
464	1	22	83.2216395399144	46.1329004183849	77.1646419540463	-1e+21	30	17	28
465	0.46	22	83.2216395399144	46.1329004183849	77.1646419540463	62.8028967075398	28	17	21
466	0.5	22	83.2216395399144	46.1329004183849	77.1646419540463	67.2891639100483	14	17	19
467	0.466666666666667	22	83.2216395399144	46.1329004183849	77.1646419540463	41.1154942782009	14	17	19
468	0.485714285714286	22	83.2216395399144	46.1329004183849	77.1646419540463	71.1013395020461	22	17	19
469	0.5	22	83.2216395399144	46.1329004183849	77.1646419540463	51.0174099314736	19	17	22
470	0.5	22	83.2216395399144	46.1329004183849	77.1646419540463	-1e+21	27	17	26
471	0.5	22	83.2216395399144	46.1329004183849	77.1646419540463	48.998709400754	18	17	19
472	0.7	22	83.2216395399144	46.1329004183849	77.1646419540463	29.4214269012738	21	17	19
473	0.5	22	83.2216395399144	46.1329004183849	77.1646419540463	55.1516508704623	12	17	22
474	0.6	22	83.2216395399144	46.1329004183849	77.1646419540463	53.0829979540967	20	17	20
475	0.6	22	83.2216395399144	46.1329004183849	77.1646419540463	56.7178192594045	35	17	22
476	0.5	22	83.2216395399144	46.1329004183849	77.1646419540463	-1e+21	21	17	28
477	0.5	22	83.2216395399144	46.1329004183849	77.1646419540463	51.1605786114977	19	17	21
478	0.6	22	83.2216395399144	46.1329004183849	77.1646419540463	46.8722010172753	18	17	22
479	0.52	22	83.2216395399144	46.1329004183849	77.1646419540463	51.17778625684	22	17	22
480	0.5	22	83.2216395399144	46.1329004183849	77.1646419540463	48.6511664169497	20	17	22
481	0.55	22	83.2216395399144	46.1329004183849	77.1646419540463	64.7545826036305	16	17	17
482	0.52	22	83.2216395399144	46.1329004183849	77.1646419540463	-1e+21	30	17	26
483	0.5	22	83.2216395399144	46.1329004183849	77.1646419540463	22.4522079274647	18	17	22
484	0.52	22	83.2216395399144	46.1329004183849	77.1646419540463	64.1466034081941	16	17	14
485	0.5	22	83.2216395399144	46.1329004183849	77.1646419540463	45.5353691242518	8	17	14
486	0.475	22	83.2216395399144	46.1329004183849	77.1646419540463	58.1817117679689	23	17	19
487	0.466666666666667	22	83.2216395399144	46.1329004183849	77.1646419540463	53.506096061125	30	17	21
488	0.52	22	83.2216395399144	46.1329004183849	77.1646419540463	-1e+21	20	17	29
489	0.466666666666667	22	83.2216395399144	46.1329004183849	77.1646419540463	60.4538850872627	27	17	20
490	0.52	22	83.2216395399144	46.1329004183849	77.1646419540463	56.5535971982181	21	17	16
491	0.5	22	83.2216395399144	46.1329004183849	77.1646419540463	68.9027167683672	20	17	21
492	0.485714285714286	22	83.2216395399144	46.1329004183849	77.1646419540463	59.6321623723092	22	17	17
493	0.52	22	83.2216395399144	46.1329004183849	77.1646419540463	43.4024990794841	16	17	16
494	0.466666666666667	22	83.2216395399144	46.1329004183849	77.1646419540463	-1e+21	21	17	33
495	0.466666666666667	22	83.2216395399144	46.1329004183849	77.1646419540463	63.3185164108628	22	17	22
496	0.55	22	83.2216395399144	46.1329004183849	77.1646419540463	40.7698448641649	16	17	14
497	0.52	22	83.2216395399144	46.1329004183849	77.1646419540463	36.5352310211141	30	17	22
498	0.485714285714286	22	83.2216395399144	46.1329004183849	77.1646419540463	66.1693240223313	12	17	20
499	0.7	22	83.2216395399144	46.1329004183849	77.1646419540463	46.425948227401	24	17	22
500	0.46	22	83.2216395399144	46.1329004183849	77.1646419540463	-1e+21	27	17	25
501	1	22	83.2216395399144	46.1329004183849	77.1646419540463	57.5969354641304	21	17	22
502	1	22	83.2216395399144	46.1329004183849	77.1646419540463	59.2738947126266	20	17	21
503	0.6	22	83.2216395399144	46.1329004183849	77.1646419540463	43.1524980986819	19	17	21
504	1	22	83.2216395399144	46.1329004183849	77.1646419540463	49.1593451730872	19	17	21
505	0.55	22	83.2216395399144	46.1329004183849	77.1646419540463	58.5252693737403	19	17	18
506	0.5	22	83.2216395399144	46.1329004183849	77.1646419540463	-1e+21	20	17	25
507	0.6	22	83.2216395399144	46.1329004183849	77.1646419540463	52.8902897038301	11	17	22
508	0.7	22	83.2216395399144	46.1329004183849	77.1646419540463	43.1013516421249	13	17	22
509	0.485714285714286	22	83.2216395399144	46.1329004183849	77.1646419540463	55.2572743437712	17	17	13
510	0.46	22	83.2216395399144	46.1329004183849	77.1646419540463	54.417859528616	19	17	20
511	0.7	22	83.2216395399144	46.1329004183849	77.1646419540463	62.5808763617643	24	17	18
512	0.6	22	83.2216395399144	46.1329004183849	77.1646419540463	-1e+21	17	17	29
513	0.475	22	83.2216395399144	46.1329004183849	77.1646419540463	47.0678062132481	22	17	17
514	0.475	22	83.2216395399144	46.1329004183849	77.1646419540463	59.1011365483128	16	17	22
515	0.485714285714286	22	83.2216395399144	46.1329004183849	77.1646419540463	47.4606147376806	22	17	22
516	0.485714285714286	22	83.2216395399144	46.1329004183849	77.1646419540463	47.6884470068694	31	17	21
517	0.6	22	83.2216395399144	46.1329004183849	77.1646419540463	46.4243373039776	21	17	22
518	0.466666666666667	22	83.2216395399144	46.1329004183849	77.1646419540463	-1e+21	28	17	25
519	0.55	22	83.2216395399144	46.1329004183849	77.1646419540463	50.0497152314877	20	17	15
520	0.46	22	83.2216395399144	46.1329004183849	77.1646419540463	50.9630297939246	17	17	20
521	0.46	22	83.2216395399144	46.1329004183849	77.1646419540463	53.4664328315402	27	17	15
522	0.52	22	83.2216395399144	46.1329004183849	77.1646419540463	60.7222674319753	23	17	18
523	0.46	22	83.2216395399144	46.1329004183849	77.1646419540463	56.4139013922302	22	17	17
524	0.466666666666667	22	83.2216395399144	46.1329004183849	77.1646419540463	-1e+21	20	17	25
525	0.46	22	83.2216395399144	46.1329004183849	77.1646419540463	56.8782518684891	16	17	21
526	0.55	22	83.2216395399144	46.1329004183849	77.1646419540463	58.9435969617675	14	17	16
527	0.7	22	83.2216395399144	46.1329004183849	77.1646419540463	50.5744537431632	16	17	21
528	0.7	22	83.2216395399144	46.1329004183849	77.1646419540463	55.4319409325167	12	17	19
529	0.475	22	83.2216395399144	46.1329004183849	77.1646419540463	61.8202690610751	15	17	16
530	0.485714285714286	22	83.2216395399144	46.1329004183849	77.1646419540463	-1e+21	30	17	26
531	0.55	22	83.2216395399144	46.1329004183849	77.1646419540463	47.6054556014079	19	17	22
532	0.6	22	83.2216395399144	46.1329004183849	77.1646419540463	40.5955662501794	29	17	22
533	1	22	83.2216395399144	46.1329004183849	77.1646419540463	47.3419257591148	22	17	21
534	0.7	22	83.2216395399144	46.1329004183849	77.1646419540463	33.310849094972	20	17	18
535	1	22	83.2216395399144	46.1329004183849	77.1646419540463	72.1180971562477	16	17	18
536	0.7	22	83.2216395399144	46.1329004183849	77.1646419540463	-1e+21	26	17	29
537	0.52	22	83.2216395399144	46.1329004183849	77.1646419540463	46.1666077087593	18	17	21
538	0.466666666666667	22	83.2216395399144	46.1329004183849	77.1646419540463	53.8762403606611	24	17	17
539	0.46	22	83.2216395399144	46.1329004183849	77.1646419540463	54.1396475627113	14	17	16
540	0.466666666666667	22	83.2216395399144	46.1329004183849	77.1646419540463	47.9072457794625	11	17	19
541	0.46	22	83.2216395399144	46.1329004183849	77.1646419540463	63.1578966913231	21	17	19
542	1	22	83.2216395399144	46.1329004183849	77.1646419540463	-1e+21	35	17	30
543	0.46	22	83.2216395399144	46.1329004183849	77.1646419540463	48.3613240503274	24	17	22
544	0.475	22	83.2216395399144	46.1329004183849	77.1646419540463	67.8711998807651	12	17	21
545	0.46	22	83.2216395399144	46.1329004183849	77.1646419540463	46.5468243278139	19	17	22
546	0.466666666666667	22	83.2216395399144	46.1329004183849	77.1646419540463	57.7642882092578	30	17	21
547	0.475	22	83.2216395399144	46.1329004183849	77.1646419540463	35.5151604826327	22	17	18
548	0.466666666666667	22	83.2216395399144	46.1329004183849	77.1646419540463	-1e+21	24	17	27
549	0.46	22	83.2216395399144	46.1329004183849	77.1646419540463	59.859926054251	22	17	22
550	0.466666666666667	22	83.2216395399144	46.1329004183849	77.1646419540463	47.5690383895775	20	17	17
551	0.466666666666667	22	83.2216395399144	46.1329004183849	77.1646419540463	44.0527712957537	18	17	18
552	0.46	22	83.2216395399144	46.1329004183849	77.1646419540463	59.2697235628044	18	17	18
553	0.485714285714286	22	83.2216395399144	46.1329004183849	77.1646419540463	56.4238509423039	19	17	18
554	0.475	22	83.2216395399144	46.1329004183849	77.1646419540463	-1e+21	21	17	31
555	0.55	22	83.2216395399144	46.1329004183849	77.1646419540463	32.3628161050133	21	17	20
556	0.52	22	83.2216395399144	46.1329004183849	77.1646419540463	60.7860549950008	23	17	22
557	0.52	22	83.2216395399144	46.1329004183849	77.1646419540463	57.1996425215158	22	17	14
558	0.6	22	83.2216395399144	46.1329004183849	77.1646419540463	53.8936494655845	17	17	19
559	0.52	22	83.2216395399144	46.1329004183849	77.1646419540463	65.2072228886008	15	17	19
560	0.55	22	83.2216395399144	46.1329004183849	77.1646419540463	-1e+21	22	17	29
561	0.52	22	83.2216395399144	46.1329004183849	77.1646419540463	47.6385896083568	17	17	22
562	0.485714285714286	22	83.2216395399144	46.1329004183849	77.1646419540463	50.464924251348	20	17	14
563	0.52	22	83.2216395399144	46.1329004183849	77.1646419540463	51.8259714885071	13	17	18
564	0.475	22	83.2216395399144	46.1329004183849	77.1646419540463	42.203046752118	25	17	22
565	0.475	22	83.2216395399144	46.1329004183849	77.1646419540463	43.6101309051813	20	17	21
566	0.475	22	83.2216395399144	46.1329004183849	77.1646419540463	-1e+21	14	17	26
567	0.52	22	83.2216395399144	46.1329004183849	77.1646419540463	52.3558622295985	18	17	14
568	0.5	22	83.2216395399144	46.1329004183849	77.1646419540463	46.0950610759655	22	17	13
569	0.5	22	83.2216395399144	46.1329004183849	77.1646419540463	45.6259580671842	23	17	18
570	0.52	22	83.2216395399144	46.1329004183849	77.1646419540463	55.4096409057422	19	17	22
571	0.485714285714286	22	83.2216395399144	46.1329004183849	77.1646419540463	53.6733150919989	19	17	22
572	0.55	22	83.2216395399144	46.1329004183849	77.1646419540463	-1e+21	18	17	28
573	0.52	22	83.2216395399144	46.1329004183849	77.1646419540463	57.74583967811	19	17	22
574	0.475	22	83.2216395399144	46.1329004183849	77.1646419540463	52.8636768845941	18	17	14
575	0.46	22	83.2216395399144	46.1329004183849	77.1646419540463	63.9320190989431	23	17	21
576	0.46	22	83.2216395399144	46.1329004183849	77.1646419540463	32.5910879233686	18	17	22
577	0.52	22	83.2216395399144	46.1329004183849	77.1646419540463	43.2108322032978	21	17	22
578	0.485714285714286	22	83.2216395399144	46.1329004183849	77.1646419540463	-1e+21	24	17	23
579	0.7	22	83.2216395399144	46.1329004183849	77.1646419540463	49.6595376985439	23	17	21
580	0.485714285714286	22	83.2216395399144	46.1329004183849	77.1646419540463	53.7703699799073	30	17	22
581	0.485714285714286	22	83.2216395399144	46.1329004183849	77.1646419540463	66.7723119928646	24	17	20
582	0.55	22	83.2216395399144	46.1329004183849	77.1646419540463	38.7515931169248	19	17	22
583	0.55	22	83.2216395399144	46.1329004183849	77.1646419540463	53.7680062034382	18	17	20
584	0.485714285714286	22	83.2216395399144	46.1329004183849	77.1646419540463	-1e+21	30	17	27
585	0.485714285714286	22	83.2216395399144	46.1329004183849	77.1646419540463	61.4680695236203	25	17	19
586	1	22	83.2216395399144	46.1329004183849	77.1646419540463	52.6040607588712	20	17	17
587	1	22	83.2216395399144	46.1329004183849	77.1646419540463	58.18857082816	16	17	20
588	1	22	83.2216395399144	46.1329004183849	77.1646419540463	43.2541809710904	25	17	20
589	0.485714285714286	22	83.2216395399144	46.1329004183849	77.1646419540463	21.5382856349975	20	17	18
590	0.5	22	83.2216395399144	46.1329004183849	77.1646419540463	-1e+21	20	17	28
591	0.475	22	83.2216395399144	46.1329004183849	77.1646419540463	62.6177864738324	21	17	18
592	0.6	22	83.2216395399144	46.1329004183849	77.1646419540463	51.3638611838017	18	17	20
593	0.7	22	83.2216395399144	46.1329004183849	77.1646419540463	56.2650459002443	25	17	18
594	0.475	22	83.2216395399144	46.1329004183849	77.1646419540463	56.2684560940196	19	17	17
595	0.475	22	83.2216395399144	46.1329004183849	77.1646419540463	44.7342148170787	19	17	21
596	0.485714285714286	22	83.2216395399144	46.1329004183849	77.1646419540463	-1e+21	21	17	21
597	0.5	22	83.2216395399144	46.1329004183849	77.1646419540463	60.8558547134765	19	17	21
598	0.5	22	83.2216395399144	46.1329004183849	77.1646419540463	54.3101564011385	16	17	18
599	0.5	22	83.2216395399144	46.1329004183849	77.1646419540463	50.8066160358516	26	17	20
600	0.7	22	83.2216395399144	46.1329004183849	77.1646419540463	59.1513829180962	20	17	18
601	0.55	22	83.2216395399144	46.1329004183849	77.1646419540463	57.1722496730871	18	17	21
602	0.475	22	83.2216395399144	46.1329004183849	77.1646419540463	-1e+21	20	17	28
603	0.485714285714286	22	83.2216395399144	46.1329004183849	77.1646419540463	54.5703011952431	21	17	22
604	1	22	83.2216395399144	46.1329004183849	77.1646419540463	41.1820824467019	17	17	19
605	0.55	22	83.2216395399144	46.1329004183849	77.1646419540463	45.1420800925914	20	17	22
606	0.485714285714286	22	83.2216395399144	46.1329004183849	77.1646419540463	51.6957745993132	18	17	18
607	1	22	83.2216395399144	46.1329004183849	77.1646419540463	53.1703387331312	15	17	16
608	0.52	22	83.2216395399144	46.1329004183849	77.1646419540463	-1e+21	27	17	24
609	1	22	83.2216395399144	46.1329004183849	77.1646419540463	21.6907200208686	30	17	22
610	0.475	22	83.2216395399144	46.1329004183849	77.1646419540463	53.1374164973246	31	17	22
611	1	22	83.2216395399144	46.1329004183849	77.1646419540463	38.1303440414385	34	17	20
612	0.46	22	83.2216395399144	46.1329004183849	77.1646419540463	34.8048602306296	14	17	22
613	0.485714285714286	22	83.2216395399144	46.1329004183849	77.1646419540463	40.6270936587	19	17	21
614	0.6	22	83.2216395399144	46.1329004183849	77.1646419540463	-1e+21	24	17	24
615	0.5	22	83.2216395399144	46.1329004183849	77.1646419540463	43.1541312134932	18	17	21
616	0.55	22	83.2216395399144	46.1329004183849	77.1646419540463	53.8100347237896	9	17	20
617	0.52	22	83.2216395399144	46.1329004183849	77.1646419540463	57.1464267198438	24	17	18
618	0.485714285714286	22	83.2216395399144	46.1329004183849	77.1646419540463	60.8759443019553	15	17	19
619	0.7	22	83.2216395399144	46.1329004183849	77.1646419540463	51.797808637516	23	17	16
620	1	22	83.2216395399144	46.1329004183849	77.1646419540463	-1e+21	21	17	28
621	0.485714285714286	22	83.2216395399144	46.1329004183849	77.1646419540463	54.3630239275942	20	17	18
622	0.5	22	83.2216395399144	46.1329004183849	77.1646419540463	56.633527426695	29	17	22
623	0.7	22	83.2216395399144	46.1329004183849	77.1646419540463	60.7382763379612	19	17	22
624	0.475	22	83.2216395399144	46.1329004183849	77.1646419540463	68.8521822437354	19	17	20
625	0.475	22	83.2216395399144	46.1329004183849	77.1646419540463	49.0367959028864	19	17	20
