"Iteration #"	"Inertia"	"Number of features"	"CV best"	"Permuted CV best"	"Global best fitness"	"Current best fitness"	"Number of features in current best agent"	"Number of features in global best"	"Number of features in local best"
1	1	67	96.8739148314333	56.5790271120425	57.0501171451453	57.0501171451453	35	67	1340
2	1	27	97.6633302780411	52.3157364026235	61.0212326126954	61.0212326126954	27	29	29
3	1	27	97.6633302780411	52.3157364026235	61.0212326126954	57.9536062797999	31	29	27
4	1	44	100	49.5325764786556	64.7627816966771	64.7627816966771	29	29	29
5	1	44	100	49.5325764786556	64.7627816966771	64.7627816966771	30	29	29
6	1	44	100	49.5325764786556	64.7627816966771	59.7003412230925	40	29	39
7	1	44	100	49.5325764786556	64.7627816966771	60.9845947024479	28	29	29
8	1	44	100	49.5325764786556	64.7627816966771	63.7736374498308	34	29	36
9	1	44	100	49.5325764786556	64.7627816966771	64.2429714393272	31	29	34
10	1	44	100	49.5325764786556	64.7627816966771	63.0298357489551	42	29	34
11	1	44	100	49.5325764786556	64.7627816966771	59.9596548574292	38	29	34
12	1	44	100	49.5325764786556	64.7627816966771	61.6387081234659	34	29	41
13	1	44	100	49.5325764786556	64.7627816966771	62.2246375263485	31	29	29
14	1	44	100	49.5325764786556	64.7627816966771	64.0516314355445	34	29	34
15	1	44	100	49.5325764786556	64.7627816966771	63.8826807407244	35	29	34
16	1	44	100	49.5325764786556	64.7627816966771	60.4384723013929	33	29	35
17	1	44	100	49.5325764786556	64.7627816966771	60.4865651077917	32	29	38
18	1	44	100	49.5325764786556	64.7627816966771	62.513708423335	34	29	34
19	1	44	100	49.5325764786556	64.7627816966771	61.6374095945669	32	29	34
20	1	44	100	49.5325764786556	64.7627816966771	63.5373477659937	32	29	32
21	1	44	100	49.5325764786556	64.7627816966771	63.328441847016	32	29	32
22	1	44	100	49.5325764786556	64.7627816966771	63.5373477659937	32	29	32
23	1	44	100	49.5325764786556	64.7627816966771	64.3500344345626	34	29	35
24	1	44	100	49.5325764786556	64.7627816966771	64.0875446968009	29	29	30
25	1	44	100	49.5325764786556	64.7627816966771	64.6312027493087	31	29	29
26	1	44	100	49.5325764786556	64.7627816966771	60.2653111038709	30	29	32
27	1	44	100	49.5325764786556	64.7627816966771	63.7672349110593	30	29	28
28	1	44	100	49.5325764786556	64.7627816966771	64.5723974805322	28	29	28
29	1	22	100	49.2931040895135	65.017215197042	65.017215197042	32	32	32
30	1	22	100	49.2931040895135	65.017215197042	65.017215197042	35	32	32
31	1	22	100	49.2931040895135	65.017215197042	63.7111571786408	30	32	29
32	1	22	100	49.2931040895135	65.017215197042	63.2257103319337	29	32	29
33	1	22	100	49.2931040895135	65.017215197042	64.7627816966771	29	32	29
34	1	22	100	49.2931040895135	65.017215197042	64.7627816966771	29	32	29
35	1	22	100	49.2931040895135	65.017215197042	64.7627816966771	29	32	29
36	1	22	100	49.2931040895135	65.017215197042	64.7627816966771	29	32	29
37	1	22	100	49.2931040895135	65.017215197042	64.7627816966771	29	32	29
38	1	22	100	49.2931040895135	65.017215197042	64.7627816966771	29	32	29
39	1	33	100	49.1144281958452	65.0704108677787	65.0704108677787	29	28	28
40	1	33	100	49.1144281958452	65.0704108677787	64.7627816966771	31	28	57
41	1	33	100	49.1144281958452	65.0704108677787	64.4469761858572	30	28	28
42	1	33	100	49.1144281958452	65.0704108677787	63.8576614991435	28	28	29
43	1	33	100	49.1144281958452	65.0704108677787	64.0591913892539	30	28	31
44	1	33	100	49.1144281958452	65.0704108677787	64.5358254413598	31	28	30
45	1	33	100	49.1144281958452	65.0704108677787	64.7035373928829	23	28	26
46	1	33	100	49.1144281958452	65.0704108677787	64.7627816966771	30	28	29
47	1	33	100	49.1144281958452	65.0704108677787	64.671936212651	29	28	29
48	1	33	100	49.1144281958452	65.0704108677787	64.7627816966771	29	28	29
49	1	33	100	49.1144281958452	65.0704108677787	64.7627816966771	30	28	29
50	1	33	100	49.1144281958452	65.0704108677787	64.9977756513387	29	28	29
51	1	33	100	49.1144281958452	65.0704108677787	64.9977756513387	29	28	29
52	1	33	100	49.1144281958452	65.0704108677787	64.9977756513387	29	28	29
53	1	33	100	49.1144281958452	65.0704108677787	65.0704108677787	28	28	28
54	1	33	100	49.1144281958452	65.0704108677787	65.0704108677787	28	28	28
55	1	33	100	49.1144281958452	65.0704108677787	65.0704108677787	30	28	28
56	1	24	100	48.7158307717119	65.4660826389061	65.4660826389061	29	29	29
57	1	24	100	48.7158307717119	65.4660826389061	65.4660826389061	29	29	29
58	1	24	100	48.7158307717119	65.4660826389061	65.4660826389061	29	29	29
59	1	24	100	48.7158307717119	65.4660826389061	65.4660826389061	29	29	29
60	1	24	100	48.7158307717119	65.4660826389061	65.4660826389061	29	29	29
61	1	24	100	48.7158307717119	65.4660826389061	64.9977756513387	29	29	28
62	1	24	100	48.7158307717119	65.4660826389061	64.9977756513387	29	29	28
63	1	24	100	48.7158307717119	65.4660826389061	64.9977756513387	28	29	28
64	1	27	100	48.6557198635834	65.5380110208648	65.5380110208648	27	27	27
65	1	27	100	48.6557198635834	65.5380110208648	65.5380110208648	30	27	27
66	1	27	100	48.6557198635834	65.5380110208648	64.671936212651	29	27	29
67	1	27	100	48.6557198635834	65.5380110208648	64.7627816966771	29	27	29
68	1	27	100	48.6557198635834	65.5380110208648	65.4424393532519	29	27	28
69	1	27	100	48.6557198635834	65.5380110208648	65.0704108677787	28	27	28
70	1	27	100	48.6557198635834	65.5380110208648	65.0704108677787	29	27	28
71	1	27	100	48.6557198635834	65.5380110208648	65.0704108677787	28	27	28
72	1	27	100	48.6557198635834	65.5380110208648	65.5380110208648	27	27	27
73	1	25	100	47.9724664620471	65.9145602008404	65.9145602008404	25	25	25
74	1	25	100	47.9724664620471	65.9145602008404	65.9145602008404	25	25	25
75	1	25	100	47.9724664620471	65.9145602008404	65.9145602008404	28	25	25
76	1	25	100	47.9724664620471	65.9145602008404	64.9747065631667	26	25	27
77	1	25	100	47.9724664620471	65.9145602008404	65.3789650875525	26	25	52
78	1	25	100	47.9724664620471	65.9145602008404	65.3429915476535	28	25	29
79	1	25	100	47.9724664620471	65.9145602008404	65.5380110208648	27	25	27
80	1	25	100	47.9724664620471	65.9145602008404	65.5380110208648	28	25	27
81	1	25	100	47.9724664620471	65.9145602008404	65.3429915476535	28	25	29
82	1	25	100	47.9724664620471	65.9145602008404	65.0418311053898	26	25	25
83	1	25	100	47.9724664620471	65.9145602008404	65.5380110208648	27	25	27
84	1	25	100	47.9724664620471	65.9145602008404	65.9145602008404	25	25	25
85	1	25	100	47.9724664620471	65.9145602008404	65.9145602008404	26	25	25
86	1	25	100	47.9724664620471	65.9145602008404	65.9145602008404	25	25	50
87	1	25	100	47.9724664620471	65.9145602008404	65.9145602008404	25	25	75
88	1	25	100	47.9724664620471	65.9145602008404	65.9145602008404	25	25	75
89	1	25	100	47.9724664620471	65.9145602008404	65.9145602008404	25	25	75
90	1	25	100	47.9724664620471	65.9145602008404	65.9145602008404	26	25	75
91	1	25	100	47.9724664620471	65.9145602008404	65.3789650875525	27	25	25
92	1	25	100	47.9724664620471	65.9145602008404	65.9145602008404	26	25	25
93	1	25	100	47.9724664620471	65.9145602008404	65.3789650875525	26	25	25
94	1	25	100	47.9724664620471	65.9145602008404	65.0418311053898	26	25	127
95	1	25	100	47.9724664620471	65.9145602008404	65.7838438030758	26	25	27
96	1	25	100	47.9724664620471	65.9145602008404	65.9145602008404	25	25	25
97	1	25	100	47.9724664620471	65.9145602008404	65.9145602008404	25	25	50
98	1	25	100	47.9724664620471	65.9145602008404	65.9145602008404	25	25	50
99	1	25	100	47.9724664620471	65.9145602008404	65.9145602008404	25	25	50
100	1	25	100	47.9724664620471	65.9145602008404	65.9145602008404	26	25	50
101	1	25	100	47.9724664620471	65.9145602008404	65.9145602008404	25	25	50
102	1	25	100	47.9724664620471	65.9145602008404	65.9145602008404	25	25	100
103	1	25	100	47.9724664620471	65.9145602008404	65.9145602008404	25	25	100
104	1	25	100	47.9724664620471	65.9145602008404	65.9145602008404	25	25	100
105	1	25	100	47.9724664620471	65.9145602008404	65.9145602008404	26	25	100
106	1	25	100	47.9724664620471	65.9145602008404	65.7838438030758	26	25	27
107	1	25	100	47.9724664620471	65.9145602008404	65.0418311053898	26	25	130
108	1	25	100	47.9724664620471	65.9145602008404	65.0418311053898	26	25	130
109	1	25	100	47.9724664620471	65.9145602008404	65.1948833034808	25	25	24
110	1	25	100	47.9724664620471	65.9145602008404	65.9145602008404	24	25	25
111	1	25	100	47.9724664620471	65.9145602008404	65.9145602008404	25	25	50
112	1	25	100	47.9724664620471	65.9145602008404	65.9145602008404	25	25	50
113	1	25	100	47.9724664620471	65.9145602008404	65.9145602008404	25	25	50
114	1	25	100	47.9724664620471	65.9145602008404	65.9145602008404	25	25	50
115	1	25	100	47.9724664620471	65.9145602008404	65.9145602008404	25	25	50
116	1	25	100	47.9724664620471	65.9145602008404	65.9145602008404	25	25	100
117	1	25	100	47.9724664620471	65.9145602008404	65.9145602008404	25	25	125
118	1	25	100	47.9724664620471	65.9145602008404	65.9145602008404	25	25	125
119	1	25	100	47.9724664620471	65.9145602008404	65.9145602008404	25	25	125
120	1	25	100	47.9724664620471	65.9145602008404	65.9145602008404	26	25	125
121	1	25	100	47.9724664620471	65.9145602008404	65.0418311053898	26	25	126
122	1	25	100	47.9724664620471	65.9145602008404	65.0418311053898	26	25	151
123	1	25	100	47.9724664620471	65.9145602008404	65.9145602008404	26	25	25
124	1	25	100	47.9724664620471	65.9145602008404	65.0418311053898	26	25	151
125	1	25	100	47.9724664620471	65.9145602008404	65.9145602008404	25	25	25
126	1	25	100	47.9724664620471	65.9145602008404	65.9145602008404	27	25	100
127	1	25	100	47.9724664620471	65.9145602008404	65.9145602008404	25	25	75
128	1	25	100	47.9724664620471	65.9145602008404	65.9145602008404	25	25	75
129	1	25	100	47.9724664620471	65.9145602008404	65.9145602008404	25	25	50
130	1	25	100	47.9724664620471	65.9145602008404	65.9145602008404	26	25	50
131	1	25	100	47.9724664620471	65.9145602008404	65.1734100527582	27	25	25
132	1	25	100	47.9724664620471	65.9145602008404	65.0735171246843	25	25	26
133	1	25	100	47.9724664620471	65.9145602008404	65.9145602008404	26	25	75
134	1	25	100	47.9724664620471	65.9145602008404	65.9145602008404	25	25	50
135	1	25	100	47.9724664620471	65.9145602008404	65.9145602008404	27	25	75
136	1	25	100	47.9724664620471	65.9145602008404	65.4221974565438	27	25	25
137	1	25	100	47.9724664620471	65.9145602008404	65.9145602008404	28	25	50
138	1	25	100	47.9724664620471	65.9145602008404	65.9145602008404	25	25	50
