"Iteration #"	"Inertia"	"Number of features"	"CV best"	"Permuted CV best"	"Global best fitness"	"Current best fitness"	"Number of features in current best agent"	"Number of features in global best"	"Number of features in local best"
1	1	40	73.1182984539329	49.6100075468816	27.2644963354103	27.2644963354103	40	40	800
2	1	15	73.1182984539329	49.6100075468816	31.7644963354103	31.7644963354103	40	40	760
3	1	30	69.2990990965674	42.9624418508232	38.067281693516	38.067281693516	40	30	30
4	1	30	69.2990990965674	42.9624418508232	38.629781693516	38.629781693516	40	30	30
5	1	30	69.2990990965674	42.9624418508232	38.967281693516	38.967281693516	40	30	30
6	1	30	69.2990990965674	42.9624418508232	39.192281693516	39.192281693516	40	30	30
7	1	30	69.2990990965674	42.9624418508232	39.3529959792302	39.3529959792302	40	30	30
8	1	30	69.2990990965674	42.9624418508232	39.473531693516	39.473531693516	40	30	30
9	1	30	69.2990990965674	42.9624418508232	39.473531693516	39.567281693516	40	30	30
10	1	30	69.2990990965674	42.9624418508232	39.642281693516	39.642281693516	40	30	30
11	1	30	69.2990990965674	42.9624418508232	39.642281693516	38.2814051143777	40	30	30
12	1	30	69.2990990965674	42.9624418508232	39.642281693516	35.5144963354103	40	30	760
13	1	17	77.5075846797201	39.2741942269015	50.822299559506	50.822299559506	40	17	17
14	1	17	77.5075846797201	39.2741942269015	50.822299559506	37.4101054903576	40	17	17
15	1	17	77.5075846797201	39.2741942269015	50.822299559506	35.6644963354103	40	17	760
16	1	17	77.5075846797201	39.2741942269015	50.822299559506	35.7019963354103	40	17	760
17	1	17	77.5075846797201	39.2741942269015	50.822299559506	44.5185358140241	40	17	17
18	1	19	78.0219557287847	36.105469431044	53.1551381948578	53.1551381948578	40	19	19
19	1	19	78.0219557287847	36.105469431044	53.1551381948578	53.1676381948578	40	19	19
20	1	19	78.0219557287847	36.105469431044	53.1551381948578	53.1788881948578	40	19	19
21	1	19	78.0219557287847	36.105469431044	53.1551381948578	50.0960596642763	40	19	19
22	1	19	78.0219557287847	36.105469431044	53.1551381948578	35.8554054263194	40	19	760
23	1	19	78.0219557287847	36.105469431044	53.1551381948578	36.5183246991181	40	19	19
24	1	19	78.0219557287847	36.105469431044	53.1551381948578	50.9729276021073	40	19	19
25	1	19	78.0219557287847	36.105469431044	53.1551381948578	35.9044963354103	40	19	760
26	1	19	78.0219557287847	36.105469431044	53.1551381948578	35.9183424892565	40	19	760
27	1	19	78.0219557287847	36.105469431044	53.1551381948578	41.1882211682104	40	19	19
28	1	19	78.0219557287847	36.105469431044	53.1551381948578	49.5801236762958	40	19	19
29	1	19	78.0219557287847	36.105469431044	53.1551381948578	53.2452244017543	40	19	19
30	1	19	78.0219557287847	36.105469431044	53.1551381948578	53.2501381948578	40	19	380
31	1	19	78.0219557287847	36.105469431044	53.1551381948578	53.2547349690513	40	19	380
32	1	19	78.0219557287847	36.105469431044	53.2590444448578	53.2590444448578	40	19	380
33	1	19	78.0219557287847	36.105469431044	53.2590444448578	53.2630927403123	40	19	380
34	1	19	78.0219557287847	36.105469431044	53.2590444448578	53.2669029007401	40	19	380
35	1	19	78.0219557287847	36.105469431044	53.2590444448578	53.2704953377149	40	19	380
36	1	19	78.0219557287847	36.105469431044	53.2590444448578	53.2738881948578	40	19	380
37	1	19	78.0219557287847	36.105469431044	53.2590444448578	53.2770976543172	40	19	380
38	1	19	78.0219557287847	36.105469431044	53.2590444448578	53.2801381948578	40	19	380
39	1	19	78.0219557287847	36.105469431044	53.2590444448578	53.2830228102424	40	19	380
40	1	19	78.0219557287847	36.105469431044	53.2590444448578	53.2857631948578	40	19	380
41	1	19	78.0219557287847	36.105469431044	53.2590444448578	53.2883699021748	40	19	380
42	1	19	78.0219557287847	36.105469431044	53.2590444448578	53.290852480572	40	19	380
43	1	19	78.0219557287847	36.105469431044	53.2590444448578	53.2932195902066	40	19	380
44	1	19	78.0219557287847	36.105469431044	53.2590444448578	53.2954791039487	40	19	380
45	1	19	78.0219557287847	36.105469431044	53.2590444448578	53.2976381948578	40	19	380
46	1	19	78.0219557287847	36.105469431044	53.2590444448578	53.2997034122491	40	19	380
47	1	19	78.0219557287847	36.105469431044	53.2590444448578	53.3016807480492	40	19	380
48	1	19	78.0219557287847	36.105469431044	53.2590444448578	53.3035756948578	40	19	380
49	1	19	78.0219557287847	36.105469431044	53.2590444448578	53.3053932968986	40	19	380
50	1	19	78.0219557287847	36.105469431044	53.2590444448578	53.3071381948578	40	19	380
51	1	19	78.0219557287847	36.105469431044	53.2590444448578	53.308814665446	40	19	380
52	1	19	78.0219557287847	36.105469431044	53.2590444448578	53.3104266563962	40	19	380
53	1	19	78.0219557287847	36.105469431044	53.2590444448578	53.3119778174993	40	19	380
54	1	19	78.0219557287847	36.105469431044	53.2590444448578	53.3134715281911	40	19	380
55	1	19	78.0219557287847	36.105469431044	53.2590444448578	53.3149109221305	40	19	380
56	1	19	78.0219557287847	36.105469431044	53.2590444448578	53.3162989091435	40	19	380
57	1	19	78.0219557287847	36.105469431044	53.2590444448578	53.3176381948578	40	19	380
58	1	19	78.0219557287847	36.105469431044	53.2590444448578	53.318931298306	40	19	380
59	1	19	78.0219557287847	36.105469431044	53.2590444448578	53.3201805677391	40	19	380
60	1	19	78.0219557287847	36.105469431044	53.2590444448578	53.3213881948578	40	19	380
61	1	19	78.0219557287847	36.105469431044	53.2590444448578	53.3225562276446	40	19	380
62	1	19	78.0219557287847	36.105469431044	53.2590444448578	53.3236865819545	40	19	380
63	1	19	78.0219557287847	36.105469431044	53.2590444448578	53.3247810520006	40	19	380
64	1	19	78.0219557287847	36.105469431044	53.2590444448578	53.3258413198578	40	19	380
65	1	19	78.0219557287847	36.105469431044	53.2590444448578	53.3268689640885	40	19	380
66	1	19	78.0219557287847	36.105469431044	53.2590444448578	53.327865467585	40	19	380
67	1	19	78.0219557287847	36.105469431044	53.2590444448578	53.3288322247085	40	19	380
68	1	19	78.0219557287847	36.105469431044	53.2590444448578	53.3297705477989	40	19	380
69	1	19	78.0219557287847	36.105469431044	53.2590444448578	53.3306816731186	40	19	380
70	1	19	78.0219557287847	36.105469431044	53.2590444448578	53.3315667662863	40	19	380
71	1	19	78.0219557287847	36.105469431044	53.2590444448578	53.3324269272521	40	19	361
72	1	19	78.0219557287847	36.105469431044	53.2590444448578	53.3332631948578	40	19	361
73	1	19	78.0219557287847	36.105469431044	53.2590444448578	53.3340765510221	40	19	361
74	1	19	78.0219557287847	36.105469431044	53.2590444448578	53.3348679245875	40	19	361
75	1	19	78.0219557287847	36.105469431044	53.2590444448578	53.3356381948578	40	19	361
76	1	19	78.0219557287847	36.105469431044	53.2590444448578	53.3363881948578	40	19	361
77	1	19	78.0219557287847	36.105469431044	53.2590444448578	53.3371187143383	40	19	361
78	1	19	78.0219557287847	36.105469431044	53.2590444448578	53.3378305025501	40	19	361
79	1	19	78.0219557287847	36.105469431044	53.2590444448578	53.3385242708071	40	19	361
80	1	19	78.0219557287847	36.105469431044	53.2590444448578	53.3392006948578	40	19	361
81	1	19	78.0219557287847	36.105469431044	53.2590444448578	53.33986041708	40	19	361
82	1	19	78.0219557287847	36.105469431044	53.2590444448578	53.3405040485163	40	19	361
83	1	19	78.0219557287847	36.105469431044	53.2590444448578	53.3411321707614	40	19	361
84	1	19	78.0219557287847	36.105469431044	53.2590444448578	53.3417453377149	40	19	361
85	1	19	78.0219557287847	36.105469431044	53.2590444448578	53.3423440772107	40	19	361
86	1	19	78.0219557287847	36.105469431044	53.2590444448578	53.3429288925322	40	19	361
87	1	19	78.0219557287847	36.105469431044	53.2590444448578	53.3435002638233	40	19	361
88	1	19	78.0219557287847	36.105469431044	53.2590444448578	53.3440586494032	40	19	361
89	1	19	78.0219557287847	36.105469431044	53.2590444448578	53.3446044869926	40	19	361
90	1	19	78.0219557287847	36.105469431044	53.2590444448578	53.3451381948578	40	19	361
91	1	19	78.0219557287847	36.105469431044	53.2590444448578	53.3456601728797	40	19	361
92	1	19	78.0219557287847	36.105469431044	53.2590444448578	53.3461708035534	40	19	361
93	1	19	78.0219557287847	36.105469431044	53.2590444448578	53.3466704529223	40	19	361
94	1	19	78.0219557287847	36.105469431044	53.2590444448578	53.3471594714535	40	19	361
95	1	19	78.0219557287847	36.105469431044	53.2590444448578	53.3476381948578	40	19	361
96	1	19	78.0219557287847	36.105469431044	53.2590444448578	53.3481069448578	40	19	361
97	1	19	78.0219557287847	36.105469431044	53.2590444448578	53.3485660299093	40	19	361
98	1	19	78.0219557287847	36.105469431044	53.2590444448578	53.3490157458782	40	19	361
99	1	19	78.0219557287847	36.105469431044	53.2590444448578	51.3645413383694	40	19	304
100	1	19	78.0219557287847	36.105469431044	53.2590444448578	51.364904974733	40	19	304
101	1	19	78.0219557287847	36.105469431044	53.2590444448578	51.3652614103766	40	19	304
102	1	19	78.0219557287847	36.105469431044	53.2590444448578	51.3656108570859	40	19	304
103	1	19	78.0219557287847	36.105469431044	53.2590444448578	51.3659535184223	40	19	304
104	1	19	78.0219557287847	36.105469431044	53.2590444448578	51.3662895901176	40	19	304
105	1	19	78.0219557287847	36.105469431044	53.2590444448578	51.3666192604473	40	19	304
106	1	19	78.0219557287847	36.105469431044	53.2590444448578	51.3669427105821	40	19	304
107	1	19	78.0219557287847	36.105469431044	53.2590444448578	51.3672601149199	40	19	304
108	1	19	78.0219557287847	36.105469431044	53.2590444448578	51.3675716413997	40	19	304
109	1	19	78.0219557287847	36.105469431044	53.2590444448578	51.3678774517972	40	19	304
110	1	19	78.0219557287847	36.105469431044	53.2590444448578	51.3681777020057	40	19	304
111	1	19	78.0219557287847	36.105469431044	53.2590444448578	51.3684725423006	40	19	304
112	1	19	78.0219557287847	36.105469431044	53.2590444448578	51.3687621175901	40	19	304
113	1	19	78.0219557287847	36.105469431044	53.2590444448578	51.3690465676534	40	19	304
114	1	19	78.0219557287847	36.105469431044	53.2590444448578	51.3693260273646	40	19	304
115	1	19	78.0219557287847	36.105469431044	53.2590444448578	51.3696006269069	40	19	304
116	1	19	78.0219557287847	36.105469431044	53.2590444448578	51.3698704919744	40	19	304
117	1	19	78.0219557287847	36.105469431044	53.2590444448578	51.3701357439638	40	19	304
118	1	19	78.0219557287847	36.105469431044	53.2590444448578	51.3703965001567	40	19	304
119	1	19	78.0219557287847	36.105469431044	53.2590444448578	51.3706528738927	40	19	304
120	1	19	78.0219557287847	36.105469431044	53.2590444448578	51.370904974733	40	19	304
121	1	19	78.0219557287847	36.105469431044	53.2590444448578	51.3711529086173	40	19	304
122	1	19	78.0219557287847	36.105469431044	53.2590444448578	51.3713967780117	40	19	304
123	1	19	78.0219557287847	36.105469431044	53.2590444448578	51.3716366820501	40	19	304
124	1	19	78.0219557287847	36.105469431044	53.2590444448578	51.3718727166685	40	19	304
125	1	19	78.0219557287847	36.105469431044	53.2590444448578	51.372104974733	40	19	304
126	1	19	78.0219557287847	36.105469431044	53.2590444448578	51.3723335461616	40	19	304
127	1	19	78.0219557287847	36.105469431044	53.2590444448578	51.3725585180401	40	19	304
128	1	19	78.0219557287847	36.105469431044	53.2590444448578	51.372779974733	40	19	304
129	1	19	78.0219557287847	36.105469431044	53.2590444448578	51.3729979979888	40	19	304
130	1	19	78.0219557287847	36.105469431044	53.2590444448578	51.3732126670407	40	19	304
131	1	19	78.0219557287847	36.105469431044	53.2590444448578	51.3734240587025	40	19	304
132	1	19	78.0219557287847	36.105469431044	53.2590444448578	51.3736322474603	40	19	304
133	1	19	78.0219557287847	36.105469431044	53.2590444448578	51.3738373055601	40	19	304
134	1	19	78.0219557287847	36.105469431044	53.2590444448578	51.3740393030912	40	19	304
135	1	19	78.0219557287847	36.105469431044	53.2590444448578	51.3742383080663	40	19	304
136	1	19	78.0219557287847	36.105469431044	53.2590444448578	51.3744343864977	40	19	304
137	1	19	78.0219557287847	36.105469431044	53.2590444448578	51.3746276024702	40	19	304
138	1	19	78.0219557287847	36.105469431044	53.2590444448578	51.3748180182113	40	19	304
139	1	19	78.0219557287847	36.105469431044	53.2590444448578	51.3750056941575	40	19	304
140	1	19	78.0219557287847	36.105469431044	53.2590444448578	51.3751906890187	40	19	304
141	1	19	78.0219557287847	36.105469431044	53.2590444448578	51.3753730598394	40	19	304
142	1	19	78.0219557287847	36.105469431044	53.2590444448578	51.3755528620569	40	19	304
143	1	24	83.6538987797099	39.4106021619379	58.0448634882869	58.0448634882869	40	14	266
144	1	24	83.6538987797099	39.4106021619379	58.0448634882869	58.0450164603148	40	14	266
145	1	24	83.6538987797099	39.4106021619379	58.0448634882869	58.0451673223838	40	14	266
146	1	24	83.6538987797099	39.4106021619379	58.0448634882869	58.0453161178491	40	14	266
147	1	24	83.6538987797099	39.4106021619379	58.0448634882869	58.0454628888862	40	14	266
148	1	24	83.6538987797099	39.4106021619379	58.0448634882869	58.045607676531	40	14	266
149	1	24	83.6538987797099	39.4106021619379	58.0448634882869	58.0457505207175	40	14	266
150	1	24	83.6538987797099	39.4106021619379	58.0448634882869	58.0458914603148	40	14	266
151	1	24	83.6538987797099	39.4106021619379	58.0448634882869	58.0460305331625	40	14	266
152	1	24	83.6538987797099	39.4106021619379	58.0448634882869	58.0461677761043	40	14	266
153	1	24	83.6538987797099	39.4106021619379	58.0448634882869	58.0463032250207	40	14	266
154	1	24	83.6538987797099	39.4106021619379	58.0448634882869	58.0464369148603	40	14	266
155	1	24	83.6538987797099	39.4106021619379	58.0448634882869	58.0465688796697	40	14	266
156	1	24	83.6538987797099	39.4106021619379	58.0448634882869	58.0466991526225	40	14	266
157	1	24	83.6538987797099	39.4106021619379	58.0448634882869	58.0468277660473	40	14	266
158	1	24	83.6538987797099	39.4106021619379	58.0448634882869	58.0469547514541	40	14	266
159	1	24	83.6538987797099	39.4106021619379	58.0448634882869	58.0470801395601	40	14	266
160	1	24	83.6538987797099	39.4106021619379	58.0448634882869	58.0472039603148	40	14	266
161	1	24	83.6538987797099	39.4106021619379	58.0448634882869	58.0473262429235	40	14	266
162	1	24	83.6538987797099	39.4106021619379	58.0448634882869	58.0474470158704	40	14	266
163	1	24	83.6538987797099	39.4106021619379	58.0448634882869	58.0475663069406	40	14	266
164	1	24	83.6538987797099	39.4106021619379	58.0448634882869	58.0476841432417	40	14	266
165	1	24	83.6538987797099	39.4106021619379	58.0448634882869	58.0478005512239	40	14	266
166	1	24	83.6538987797099	39.4106021619379	58.0448634882869	58.0479155567004	40	14	266
167	1	24	83.6538987797099	39.4106021619379	58.0448634882869	58.0480291848657	40	14	266
168	1	24	83.6538987797099	39.4106021619379	58.0448634882869	58.0481414603148	40	14	266
169	1	24	83.6538987797099	39.4106021619379	58.0448634882869	58.0482524070604	40	14	266
170	1	24	83.6538987797099	39.4106021619379	58.0448634882869	58.0483620485501	40	14	266
171	1	24	83.6538987797099	39.4106021619379	58.0448634882869	58.0484704076832	40	14	266
172	1	24	83.6538987797099	39.4106021619379	58.0448634882869	58.0485775068264	40	14	266
173	1	24	83.6538987797099	39.4106021619379	58.0448634882869	58.0486833678293	40	14	266
174	1	24	83.6538987797099	39.4106021619379	58.0448634882869	58.048788012039	40	14	266
175	1	24	83.6538987797099	39.4106021619379	58.0448634882869	58.0488914603148	40	14	266
176	1	24	83.6538987797099	39.4106021619379	58.0448634882869	58.0489937330421	40	14	266
177	1	24	83.6538987797099	39.4106021619379	58.0448634882869	56.4887944142174	40	14	190
178	1	24	83.6538987797099	39.4106021619379	58.0448634882869	56.4888658291859	40	14	190
179	1	24	83.6538987797099	39.4106021619379	58.0448634882869	56.4889364462219	40	14	190
180	1	24	83.6538987797099	39.4106021619379	58.0448634882869	56.4890062786241	40	14	190
181	1	24	83.6538987797099	39.4106021619379	58.0448634882869	56.4890753393976	40	14	190
182	1	24	83.6538987797099	39.4106021619379	58.0448634882869	56.4891436412615	40	14	190
183	1	24	83.6538987797099	39.4106021619379	58.0448634882869	56.4892111966569	40	14	190
184	1	24	83.6538987797099	39.4106021619379	58.0448634882869	56.4892780177546	40	14	190
185	1	24	83.6538987797099	39.4106021619379	58.0448634882869	56.489344116462	40	14	190
186	1	24	83.6538987797099	39.4106021619379	58.0448634882869	56.4894095044306	40	14	190
187	1	24	83.6538987797099	39.4106021619379	58.0448634882869	56.4894741930626	40	14	190
188	1	24	83.6538987797099	39.4106021619379	58.0448634882869	56.4895381935178	40	14	190
189	1	24	83.6538987797099	39.4106021619379	58.0448634882869	56.4896015167194	40	14	190
190	1	24	83.6538987797099	39.4106021619379	58.0448634882869	56.489664173361	40	14	190
191	1	24	83.6538987797099	39.4106021619379	58.0448634882869	56.4897261739121	40	14	190
192	1	24	83.6538987797099	39.4106021619379	58.0448634882869	56.4897875286241	40	14	190
193	1	24	83.6538987797099	39.4106021619379	58.0448634882869	56.4898482475361	40	14	190
194	1	24	83.6538987797099	39.4106021619379	58.0448634882869	56.4899083404798	40	14	190
195	1	24	83.6538987797099	39.4106021619379	58.0448634882869	56.4899678170857	40	14	190
196	1	24	83.6538987797099	39.4106021619379	58.0448634882869	56.4900266867874	40	14	190
197	1	24	83.6538987797099	39.4106021619379	58.0448634882869	56.4900849588272	40	14	190
198	1	24	83.6538987797099	39.4106021619379	58.0448634882869	56.4901426422605	40	14	190
199	1	24	83.6538987797099	39.4106021619379	58.0448634882869	56.4901997459608	40	14	190
200	1	24	83.6538987797099	39.4106021619379	58.0448634882869	56.4902562786242	40	14	190
201	1	24	83.6538987797099	39.4106021619379	58.0448634882869	56.4903122487734	40	14	190
202	1	24	83.6538987797099	39.4106021619379	58.0448634882869	56.4903676647628	40	14	190
203	1	24	83.6538987797099	39.4106021619379	58.0448634882869	56.4904225347818	40	14	190
204	1	24	83.6538987797099	39.4106021619379	58.0448634882869	56.4904768668594	40	14	190
205	1	24	83.6538987797099	39.4106021619379	58.0448634882869	56.4905306688681	40	14	190
206	1	24	83.6538987797099	39.4106021619379	58.0448634882869	56.4905839485271	40	14	190
207	1	24	83.6538987797099	39.4106021619379	58.0448634882869	56.4906367134068	40	14	190
208	1	24	83.6538987797099	39.4106021619379	58.0448634882869	56.4906889709318	40	14	190
209	1	24	83.6538987797099	39.4106021619379	58.0448634882869	56.4907407283849	40	14	190
210	1	24	83.6538987797099	39.4106021619379	58.0448634882869	56.4907919929099	40	14	190
211	1	24	83.6538987797099	39.4106021619379	58.0448634882869	56.4908427715151	40	14	190
212	1	24	83.6538987797099	39.4106021619379	58.0448634882869	56.490893071077	40	14	190
213	1	24	83.6538987797099	39.4106021619379	58.0448634882869	56.4909428983425	40	14	190
214	1	24	83.6538987797099	39.4106021619379	58.0448634882869	56.4909922599326	40	14	190
215	1	24	83.6538987797099	39.4106021619379	58.0448634882869	56.4910411623451	40	14	190
216	1	24	83.6538987797099	39.4106021619379	58.0448634882869	56.4910896119575	40	14	190
217	1	24	83.6538987797099	39.4106021619379	58.0448634882869	56.4911376150297	40	14	190
218	1	24	83.6538987797099	39.4106021619379	58.0448634882869	56.4911851777067	40	14	190
219	1	24	83.6538987797099	39.4106021619379	58.0448634882869	56.4912323060214	40	14	190
220	1	24	83.6538987797099	39.4106021619379	58.0448634882869	56.4912790058969	40	14	190
221	1	24	83.6538987797099	39.4106021619379	58.0448634882869	56.491325283149	40	14	190
222	1	24	83.6538987797099	39.4106021619379	58.0448634882869	56.491371143489	40	14	190
223	1	24	83.6538987797099	39.4106021619379	58.0448634882869	56.4914165925255	40	14	190
224	1	24	83.6538987797099	39.4106021619379	58.0448634882869	56.491461635767	40	14	190
225	1	24	83.6538987797099	39.4106021619379	58.0448634882869	56.4915062786242	40	14	190
226	1	24	83.6538987797099	39.4106021619379	58.0448634882869	56.4915505264118	40	14	190
227	1	24	83.6538987797099	39.4106021619379	58.0448634882869	56.491594384351	40	14	190
228	1	24	83.6538987797099	39.4106021619379	58.0448634882869	56.4916378575715	40	14	190
229	1	24	83.6538987797099	39.4106021619379	58.0448634882869	56.4916809511132	40	14	190
230	1	24	83.6538987797099	39.4106021619379	58.0448634882869	56.6217863724037	40	14	16
231	1	24	83.6538987797099	39.4106021619379	58.0448634882869	56.4917660188839	40	14	190
232	1	8	88.8361972465735	40.3983198759225	59.6423733512863	59.6423733512863	40	9	171
233	1	8	88.8361972465735	40.3983198759225	59.6423733512863	59.6424108124377	40	9	171
234	1	8	88.8361972465735	40.3983198759225	59.6423733512863	59.6424479534083	40	9	171
235	1	8	88.8361972465735	40.3983198759225	59.6423733512863	59.6424847782856	40	9	171
236	1	8	88.8361972465735	40.3983198759225	59.6423733512863	59.6425212910876	40	9	171
237	1	8	88.8361972465735	40.3983198759225	59.6423733512863	59.6425574957647	40	9	171
238	1	8	88.8361972465735	40.3983198759225	59.6423733512863	59.6425933962008	40	9	171
239	1	8	88.8361972465735	40.3983198759225	59.6423733512863	59.6426289962149	40	9	171
240	1	8	88.8361972465735	40.3983198759225	59.6423733512863	59.6426642995622	40	9	171
241	1	8	88.8361972465735	40.3983198759225	59.6423733512863	59.6426993099356	40	9	171
242	1	8	88.8361972465735	40.3983198759225	59.6423733512863	59.6427340309671	40	9	171
243	1	8	88.8361972465735	40.3983198759225	59.6423733512863	59.6427684662289	40	9	171
244	1	8	88.8361972465735	40.3983198759225	59.6423733512863	59.6428026192343	40	9	171
245	1	8	88.8361972465735	40.3983198759225	59.6423733512863	59.6428364934397	40	9	171
246	1	8	88.8361972465735	40.3983198759225	59.6423733512863	59.6428700922451	40	9	171
247	1	8	88.8361972465735	40.3983198759225	59.6423733512863	59.6429034189954	40	9	171
248	1	8	88.8361972465735	40.3983198759225	59.6423733512863	59.6429364769815	40	9	171
249	1	8	88.8361972465735	40.3983198759225	59.6423733512863	59.6429692694417	40	9	171
250	1	8	88.8361972465735	40.3983198759225	59.6423733512863	59.6430017995622	40	9	171
251	1	8	88.8361972465735	40.3983198759225	59.6423733512863	59.6430340704785	40	9	171
252	1	8	88.8361972465735	40.3983198759225	59.6423733512863	59.6430660852765	40	9	171
253	1	8	88.8361972465735	40.3983198759225	59.6423733512863	59.643097846993	40	9	171
254	1	8	88.8361972465735	40.3983198759225	59.6423733512863	59.6431293586173	40	9	171
255	1	8	88.8361972465735	40.3983198759225	59.6423733512863	59.6431606230916	40	9	171
256	1	8	88.8361972465735	40.3983198759225	59.6423733512863	59.6431916433122	40	9	171
257	1	8	88.8361972465735	40.3983198759225	59.6423733512863	59.6432224221303	40	9	171
258	1	8	88.8361972465735	40.3983198759225	59.6423733512863	59.6432529623529	40	9	171
259	1	8	88.8361972465735	40.3983198759225	59.6423733512863	59.6432832667437	40	9	171
260	1	8	88.8361972465735	40.3983198759225	59.6423733512863	59.6433133380237	40	9	171
261	1	8	88.8361972465735	40.3983198759225	59.6423733512863	59.6433431788725	40	9	171
262	1	8	88.8361972465735	40.3983198759225	59.6423733512863	59.6433727919286	40	9	171
263	1	8	88.8361972465735	40.3983198759225	59.6423733512863	59.6434021797903	40	9	171
264	1	8	88.8361972465735	40.3983198759225	59.6423733512863	59.6434313450167	40	9	171
265	1	8	88.8361972465735	40.3983198759225	59.6423733512863	59.6434602901282	40	9	171
266	1	8	88.8361972465735	40.3983198759225	59.6423733512863	59.6434890176073	40	9	171
267	1	8	88.8361972465735	40.3983198759225	59.6423733512863	59.6435175298993	40	9	171
268	1	8	88.8361972465735	40.3983198759225	59.6423733512863	59.6435458294129	40	9	171
269	1	8	88.8361972465735	40.3983198759225	59.6423733512863	59.6435739185213	40	9	171
270	1	8	88.8361972465735	40.3983198759225	59.6423733512863	59.6436017995622	40	9	171
271	1	8	88.8361972465735	40.3983198759225	59.6423733512863	59.6436294748389	40	9	171
272	1	8	88.8361972465735	40.3983198759225	59.6423733512863	59.643656946621	40	9	171
273	1	8	88.8361972465735	40.3983198759225	59.6423733512863	59.6436842171446	40	9	171
274	1	8	88.8361972465735	40.3983198759225	59.6423733512863	59.6437112886133	40	9	171
275	1	8	88.8361972465735	40.3983198759225	59.6423733512863	59.6437381631985	40	9	171
276	1	8	88.8361972465735	40.3983198759225	59.6423733512863	59.6437648430404	40	9	171
277	1	8	88.8361972465735	40.3983198759225	59.6423733512863	59.6437913302481	40	9	171
278	1	8	88.8361972465735	40.3983198759225	59.6423733512863	59.6438176269003	40	9	171
279	1	8	88.8361972465735	40.3983198759225	59.6423733512863	59.6438437350461	40	9	171
280	1	8	88.8361972465735	40.3983198759225	59.6423733512863	59.643869656705	40	9	171
281	1	8	88.8361972465735	40.3983198759225	59.6423733512863	59.6438953938682	40	9	171
282	1	8	88.8361972465735	40.3983198759225	59.6423733512863	59.6439209484984	40	9	171
283	1	8	88.8361972465735	40.3983198759225	59.6423733512863	59.6439463225304	40	9	171
284	1	8	88.8361972465735	40.3983198759225	59.6423733512863	59.643971517872	40	9	171
285	1	8	88.8361972465735	40.3983198759225	59.6423733512863	59.6439965364043	40	9	171
286	1	8	88.8361972465735	40.3983198759225	59.6423733512863	59.6440213799818	40	9	171
287	1	8	88.8361972465735	40.3983198759225	59.6423733512863	59.6440460504333	40	9	171
288	1	8	88.8361972465735	40.3983198759225	59.6423733512863	59.7357322826078	40	9	152
289	1	8	88.8361972465735	40.3983198759225	59.6423733512863	59.7357539089054	40	9	152
290	1	8	88.8361972465735	40.3983198759225	59.6423733512863	59.7357753860561	40	9	152
291	1	8	88.8361972465735	40.3983198759225	59.6423733512863	59.7357967155975	40	9	152
292	1	8	88.8361972465735	40.3983198759225	59.6423733512863	59.7358178990461	40	9	152
293	1	8	88.8361972465735	40.3983198759225	59.6423733512863	59.7358389378979	40	9	152
294	1	8	88.8361972465735	40.3983198759225	59.6423733512863	59.7358598336282	40	9	152
295	1	8	88.8361972465735	40.3983198759225	59.6423733512863	59.7358805876925	40	9	152
296	1	8	88.8361972465735	40.3983198759225	59.6423733512863	59.7359012015267	40	9	152
297	1	8	88.8361972465735	40.3983198759225	59.6423733512863	59.7359216765472	40	9	152
298	1	8	88.8361972465735	40.3983198759225	59.6423733512863	59.7359420141514	40	9	152
299	1	8	88.8361972465735	40.3983198759225	59.6423733512863	59.7359622157182	40	9	152
300	1	8	88.8361972465735	40.3983198759225	59.6423733512863	59.7359822826078	40	9	152
301	1	8	88.8361972465735	40.3983198759225	59.6423733512863	59.7360022161626	40	9	152
302	1	8	88.8361972465735	40.3983198759225	59.6423733512863	59.7360220177071	40	9	152
303	1	8	88.8361972465735	40.3983198759225	59.6423733512863	59.7360416885484	40	9	152
304	1	8	88.8361972465735	40.3983198759225	59.6423733512863	59.7360612299762	40	9	152
305	1	8	88.8361972465735	40.3983198759225	59.6423733512863	59.7360806432635	40	9	152
306	1	8	88.8361972465735	40.3983198759225	59.6423733512863	59.7360999296666	40	9	152
307	1	8	88.8361972465735	40.3983198759225	59.6423733512863	59.7361190904254	40	9	152
308	1	8	88.8361972465735	40.3983198759225	59.6423733512863	59.7361381267636	40	9	152
309	1	8	88.8361972465735	40.3983198759225	59.6423733512863	59.7361570398893	40	9	152
310	1	8	88.8361972465735	40.3983198759225	59.6423733512863	59.7361758309949	40	9	152
311	1	8	88.8361972465735	40.3983198759225	59.6423733512863	59.7361945012573	40	9	152
312	1	8	88.8361972465735	40.3983198759225	59.6423733512863	59.7362130518386	40	9	152
313	1	8	88.8361972465735	40.3983198759225	59.6423733512863	59.7362314838857	40	9	152
314	1	8	88.8361972465735	40.3983198759225	59.6423733512863	59.7362497985313	40	9	152
315	1	8	88.8361972465735	40.3983198759225	59.6423733512863	59.7362679968935	40	9	152
316	1	8	88.8361972465735	40.3983198759225	59.6423733512863	59.7362860800761	40	9	152
317	1	8	88.8361972465735	40.3983198759225	59.6423733512863	59.7363040491693	40	9	152
318	1	8	88.8361972465735	40.3983198759225	59.6423733512863	59.7363219052493	40	9	152
319	1	8	88.8361972465735	40.3983198759225	59.6423733512863	59.7363396493789	40	9	152
320	1	8	88.8361972465735	40.3983198759225	59.6423733512863	59.7363572826078	40	9	152
321	1	8	88.8361972465735	40.3983198759225	59.6423733512863	59.7363748059723	40	9	152
322	1	8	88.8361972465735	40.3983198759225	59.6423733512863	59.736392220496	40	9	152
323	1	8	88.8361972465735	40.3983198759225	59.6423733512863	59.7364095271898	40	9	152
324	1	8	88.8361972465735	40.3983198759225	59.6423733512863	59.7364267270522	40	9	152
325	1	8	88.8361972465735	40.3983198759225	59.6423733512863	59.7364438210693	40	9	152
326	1	8	88.8361972465735	40.3983198759225	59.6423733512863	59.7364608102151	40	9	152
327	1	8	88.8361972465735	40.3983198759225	59.6423733512863	59.7364776954518	40	9	152
328	1	8	88.8361972465735	40.3983198759225	59.6423733512863	59.7364944777297	40	9	152
329	1	8	88.8361972465735	40.3983198759225	59.6423733512863	59.7365111579877	40	9	152
330	1	8	88.8361972465735	40.3983198759225	59.6423733512863	59.7365277371532	40	9	152
331	1	8	88.8361972465735	40.3983198759225	59.6423733512863	59.7365442161425	40	9	152
332	1	8	88.8361972465735	40.3983198759225	59.6423733512863	59.7365605958608	40	9	152
333	1	8	88.8361972465735	40.3983198759225	59.6423733512863	59.7365768772024	40	9	152
334	1	8	88.8361972465735	40.3983198759225	59.6423733512863	59.7365930610509	40	9	152
335	1	8	88.8361972465735	40.3983198759225	59.6423733512863	59.7366091482794	40	9	152
336	1	8	88.8361972465735	40.3983198759225	59.6423733512863	59.7366251397506	40	9	152
337	1	8	88.8361972465735	40.3983198759225	59.6423733512863	59.736641036317	40	9	152
338	1	8	88.8361972465735	40.3983198759225	59.6423733512863	59.7366568388208	40	9	152
339	1	8	88.8361972465735	40.3983198759225	59.6423733512863	59.7366725480945	40	9	152
340	1	8	88.8361972465735	40.3983198759225	59.6423733512863	59.7366881649607	40	9	152
341	1	8	88.8361972465735	40.3983198759225	59.6423733512863	59.7367036902324	40	9	152
342	1	8	88.8361972465735	40.3983198759225	59.6423733512863	59.736719124713	40	9	152
343	1	8	88.8361972465735	40.3983198759225	59.6423733512863	59.7367344691967	40	9	152
344	1	8	88.8361972465735	40.3983198759225	59.6423733512863	59.7367497244682	40	9	152
345	1	8	88.8361972465735	40.3983198759225	59.6423733512863	59.7367648913034	40	9	152
346	1	8	88.8361972465735	40.3983198759225	59.6423733512863	59.7367799704691	40	9	152
347	1	8	88.8361972465735	40.3983198759225	59.6423733512863	59.7367949627231	40	9	152
348	1	8	88.8361972465735	40.3983198759225	59.6423733512863	59.7368098688147	40	9	152
349	1	8	88.8361972465735	40.3983198759225	59.6423733512863	59.7368246894846	40	9	152
350	1	8	88.8361972465735	40.3983198759225	59.6423733512863	59.7368394254649	40	9	152
351	1	8	88.8361972465735	40.3983198759225	59.6423733512863	59.7368540774796	40	9	152
352	1	8	88.8361972465735	40.3983198759225	59.6423733512863	59.7368686462441	40	9	152
353	1	8	88.8361972465735	40.3983198759225	59.6423733512863	59.7368831324661	40	9	152
354	1	8	88.8361972465735	40.3983198759225	59.6423733512863	59.7368975368451	40	9	152
355	1	8	88.8361972465735	40.3983198759225	59.6423733512863	59.7369118600726	40	9	152
356	1	8	88.8361972465735	40.3983198759225	59.6423733512863	59.7369261028325	40	9	152
357	1	8	88.8361972465735	40.3983198759225	59.6423733512863	59.7369402658011	40	9	152
358	1	8	88.8361972465735	40.3983198759225	59.6423733512863	59.7369543496469	40	9	152
359	1	8	88.8361972465735	40.3983198759225	59.6423733512863	59.7369683550312	40	9	152
360	1	8	88.8361972465735	40.3983198759225	59.6423733512863	59.7369822826078	40	9	152
361	1	8	88.8361972465735	40.3983198759225	59.6423733512863	59.7369961330233	40	9	152
362	1	8	88.8361972465735	40.3983198759225	59.6423733512863	59.7370099069172	40	9	152
363	1	8	88.8361972465735	40.3983198759225	59.6423733512863	59.7370236049218	40	9	152
364	1	8	88.8361972465735	40.3983198759225	59.6423733512863	59.7370372276627	40	9	152
365	1	8	88.8361972465735	40.3983198759225	59.6423733512863	59.7370507757585	40	9	152
366	1	8	88.8361972465735	40.3983198759225	59.6423733512863	59.7370642498209	40	9	152
367	1	8	88.8361972465735	40.3983198759225	59.6423733512863	59.7370776504552	40	9	152
368	1	8	88.8361972465735	40.3983198759225	59.6423733512863	59.73709097826	40	9	152
369	1	8	88.8361972465735	40.3983198759225	59.6423733512863	59.7371042338273	40	9	152
370	1	8	88.8361972465735	40.3983198759225	59.6423733512863	59.7371174177429	40	9	152
371	1	8	88.8361972465735	40.3983198759225	59.6423733512863	59.7371305305862	40	9	152
372	1	8	88.8361972465735	40.3983198759225	59.6423733512863	59.7371435729304	40	9	152
373	1	8	88.8361972465735	40.3983198759225	59.6423733512863	59.7371565453424	40	9	152
374	1	8	88.8361972465735	40.3983198759225	59.6423733512863	59.7371694483832	40	9	152
375	1	8	88.8361972465735	40.3983198759225	59.6423733512863	59.7371822826078	40	9	152
376	1	8	88.8361972465735	40.3983198759225	59.6423733512863	59.7371950485652	40	9	152
377	1	8	88.8361972465735	40.3983198759225	59.6423733512863	59.7372077467988	40	9	152
378	1	8	88.8361972465735	40.3983198759225	59.6423733512863	59.7372203778459	40	9	152
379	1	8	88.8361972465735	40.3983198759225	59.6423733512863	59.7372329422384	40	9	152
380	1	8	88.8361972465735	40.3983198759225	59.6423733512863	59.7372454405025	40	9	152
381	1	8	88.8361972465735	40.3983198759225	59.6423733512863	59.737257873159	40	9	152
382	1	8	88.8361972465735	40.3983198759225	59.6423733512863	59.737270240723	40	9	152
383	1	8	88.8361972465735	40.3983198759225	59.6423733512863	59.7372825437044	40	9	152
384	1	8	88.8361972465735	40.3983198759225	59.6423733512863	59.7372947826078	40	9	152
385	1	8	88.8361972465735	40.3983198759225	59.6423733512863	59.7373069579325	40	9	152
386	1	8	88.8361972465735	40.3983198759225	59.6423733512863	59.7373190701725	40	9	152
387	1	8	88.8361972465735	40.3983198759225	59.6423733512863	59.7373311198171	40	9	152
388	1	8	88.8361972465735	40.3983198759225	59.6423733512863	59.73734310735	40	9	152
389	1	8	88.8361972465735	40.3983198759225	59.6423733512863	59.7373550332505	40	9	152
390	1	8	88.8361972465735	40.3983198759225	59.6423733512863	59.7373668979924	40	9	152
391	1	8	88.8361972465735	40.3983198759225	59.6423733512863	59.7373787020451	40	9	152
392	1	8	88.8361972465735	40.3983198759225	59.6423733512863	59.7373904458731	40	9	152
393	1	8	88.8361972465735	40.3983198759225	59.6423733512863	59.737402129936	40	9	152
394	1	8	88.8361972465735	40.3983198759225	59.6423733512863	59.737413754689	40	9	152
395	1	8	88.8361972465735	40.3983198759225	59.6423733512863	59.7374253205825	40	9	152
396	1	8	88.8361972465735	40.3983198759225	59.6423733512863	59.7374368280623	40	9	152
397	1	8	88.8361972465735	40.3983198759225	59.6423733512863	59.73744827757	40	9	152
398	1	8	88.8361972465735	40.3983198759225	59.6423733512863	59.7374596695425	40	9	152
399	1	8	88.8361972465735	40.3983198759225	59.6423733512863	59.7374710044123	40	9	152
400	1	8	88.8361972465735	40.3983198759225	59.6423733512863	59.7374822826078	40	9	152
401	1	8	88.8361972465735	40.3983198759225	59.6423733512863	59.7374935045529	40	9	152
402	1	8	88.8361972465735	40.3983198759225	59.6423733512863	59.7375046706675	40	9	152
403	1	8	88.8361972465735	40.3983198759225	59.6423733512863	59.7375157813671	40	9	152
404	1	8	88.8361972465735	40.3983198759225	59.6423733512863	59.7375268370632	40	9	152
405	1	8	88.8361972465735	40.3983198759225	59.6423733512863	59.7375378381633	40	9	152
406	1	8	88.8361972465735	40.3983198759225	59.6423733512863	59.7375487850708	40	9	152
407	1	8	88.8361972465735	40.3983198759225	59.6423733512863	59.7375596781852	40	9	152
408	1	8	88.8361972465735	40.3983198759225	59.6423733512863	59.7375705179019	40	9	152
409	1	8	88.8361972465735	40.3983198759225	59.6423733512863	59.7375813046127	40	9	152
410	1	8	88.8361972465735	40.3983198759225	59.6423733512863	59.7375920387053	40	9	152
411	1	8	88.8361972465735	40.3983198759225	59.6423733512863	59.737602720564	40	9	152
412	1	8	88.8361972465735	40.3983198759225	59.6423733512863	59.7376133505689	40	9	152
413	1	8	88.8361972465735	40.3983198759225	59.6423733512863	59.7376239290969	40	9	152
414	1	8	88.8361972465735	40.3983198759225	59.6423733512863	59.7376344565208	40	9	152
415	1	8	88.8361972465735	40.3983198759225	59.6423733512863	59.7376449332102	40	9	152
416	1	8	88.8361972465735	40.3983198759225	59.6423733512863	59.7376553595309	40	9	152
417	1	8	88.8361972465735	40.3983198759225	59.6423733512863	59.7376657358452	40	9	152
418	1	8	88.8361972465735	40.3983198759225	59.6423733512863	59.7376760625121	40	9	152
419	1	8	88.8361972465735	40.3983198759225	59.6423733512863	59.737686339887	40	9	152
420	1	8	88.8361972465735	40.3983198759225	59.6423733512863	59.7376965683221	40	9	152
421	1	8	88.8361972465735	40.3983198759225	59.6423733512863	59.737706748166	40	9	152
422	1	8	88.8361972465735	40.3983198759225	59.6423733512863	59.7377168797642	40	9	152
423	1	8	88.8361972465735	40.3983198759225	59.6423733512863	59.7377269634588	40	9	152
424	1	8	88.8361972465735	40.3983198759225	59.6423733512863	59.7377369995889	40	9	152
425	1	8	88.8361972465735	40.3983198759225	59.6423733512863	59.7377469884901	40	9	152
426	1	8	88.8361972465735	40.3983198759225	59.6423733512863	59.7377569304951	40	9	152
427	1	8	88.8361972465735	40.3983198759225	59.6423733512863	59.7377668259333	40	9	152
428	1	8	88.8361972465735	40.3983198759225	59.6423733512863	59.7377766751311	40	9	152
429	1	8	88.8361972465735	40.3983198759225	59.6423733512863	59.737786478412	40	9	152
430	1	8	88.8361972465735	40.3983198759225	59.6423733512863	59.7377962360962	40	9	152
431	1	8	88.8361972465735	40.3983198759225	59.6423733512863	59.7378059485011	40	9	152
432	1	8	88.8361972465735	40.3983198759225	59.6423733512863	59.7378156159411	40	9	152
433	1	8	88.8361972465735	40.3983198759225	59.6423733512863	59.7378252387279	40	9	152
434	1	8	88.8361972465735	40.3983198759225	59.6423733512863	59.73783481717	40	9	152
435	1	8	88.8361972465735	40.3983198759225	59.6423733512863	59.7378443515733	40	9	152
436	1	8	88.8361972465735	40.3983198759225	59.6423733512863	59.7378538422408	40	9	152
437	1	8	88.8361972465735	40.3983198759225	59.6423733512863	59.7378632894728	40	9	152
438	1	8	88.8361972465735	40.3983198759225	59.6423733512863	59.7378726935667	40	9	152
439	1	8	88.8361972465735	40.3983198759225	59.6423733512863	59.7378820548173	40	9	152
440	1	8	88.8361972465735	40.3983198759225	59.6423733512863	59.7378913735169	40	9	152
441	1	8	88.8361972465735	40.3983198759225	59.6423733512863	59.7379006499547	40	9	152
442	1	8	88.8361972465735	40.3983198759225	59.6423733512863	59.7379098844177	40	9	152
443	1	8	88.8361972465735	40.3983198759225	59.6423733512863	59.7379190771902	40	9	152
444	1	8	88.8361972465735	40.3983198759225	59.6423733512863	59.7379282285537	40	9	152
445	1	8	88.8361972465735	40.3983198759225	59.6423733512863	59.7379373387876	40	9	152
446	1	8	88.8361972465735	40.3983198759225	59.6423733512863	59.7379464081683	40	9	152
447	1	8	88.8361972465735	40.3983198759225	59.6423733512863	59.7379554369702	40	9	152
448	1	8	88.8361972465735	40.3983198759225	59.6423733512863	59.7379644254649	40	9	152
449	1	8	88.8361972465735	40.3983198759225	59.6423733512863	59.7379733739218	40	9	152
450	1	8	88.8361972465735	40.3983198759225	59.6423733512863	59.7379822826078	40	9	152
451	1	8	88.8361972465735	40.3983198759225	59.6423733512863	59.7379911517874	40	9	152
452	1	8	88.8361972465735	40.3983198759225	59.6423733512863	59.7379999817228	40	9	152
453	1	8	88.8361972465735	40.3983198759225	59.6423733512863	59.738008772674	40	9	152
454	1	8	88.8361972465735	40.3983198759225	59.6423733512863	59.7380175248985	40	9	152
455	1	8	88.8361972465735	40.3983198759225	59.6423733512863	59.7380262386517	40	9	152
456	1	8	88.8361972465735	40.3983198759225	59.6423733512863	59.7380349141867	40	9	152
457	1	8	88.8361972465735	40.3983198759225	59.6423733512863	59.7380435517544	40	9	152
458	1	8	88.8361972465735	40.3983198759225	59.6423733512863	59.7380521516034	40	9	152
459	1	8	88.8361972465735	40.3983198759225	59.6423733512863	59.7380607139803	40	9	152
460	1	8	88.8361972465735	40.3983198759225	59.6423733512863	59.7380692391295	40	9	152
461	1	8	88.8361972465735	40.3983198759225	59.6423733512863	59.7380777272932	40	9	152
462	1	8	88.8361972465735	40.3983198759225	59.6423733512863	59.7380861787117	40	9	152
463	1	8	88.8361972465735	40.3983198759225	59.6423733512863	59.7380945936229	40	9	152
464	1	8	88.8361972465735	40.3983198759225	59.6423733512863	59.3238032444943	40	9	133
465	1	8	88.8361972465735	40.3983198759225	59.6423733512863	59.3238105442719	40	9	133
466	1	8	88.8361972465735	40.3983198759225	59.6423733512863	59.3238178127199	40	9	133
467	1	8	88.8361972465735	40.3983198759225	59.6423733512863	59.3238250500396	40	9	133
468	1	8	88.8361972465735	40.3983198759225	59.6423733512863	59.3238322564307	40	9	133
469	1	8	88.8361972465735	40.3983198759225	59.6423733512863	59.3238394320908	40	9	133
470	1	8	88.8361972465735	40.3983198759225	59.6423733512863	59.3238465772163	40	9	133
471	1	8	88.8361972465735	40.3983198759225	59.6423733512863	59.3238536920015	40	9	133
472	1	8	88.8361972465735	40.3983198759225	59.6423733512863	59.3238607766393	40	9	133
473	1	8	88.8361972465735	40.3983198759225	59.6423733512863	59.3238678313209	40	9	133
474	1	8	88.8361972465735	40.3983198759225	59.6423733512863	59.3238748562359	40	9	133
475	1	8	88.8361972465735	40.3983198759225	59.6423733512863	59.3238818515724	40	9	133
476	1	8	88.8361972465735	40.3983198759225	59.6423733512863	59.3238888175166	40	9	133
477	1	8	88.8361972465735	40.3983198759225	59.6423733512863	59.3238957542536	40	9	133
478	1	8	88.8361972465735	40.3983198759225	59.6423733512863	59.3239026619666	40	9	133
479	1	8	88.8361972465735	40.3983198759225	59.6423733512863	59.3239095408373	40	9	133
480	1	8	88.8361972465735	40.3983198759225	59.6423733512863	59.3239163910461	40	9	133
481	1	8	88.8361972465735	40.3983198759225	59.6423733512863	59.3239232127716	40	9	133
482	1	8	88.8361972465735	40.3983198759225	59.6423733512863	59.3239300061913	40	9	133
483	1	8	88.8361972465735	40.3983198759225	59.6423733512863	59.3239367714808	40	9	133
484	1	8	88.8361972465735	40.3983198759225	59.6423733512863	59.3239435088147	40	9	133
485	1	8	88.8361972465735	40.3983198759225	59.6423733512863	59.3239502183656	40	9	133
486	1	8	88.8361972465735	40.3983198759225	59.6423733512863	59.3239569003053	40	9	133
487	1	8	88.8361972465735	40.3983198759225	59.6423733512863	59.3239635548038	40	9	133
488	1	8	88.8361972465735	40.3983198759225	59.6423733512863	59.3239701820297	40	9	133
489	1	8	88.8361972465735	40.3983198759225	59.6423733512863	59.3239767821503	40	9	133
490	1	8	88.8361972465735	40.3983198759225	59.6423733512863	59.3239833553318	40	9	133
491	1	8	88.8361972465735	40.3983198759225	59.6423733512863	59.3239899017385	40	9	133
492	1	8	88.8361972465735	40.3983198759225	59.6423733512863	59.3239964215339	40	9	133
493	1	8	88.8361972465735	40.3983198759225	59.6423733512863	59.3240029148797	40	9	133
494	1	8	88.8361972465735	40.3983198759225	59.6423733512863	59.3240093819367	40	9	133
495	1	8	88.8361972465735	40.3983198759225	59.6423733512863	59.3240158228642	40	9	133
496	1	8	88.8361972465735	40.3983198759225	59.6423733512863	59.3240222378202	40	9	133
497	1	8	88.8361972465735	40.3983198759225	59.6423733512863	59.3240286269615	40	9	133
498	1	8	88.8361972465735	40.3983198759225	59.6423733512863	59.3240349904436	40	9	133
499	1	8	88.8361972465735	40.3983198759225	59.6423733512863	59.3240413284208	40	9	133
500	1	8	88.8361972465735	40.3983198759225	59.6423733512863	59.3240476410461	40	9	133
501	1	8	88.8361972465735	40.3983198759225	59.6423733512863	59.3240539284712	40	9	133
502	1	8	88.8361972465735	40.3983198759225	59.6423733512863	59.3240601908469	40	9	133
503	1	8	88.8361972465735	40.3983198759225	59.6423733512863	59.3240664283224	40	9	133
504	1	8	88.8361972465735	40.3983198759225	59.6423733512863	59.3240726410461	40	9	133
505	1	8	88.8361972465735	40.3983198759225	59.6423733512863	59.3240788291649	40	9	133
506	1	8	88.8361972465735	40.3983198759225	59.6423733512863	59.3240849928247	40	9	133
507	1	8	88.8361972465735	40.3983198759225	59.6423733512863	59.3240911321703	40	9	133
508	1	8	88.8361972465735	40.3983198759225	59.6423733512863	59.3240972473453	40	9	133
509	1	8	88.8361972465735	40.3983198759225	59.6423733512863	59.324103338492	40	9	133
510	1	8	88.8361972465735	40.3983198759225	59.6423733512863	59.3241094057519	40	9	133
511	1	8	88.8361972465735	40.3983198759225	59.6423733512863	59.3241154492652	40	9	133
512	1	8	88.8361972465735	40.3983198759225	59.6423733512863	59.3241214691711	40	9	133
513	1	8	88.8361972465735	40.3983198759225	59.6423733512863	59.3241274656075	40	9	133
514	1	8	88.8361972465735	40.3983198759225	59.6423733512863	59.3241334387114	40	9	133
515	1	8	88.8361972465735	40.3983198759225	59.6423733512863	59.3241393886189	40	9	133
516	1	8	88.8361972465735	40.3983198759225	59.6423733512863	59.3241453154647	40	9	133
517	1	8	88.8361972465735	40.3983198759225	59.6423733512863	59.3241512193826	40	9	133
518	1	8	88.8361972465735	40.3983198759225	59.6423733512863	59.3241571005055	40	9	133
519	1	8	88.8361972465735	40.3983198759225	59.6423733512863	59.3241629589651	40	9	133
520	1	8	88.8361972465735	40.3983198759225	59.6423733512863	59.3241687948922	40	9	133
521	1	8	88.8361972465735	40.3983198759225	59.6423733512863	59.3241746084165	40	9	133
522	1	8	88.8361972465735	40.3983198759225	59.6423733512863	59.3241803996667	40	9	133
523	1	8	88.8361972465735	40.3983198759225	59.6423733512863	59.3241861687707	40	9	133
524	1	8	88.8361972465735	40.3983198759225	59.6423733512863	59.3241919158552	40	9	133
525	1	8	88.8361972465735	40.3983198759225	59.6423733512863	59.3241976410461	40	9	133
526	1	8	88.8361972465735	40.3983198759225	59.6423733512863	59.3242033444681	40	9	133
527	1	8	88.8361972465735	40.3983198759225	59.6423733512863	59.3242090262453	40	9	133
528	1	8	88.8361972465735	40.3983198759225	59.6423733512863	59.3242146865006	40	9	133
529	1	8	88.8361972465735	40.3983198759225	59.6423733512863	59.3242203253561	40	9	133
530	1	8	88.8361972465735	40.3983198759225	59.6423733512863	59.3242259429328	40	9	133
531	1	8	88.8361972465735	40.3983198759225	59.6423733512863	59.3242315393511	40	9	133
532	1	8	88.8361972465735	40.3983198759225	59.6423733512863	59.3242371147303	40	9	133
533	1	8	88.8361972465735	40.3983198759225	59.6423733512863	59.3242426691886	40	9	133
534	1	8	88.8361972465735	40.3983198759225	59.6423733512863	59.3242482028438	40	9	133
535	1	8	88.8361972465735	40.3983198759225	59.6423733512863	59.3242537158124	40	9	133
536	1	8	88.8361972465735	40.3983198759225	59.6423733512863	59.3242592082102	40	9	133
537	1	8	88.8361972465735	40.3983198759225	59.6423733512863	59.3242646801522	40	9	133
538	1	8	88.8361972465735	40.3983198759225	59.6423733512863	59.3242701317524	40	9	133
539	1	8	88.8361972465735	40.3983198759225	59.6423733512863	59.324275563124	40	9	133
540	1	8	88.8361972465735	40.3983198759225	59.6423733512863	59.3242809743794	40	9	133
541	1	8	88.8361972465735	40.3983198759225	59.6423733512863	59.3242863656302	40	9	133
542	1	8	88.8361972465735	40.3983198759225	59.6423733512863	59.324291736987	40	9	133
543	1	8	88.8361972465735	40.3983198759225	59.6423733512863	59.3242970885599	40	9	133
544	1	8	88.8361972465735	40.3983198759225	59.6423733512863	59.3243024204578	40	9	133
545	1	8	88.8361972465735	40.3983198759225	59.6423733512863	59.3243077327892	40	9	133
546	1	8	88.8361972465735	40.3983198759225	59.6423733512863	59.3243130256614	40	9	133
547	1	8	88.8361972465735	40.3983198759225	59.6423733512863	59.3243182991813	40	9	133
548	1	8	88.8361972465735	40.3983198759225	59.6423733512863	59.3243235534548	40	9	133
549	1	8	88.8361972465735	40.3983198759225	59.6423733512863	59.324328788587	40	9	133
550	1	8	88.8361972465735	40.3983198759225	59.6423733512863	59.3243340046824	40	9	133
551	1	8	88.8361972465735	40.3983198759225	59.6423733512863	59.3243392018446	40	9	133
552	1	8	88.8361972465735	40.3983198759225	59.6423733512863	59.3243443801765	40	9	133
553	1	8	88.8361972465735	40.3983198759225	59.6423733512863	59.3243495397802	40	9	133
554	1	8	88.8361972465735	40.3983198759225	59.6423733512863	59.3243546807572	40	9	133
555	1	8	88.8361972465735	40.3983198759225	59.6423733512863	59.3243598032082	40	9	133
556	1	8	88.8361972465735	40.3983198759225	59.6423733512863	59.3243649072331	40	9	133
557	1	8	88.8361972465735	40.3983198759225	59.6423733512863	59.3243699929312	40	9	133
558	1	8	88.8361972465735	40.3983198759225	59.6423733512863	59.3243750604009	40	9	133
559	1	8	88.8361972465735	40.3983198759225	59.6423733512863	59.3243801097401	40	9	133
560	1	8	88.8361972465735	40.3983198759225	59.6423733512863	59.3243851410461	40	9	133
561	1	8	88.8361972465735	40.3983198759225	59.6423733512863	59.324390154415	40	9	133
562	1	8	88.8361972465735	40.3983198759225	59.6423733512863	59.3243951499429	40	9	133
563	1	8	88.8361972465735	40.3983198759225	59.6423733512863	59.3244001277246	40	9	133
564	1	8	88.8361972465735	40.3983198759225	59.6423733512863	59.3244050878546	40	9	133
565	1	8	88.8361972465735	40.3983198759225	59.6423733512863	59.3244100304266	40	9	133
566	1	8	88.8361972465735	40.3983198759225	59.6423733512863	59.3244149555337	40	9	133
567	1	8	88.8361972465735	40.3983198759225	59.6423733512863	59.3244198632683	40	9	133
568	1	8	88.8361972465735	40.3983198759225	59.6423733512863	59.3244247537221	40	9	133
569	1	8	88.8361972465735	40.3983198759225	59.6423733512863	59.3244296269863	40	9	133
570	1	8	88.8361972465735	40.3983198759225	59.6423733512863	59.3244344831513	40	9	133
571	1	8	88.8361972465735	40.3983198759225	59.6423733512863	59.324439322307	40	9	133
572	1	8	88.8361972465735	40.3983198759225	59.6423733512863	59.3244441445426	40	9	133
573	1	8	88.8361972465735	40.3983198759225	59.6423733512863	59.3244489499466	0	9	133
574	1	8	88.8361972465735	40.3983198759225	59.6423733512863	52.4124219489634	0	9	456
575	1	8	88.8361972465735	40.3983198759225	59.6423733512863	52.4124383101208	0	9	456
576	1	8	88.8361972465735	40.3983198759225	59.6423733512863	52.4124546144686	0	9	456
577	1	8	88.8361972465735	40.3983198759225	59.6423733512863	52.8722040997287	0	9	21
578	1	8	88.8361972465735	40.3983198759225	59.6423733512863	52.8722182673899	0	9	21
579	1	8	88.8361972465735	40.3983198759225	59.6423733512863	52.8722323861127	0	9	21
580	1	8	88.8361972465735	40.3983198759225	59.6423733512863	52.8722464561502	0	9	21
581	1	8	88.8361972465735	40.3983198759225	59.6423733512863	52.8722604777538	0	9	21
582	1	8	88.8361972465735	40.3983198759225	59.6423733512863	52.8722744511733	0	9	21
583	1	8	88.8361972465735	40.3983198759225	59.6423733512863	52.8722883766565	0	9	21
584	1	8	88.8361972465735	40.3983198759225	59.6423733512863	52.8723022544497	0	9	21
585	1	8	88.8361972465735	40.3983198759225	59.6423733512863	52.4125988452378	0	9	456
586	1	8	88.8361972465735	40.3983198759225	59.6423733512863	52.8723298679426	0	9	21
587	1	8	88.8361972465735	40.3983198759225	59.6423733512863	52.8723436041265	0	9	21
588	1	8	88.8361972465735	40.3983198759225	59.6423733512863	52.8723572935886	0	9	21
589	1	8	88.8361972465735	40.3983198759225	59.6423733512863	52.872370936567	0	9	21
590	1	8	88.8361972465735	40.3983198759225	59.6423733512863	52.8723845332981	0	9	21
591	1	8	88.8361972465735	40.3983198759225	59.6423733512863	52.8723980840165	0	9	21
592	1	8	88.8361972465735	40.3983198759225	59.6423733512863	52.8724115889554	0	9	21
593	1	8	88.8361972465735	40.3983198759225	59.6423733512863	52.8724250483465	0	9	21
594	1	8	88.8361972465735	40.3983198759225	59.6423733512863	52.8724384624198	0	9	21
595	1	8	88.8361972465735	40.3983198759225	59.6423733512863	52.8724518314037	0	9	21
596	1	8	88.8361972465735	40.3983198759225	59.6423733512863	52.4127692117841	0	9	456
597	1	8	88.8361972465735	40.3983198759225	59.6423733512863	52.412784388338	0	9	456
598	1	8	88.8361972465735	40.3983198759225	59.6423733512863	52.4127995141342	0	9	456
599	1	8	88.8361972465735	40.3983198759225	59.6423733512863	52.4128145894269	0	9	456
600	1	8	88.8361972465735	40.3983198759225	59.6423733512863	52.4128296144686	0	9	456
601	1	8	88.8361972465735	40.3983198759225	59.6423733512863	52.8725311110357	0	9	21
602	1	8	88.8361972465735	40.3983198759225	59.6423733512863	52.872544170665	0	9	21
603	1	8	88.8361972465735	40.3983198759225	59.6423733512863	52.8725571869788	0	9	21
604	1	8	88.8361972465735	40.3983198759225	59.6423733512863	52.8725701601922	0	9	21
605	1	8	88.8361972465735	40.3983198759225	59.6423733512863	52.872583090519	0	9	21
606	1	8	88.8361972465735	40.3983198759225	59.6423733512863	52.4129187233795	0	9	456
607	1	8	88.8361972465735	40.3983198759225	59.6423733512863	52.4129334035955	0	9	456
608	1	8	88.8361972465735	40.3983198759225	59.6423733512863	52.4129480355212	0	9	456
609	1	8	88.8361972465735	40.3983198759225	59.6423733512863	52.4129626193947	0	9	456
610	1	8	88.8361972465735	40.3983198759225	59.6423733512863	52.4129771554522	0	9	456
611	1	8	88.8361972465735	40.3983198759225	59.6423733512863	52.4129916439285	0	9	456
612	1	8	88.8361972465735	40.3983198759225	59.6423733512863	52.4130060850568	0	9	456
613	1	8	88.8361972465735	40.3983198759225	59.6423733512863	52.4130204790689	0	9	456
614	1	8	88.8361972465735	40.3983198759225	59.6423733512863	52.413034826195	0	9	456
615	1	8	88.8361972465735	40.3983198759225	59.6423733512863	52.4130491266637	0	9	456
616	1	8	88.8361972465735	40.3983198759225	59.6423733512863	52.4130633807024	0	9	456
617	1	8	88.8361972465735	40.3983198759225	59.6423733512863	52.4130775885367	0	9	456
618	1	8	88.8361972465735	40.3983198759225	59.6423733512863	52.4130917503909	0	9	456
619	1	8	88.8361972465735	40.3983198759225	59.6423733512863	52.413105866488	0	9	456
620	1	8	88.8361972465735	40.3983198759225	59.6423733512863	52.4131199370493	0	9	456
621	1	8	88.8361972465735	40.3983198759225	59.6423733512863	52.4131339622947	0	9	456
622	1	8	88.8361972465735	40.3983198759225	59.6423733512863	52.4131479424429	0	9	456
623	1	8	88.8361972465735	40.3983198759225	59.6423733512863	52.413161877711	0	9	456
624	1	8	88.8361972465735	40.3983198759225	59.6423733512863	52.9913205557917	0	9	21
625	1	8	88.8361972465735	40.3983198759225	59.6423733512863	52.9913326711763	0	9	21
626	1	8	88.8361972465735	40.3983198759225	59.6423733512863	52.9913447478537	0	9	21
627	1	8	88.8361972465735	40.3983198759225	59.6423733512863	52.9913567860089	0	9	21
628	1	8	88.8361972465735	40.3983198759225	59.6423733512863	52.991368785826	0	9	21
629	1	8	88.8361972465735	40.3983198759225	59.6423733512863	52.4132445588247	0	9	456
630	1	8	88.8361972465735	40.3983198759225	59.6423733512863	52.4132581858972	0	9	456
631	1	8	88.8361972465735	40.3983198759225	59.6423733512863	52.9914045570717	0	9	21
632	1	8	88.8361972465735	40.3983198759225	59.6423733512863	52.9914164053536	0	9	21
633	1	8	88.8361972465735	40.3983198759225	59.6423733512863	52.9914282162	0	9	21
634	1	8	88.8361972465735	40.3983198759225	59.6423733512863	52.9914399897883	0	9	21
635	1	8	88.8361972465735	40.3983198759225	59.6423733512863	52.9914517262944	0	9	21
636	1	8	88.8361972465735	40.3983198759225	59.6423733512863	52.9914634258933	0	9	21
637	1	8	88.8361972465735	40.3983198759225	59.6423733512863	52.9914750887588	0	9	21
638	1	8	88.8361972465735	40.3983198759225	59.6423733512863	52.9914867150635	0	9	21
639	1	8	88.8361972465735	40.3983198759225	59.6423733512863	52.9914983049792	0	9	21
640	1	8	88.8361972465735	40.3983198759225	59.6423733512863	52.4133921144686	0	9	456
641	1	8	88.8361972465735	40.3983198759225	59.6423733512863	52.9915213763245	0	9	21
642	1	8	88.8361972465735	40.3983198759225	59.6423733512863	52.9915328580922	0	9	21
643	1	8	88.8361972465735	40.3983198759225	59.6423733512863	52.9915443041468	0	9	21
644	1	8	88.8361972465735	40.3983198759225	59.6423733512863	52.9915557146546	0	9	21
645	1	8	88.8361972465735	40.3983198759225	59.6423733512863	52.991567089781	0	9	21
646	1	8	88.8361972465735	40.3983198759225	59.6423733512863	52.9915784296903	0	9	21
647	1	8	88.8361972465735	40.3983198759225	59.6423733512863	52.9915897345457	0	9	21
648	1	8	88.8361972465735	40.3983198759225	59.6423733512863	52.9916010045097	0	9	21
649	1	8	88.8361972465735	40.3983198759225	59.6423733512863	52.9916122397434	0	9	21
650	1	8	88.8361972465735	40.3983198759225	59.6423733512863	52.9916234404071	0	9	21
651	1	8	88.8361972465735	40.3983198759225	59.6423733512863	52.413534683593	0	9	456
652	1	8	88.8361972465735	40.3983198759225	59.6423733512863	52.4135474058797	0	9	456
653	1	8	88.8361972465735	40.3983198759225	59.6423733512863	52.4135600892006	0	9	456
654	1	8	88.8361972465735	40.3983198759225	59.6423733512863	52.4135727337347	0	9	456
655	1	8	88.8361972465735	40.3983198759225	59.6423733512863	52.4135853396595	0	9	456
656	1	8	88.8361972465735	40.3983198759225	59.6423733512863	52.9916899272739	0	9	21
657	1	8	88.8361972465735	40.3983198759225	59.6423733512863	52.9917008903544	0	9	21
658	1	8	88.8361972465735	40.3983198759225	59.6423733512863	52.9917118201125	0	9	21
659	1	8	88.8361972465735	40.3983198759225	59.6423733512863	52.9917227166999	0	9	21
660	1	8	88.8361972465735	40.3983198759225	59.6423733512863	52.9917335802673	0	9	21
661	1	8	88.8361972465735	40.3983198759225	59.6423733512863	52.4136601742266	0	9	456
662	1	8	88.8361972465735	40.3983198759225	59.6423733512863	52.4136725147707	0	9	456
663	1	8	88.8361972465735	40.3983198759225	59.6423733512863	52.4136848180885	0	9	456
664	1	8	88.8361972465735	40.3983198759225	59.6423733512863	52.4136970843481	0	9	456
665	1	8	88.8361972465735	40.3983198759225	59.6423733512863	52.4137093137167	0	9	456
666	1	8	88.8361972465735	40.3983198759225	59.6423733512863	52.4137215063605	0	9	456
667	1	8	88.8361972465735	40.3983198759225	59.6423733512863	52.4137336624446	0	9	456
668	1	8	88.8361972465735	40.3983198759225	59.6423733512863	52.4137457821333	0	9	456
669	1	8	88.8361972465735	40.3983198759225	59.6423733512863	52.4137578655897	0	9	456
670	1	8	88.8361972465735	40.3983198759225	59.6423733512863	52.4137699129761	0	9	456
671	1	8	88.8361972465735	40.3983198759225	59.6423733512863	52.4137819244537	0	9	456
672	1	8	88.8361972465735	40.3983198759225	59.6423733512863	52.4137939001829	0	9	456
673	1	8	88.8361972465735	40.3983198759225	59.6423733512863	52.413805840323	0	9	456
674	1	8	88.8361972465735	40.3983198759225	59.6423733512863	52.4138177450324	0	9	456
675	1	8	88.8361972465735	40.3983198759225	59.6423733512863	52.4138296144686	0	9	456
676	1	8	88.8361972465735	40.3983198759225	59.6423733512863	52.4138414487881	0	9	456
677	1	8	88.8361972465735	40.3983198759225	59.6423733512863	53.1369074446878	0	9	12
678	1	8	88.8361972465735	40.3983198759225	59.6423733512863	53.1369133269639	0	9	12
679	1	8	88.8361972465735	40.3983198759225	59.6423733512863	53.1369191919136	0	9	12
680	1	8	88.8361972465735	40.3983198759225	59.6423733512863	53.1369250396135	0	9	12
681	1	8	88.8361972465735	40.3983198759225	59.6423733512863	53.1369308701396	0	9	12
682	1	8	88.8361972465735	40.3983198759225	59.6423733512863	53.1369366835673	0	9	12
683	1	8	88.8361972465735	40.3983198759225	59.6423733512863	53.1369424799718	0	9	12
684	1	8	88.8361972465735	40.3983198759225	59.6423733512863	52.4139348776265	0	9	456
685	1	8	88.8361972465735	40.3983198759225	59.6423733512863	52.4139464027898	0	9	456
686	1	8	88.8361972465735	40.3983198759225	59.6423733512863	53.1369597677905	0	9	12
687	1	8	88.8361972465735	40.3983198759225	59.6423733512863	53.1369654968445	0	9	12
688	1	8	88.8361972465735	40.3983198759225	59.6423733512863	53.1369712092442	0	9	12
689	1	8	88.8361972465735	40.3983198759225	59.6423733512863	53.1369769050622	0	9	12
690	1	8	88.8361972465735	40.3983198759225	59.6423733512863	53.1369825843706	0	9	12
691	1	8	88.8361972465735	40.3983198759225	59.6423733512863	53.136988247241	0	9	12
692	1	8	88.8361972465735	40.3983198759225	59.6423733512863	53.1369938937448	0	9	12
693	1	8	88.8361972465735	40.3983198759225	59.6423733512863	53.1369995239527	0	9	12
694	1	8	88.8361972465735	40.3983198759225	59.6423733512863	53.1370051379353	0	9	12
695	1	8	88.8361972465735	40.3983198759225	59.6423733512863	52.414059830296	0	9	456
696	1	8	88.8361972465735	40.3983198759225	59.6423733512863	53.137016317504	0	9	12
697	1	8	88.8361972465735	40.3983198759225	59.6423733512863	53.137021883229	0	9	12
698	1	8	88.8361972465735	40.3983198759225	59.6423733512863	53.1370274330064	0	9	12
699	1	8	88.8361972465735	40.3983198759225	59.6423733512863	53.1370329669046	0	9	12
700	1	8	88.8361972465735	40.3983198759225	59.6423733512863	53.1370384849917	0	9	12
701	1	8	88.8361972465735	40.3983198759225	59.6423733512863	53.1370439873353	0	9	12
702	1	8	88.8361972465735	40.3983198759225	59.6423733512863	53.1370494740027	0	9	12
703	1	8	88.8361972465735	40.3983198759225	59.6423733512863	53.1370549450608	0	9	12
704	1	8	88.8361972465735	40.3983198759225	59.6423733512863	53.1370604005761	0	9	12
705	1	8	88.8361972465735	40.3983198759225	59.6423733512863	53.1370658406148	0	9	12
706	1	8	88.8361972465735	40.3983198759225	59.6423733512863	52.4141808892562	0	9	456
707	1	8	88.8361972465735	40.3983198759225	59.6423733512863	52.4141917078208	0	9	456
708	1	8	88.8361972465735	40.3983198759225	59.6423733512863	52.4142024958245	0	9	456
709	1	8	88.8361972465735	40.3983198759225	59.6423733512863	52.4142132533967	0	9	456
710	1	8	88.8361972465735	40.3983198759225	59.6423733512863	52.4142239806658	0	9	456
711	1	8	88.8361972465735	40.3983198759225	59.6423733512863	53.1370981594944	0	9	12
712	1	8	88.8361972465735	40.3983198759225	59.6423733512863	53.1371034930174	0	9	12
713	1	8	88.8361972465735	40.3983198759225	59.6423733512863	53.1371088115795	0	9	12
714	1	8	88.8361972465735	40.3983198759225	59.6423733512863	53.1371141152438	0	9	12
715	1	8	88.8361972465735	40.3983198759225	59.6423733512863	53.1371194040726	0	9	12
716	1	8	88.8361972465735	40.3983198759225	59.6423733512863	52.4142877150273	0	9	456
717	1	8	88.8361972465735	40.3983198759225	59.6423733512863	52.4142982337155	0	9	456
718	1	8	88.8361972465735	40.3983198759225	59.6423733512863	52.4143087231037	0	9	456
719	1	8	88.8361972465735	40.3983198759225	59.6423733512863	52.4143191833142	0	9	456
720	1	8	88.8361972465735	40.3983198759225	59.6423733512863	52.4143296144686	0	9	456
721	1	8	88.8361972465735	40.3983198759225	59.6423733512863	52.4143400166878	0	9	456
722	1	8	88.8361972465735	40.3983198759225	59.6423733512863	52.4143503900919	0	9	456
723	1	8	88.8361972465735	40.3983198759225	59.6423733512863	52.4143607348006	0	9	456
724	1	8	88.8361972465735	40.3983198759225	59.6423733512863	52.4143710509327	0	9	456
725	1	8	88.8361972465735	40.3983198759225	59.6423733512863	52.4143813386065	0	9	456
726	1	8	88.8361972465735	40.3983198759225	59.6423733512863	52.4143915979397	0	9	456
727	1	8	88.8361972465735	40.3983198759225	59.6423733512863	52.4144018290491	0	9	456
728	1	8	88.8361972465735	40.3983198759225	59.6423733512863	52.414412032051	0	9	456
729	1	8	88.8361972465735	40.3983198759225	59.6423733512863	52.4144222070612	0	9	456
730	1	8	88.8361972465735	40.3983198759225	59.6423733512863	52.4144323541946	0	9	456
731	1	8	88.8361972465735	40.3983198759225	59.6423733512863	52.4144424735657	0	9	456
732	1	8	88.8361972465735	40.3983198759225	59.6423733512863	52.4144525652883	0	9	456
733	1	8	88.8361972465735	40.3983198759225	59.6423733512863	52.4144626294754	0	9	456
734	1	8	88.8361972465735	40.3983198759225	59.6423733512863	52.4144726662397	0	9	456
735	1	8	88.8361972465735	40.3983198759225	59.6423733512863	52.4144826756931	0	9	456
736	1	8	88.8361972465735	40.3983198759225	59.6423733512863	52.4144926579469	0	9	456
737	1	8	88.8361972465735	40.3983198759225	59.6423733512863	52.4145026131118	0	9	456
