"Iteration #"	"Inertia"	"Number of features"	"CV best"	"Permuted CV best"	"Global best fitness"	"Current best fitness"	"Number of features in current best agent"	"Number of features in global best"	"Number of features in local best"
1	1	40	74.5655087341854	41.3628009157175	34.7479486874146	34.7479486874146	40	40	800
2	1	40	74.5655087341854	41.3628009157175	39.2479486874146	39.2479486874146	40	40	760
3	1	36	74.5655087341854	41.3628009157175	40.7479486874146	40.7479486874146	40	40	760
4	1	36	74.5655087341854	41.3628009157175	41.4979486874146	41.4979486874146	40	40	760
5	1	36	74.5655087341854	41.3628009157175	41.9479486874146	41.9479486874146	40	40	760
6	1	37	74.5655087341854	41.3628009157175	42.2479486874146	42.2479486874146	40	40	760
7	1	37	74.5655087341854	41.3628009157175	42.4622344017003	42.4622344017003	40	40	760
8	1	37	74.5655087341854	41.3628009157175	42.6229486874146	42.6229486874146	40	40	760
9	1	40	74.5655087341854	41.3628009157175	42.7479486874146	42.7479486874146	40	40	760
10	1	40	74.5655087341854	41.3628009157175	42.7479486874146	42.8479486874146	40	40	760
11	1	37	74.5655087341854	41.3628009157175	42.9297668692328	42.9297668692328	40	40	760
12	1	37	74.5655087341854	41.3628009157175	42.9297668692328	42.9979486874146	40	40	760
13	1	40	74.5655087341854	41.3628009157175	43.0556409951069	43.0556409951069	40	40	760
14	1	40	74.5655087341854	41.3628009157175	43.0556409951069	43.1050915445574	40	40	760
15	1	40	74.5655087341854	41.3628009157175	43.0556409951069	43.1479486874146	40	40	760
16	1	40	74.5655087341854	41.3628009157175	43.1854486874146	43.1854486874146	40	40	760
17	1	40	74.5655087341854	41.3628009157175	43.1854486874146	43.2185369227087	40	40	760
18	1	40	74.5655087341854	41.3628009157175	43.1854486874146	43.2479486874146	40	40	760
19	1	40	74.5655087341854	41.3628009157175	43.1854486874146	43.2742644768883	40	40	760
20	1	40	74.5655087341854	41.3628009157175	43.2979486874146	43.2979486874146	40	40	760
21	1	40	74.5655087341854	41.3628009157175	43.2979486874146	43.3193772588432	40	40	760
22	1	40	74.5655087341854	41.3628009157175	43.2979486874146	43.3388577783237	40	40	760
23	1	40	74.5655087341854	41.3628009157175	43.2979486874146	43.3566443395885	40	40	760
24	1	40	74.5655087341854	41.3628009157175	43.2979486874146	43.3729486874146	40	40	760
25	1	40	74.5655087341854	41.3628009157175	43.2979486874146	43.3879486874146	40	40	760
26	1	40	74.5655087341854	41.3628009157175	43.4017948412607	43.4017948412607	40	40	760
27	1	40	74.5655087341854	41.3628009157175	43.4017948412607	43.4146153540812	40	40	760
28	1	40	74.5655087341854	41.3628009157175	43.4017948412607	43.426520115986	40	40	760
29	1	40	74.5655087341854	41.3628009157175	43.4017948412607	43.4376038598284	40	40	760
30	1	40	74.5655087341854	41.3628009157175	43.4017948412607	43.4479486874146	40	40	760
31	1	40	74.5655087341854	41.3628009157175	43.4017948412607	43.4576261067694	40	40	760
32	1	40	74.5655087341854	41.3628009157175	43.4017948412607	43.4666986874146	40	40	760
33	1	40	74.5655087341854	41.3628009157175	43.4017948412607	43.4752214146873	40	40	760
34	1	40	74.5655087341854	41.3628009157175	43.4017948412607	43.4832428050616	40	40	760
35	1	40	74.5655087341854	41.3628009157175	43.4017948412607	43.4908058302717	40	40	760
36	1	40	74.5655087341854	41.3628009157175	43.4017948412607	43.4979486874146	40	40	760
37	1	40	74.5655087341854	41.3628009157175	43.5047054441713	43.5047054441713	40	40	760
38	1	40	74.5655087341854	41.3628009157175	43.5047054441713	43.5111065821514	40	40	760
39	1	40	74.5655087341854	41.3628009157175	43.5047054441713	43.5171794566454	40	40	760
40	1	40	74.5655087341854	41.3628009157175	43.5047054441713	43.5229486874146	40	40	760
41	1	40	74.5655087341854	41.3628009157175	43.5047054441713	43.5284364922926	40	40	760
42	1	40	74.5655087341854	41.3628009157175	43.5047054441713	43.5336629731289	40	40	760
43	1	40	74.5655087341854	41.3628009157175	43.5047054441713	43.5386463618332	40	40	760
44	1	40	74.5655087341854	41.3628009157175	43.5047054441713	43.5434032328691	40	40	760
45	1	40	74.5655087341854	41.3628009157175	43.5047054441713	43.5479486874146	40	40	760
46	1	39	75.022100812773	40.6408397109175	46.7911158312612	46.7911158312612	40	39	39
47	1	39	75.022100812773	40.6408397109175	46.7911158312612	46.7951745731668	40	39	39
48	1	39	75.022100812773	40.6408397109175	46.7911158312612	46.7990642008264	40	39	39
49	1	39	75.022100812773	40.6408397109175	46.7911158312612	46.8027950681733	40	39	39
50	1	39	75.022100812773	40.6408397109175	46.7911158312612	46.8063767008264	40	39	39
51	1	39	75.022100812773	40.6408397109175	46.7911158312612	43.5714780991793	40	39	760
52	1	39	75.022100812773	40.6408397109175	46.7911158312612	43.5748717643377	40	39	760
53	1	28	78.2259157967836	44.8883923120061	47.8870276379885	47.8870276379885	40	28	28
54	1	28	78.2259157967836	44.8883923120061	47.8870276379885	43.5812820207479	40	28	760
55	1	28	78.2259157967836	44.8883923120061	47.8870276379885	46.6507777964936	40	28	28
56	1	28	78.2259157967836	44.8883923120061	47.8870276379885	47.8933955625168	40	28	28
57	1	28	78.2259157967836	44.8883923120061	47.8870276379885	47.8953692467273	40	28	28
58	1	28	78.2259157967836	44.8883923120061	47.8870276379885	47.8972748728616	40	28	28
59	1	28	78.2259157967836	44.8883923120061	47.8870276379885	47.8991159014998	40	28	28
60	1	28	78.2259157967836	44.8883923120061	47.8870276379885	47.9008955625168	40	28	28
61	1	28	78.2259157967836	44.8883923120061	47.8870276379885	47.9026168739922	40	28	28
62	1	28	78.2259157967836	44.8883923120061	47.8870276379885	47.904282659291	40	28	28
63	1	28	78.2259157967836	44.8883923120061	47.8870276379885	47.9058955625168	40	28	28
64	1	28	78.2259157967836	44.8883923120061	47.8870276379885	47.9074580625168	40	28	28
65	1	28	78.2259157967836	44.8883923120061	47.8870276379885	47.9089724855937	40	28	560
66	1	28	78.2259157967836	44.8883923120061	47.8870276379885	47.9104410170622	40	28	560
67	1	28	78.2259157967836	44.8883923120061	47.8870276379885	47.9118657117705	40	28	560
68	1	28	78.2259157967836	44.8883923120061	47.8870276379885	47.9132485036932	40	28	560
69	1	28	78.2259157967836	44.8883923120061	47.8870276379885	47.9145912146907	40	28	560
70	1	28	78.2259157967836	44.8883923120061	47.8870276379885	47.9158955625168	40	28	560
71	1	28	78.2259157967836	44.8883923120061	47.8870276379885	47.9171631681506	40	28	560
72	1	28	78.2259157967836	44.8883923120061	47.8870276379885	47.9183955625168	40	28	560
73	1	28	78.2259157967836	44.8883923120061	47.8870276379885	47.9195941926538	40	28	560
74	1	28	78.2259157967836	44.8883923120061	47.8870276379885	47.9207604273816	40	28	560
75	1	28	78.2259157967836	44.8883923120061	47.8870276379885	47.9218955625168	40	28	560
76	1	28	78.2259157967836	44.8883923120061	47.8870276379885	47.9230008256747	40	28	560
77	1	28	78.2259157967836	44.8883923120061	47.8870276379885	47.9240773806986	40	28	560
78	1	28	78.2259157967836	44.8883923120061	47.8870276379885	47.9251263317475	40	28	560
79	1	28	78.2259157967836	44.8883923120061	47.8870276379885	47.9261487270737	40	28	560
80	1	28	78.2259157967836	44.8883923120061	47.8870276379885	47.9271455625168	40	28	560
81	1	28	78.2259157967836	44.8883923120061	47.8870276379885	47.928117784739	40	28	532
82	1	28	78.2259157967836	44.8883923120061	47.8870276379885	47.9290662942241	40	28	532
83	1	28	78.2259157967836	44.8883923120061	47.8870276379885	47.9299919480589	40	28	532
84	1	28	78.2259157967836	44.8883923120061	47.8870276379885	47.9308955625168	40	28	532
85	1	28	78.2259157967836	44.8883923120061	47.8870276379885	47.9317779154579	40	28	532
86	1	28	78.2259157967836	44.8883923120061	47.8870276379885	47.9326397485633	40	28	560
87	1	28	78.2259157967836	44.8883923120061	47.8870276379885	47.9334817694133	40	28	560
88	1	28	78.2259157967836	44.8883923120061	47.8870276379885	47.9343046534259	40	28	560
89	1	28	78.2259157967836	44.8883923120061	47.8870276379885	47.9351090456628	40	28	560
90	1	28	78.2259157967836	44.8883923120061	47.8870276379885	47.9358955625168	40	28	560
91	1	28	78.2259157967836	44.8883923120061	47.8870276379885	47.936664793286	40	28	532
92	1	28	78.2259157967836	44.8883923120061	47.8870276379885	47.9374173016472	40	28	532
93	1	28	78.2259157967836	44.8883923120061	47.8870276379885	47.9381536270329	40	28	532
94	1	28	78.2259157967836	44.8883923120061	47.8870276379885	47.938874285921	40	28	532
95	1	28	78.2259157967836	44.8883923120061	47.8870276379885	47.9395797730431	40	28	532
96	1	28	78.2259157967836	44.8883923120061	47.8870276379885	47.9402705625168	40	28	532
97	1	28	78.2259157967836	44.8883923120061	47.8870276379885	47.9409471089085	40	28	532
98	1	28	78.2259157967836	44.8883923120061	47.8870276379885	47.9416098482311	40	28	532
99	1	28	78.2259157967836	44.8883923120061	47.8870276379885	47.9422591988804	40	28	532
100	1	28	78.2259157967836	44.8883923120061	47.8870276379885	47.9428955625168	40	28	532
101	1	28	78.2259157967836	44.8883923120061	47.8870276379885	47.943519324893	40	28	532
102	1	28	78.2259157967836	44.8883923120061	47.8870276379885	47.9441308566344	40	28	532
103	1	28	78.2259157967836	44.8883923120061	47.8870276379885	47.9447305139731	40	28	532
104	1	28	78.2259157967836	44.8883923120061	47.8870276379885	47.9453186394398	40	28	532
105	1	28	78.2259157967836	44.8883923120061	47.8870276379885	47.9458955625168	40	28	532
106	1	28	78.2259157967836	44.8883923120061	47.8870276379885	47.9464616002526	40	28	532
107	1	28	78.2259157967836	44.8883923120061	47.8870276379885	47.9470170578439	40	28	560
108	1	28	78.2259157967836	44.8883923120061	47.8870276379885	47.9475622291834	40	28	560
109	1	28	78.2259157967836	44.8883923120061	47.8870276379885	47.9480973973792	40	28	532
110	1	28	78.2259157967836	44.8883923120061	47.8870276379885	47.948622835244	40	28	532
111	1	28	78.2259157967836	44.8883923120061	47.8870276379885	47.94913880576	40	28	560
112	1	28	78.2259157967836	44.8883923120061	47.8870276379885	47.9496455625168	40	28	560
113	1	28	78.2259157967836	44.8883923120061	47.8870276379885	47.9501433501274	40	28	560
114	1	28	78.2259157967836	44.8883923120061	47.8870276379885	47.950632404622	40	28	560
115	1	28	78.2259157967836	44.8883923120061	47.8870276379885	47.9511129538211	40	28	560
116	1	28	78.2259157967836	44.8883923120061	47.8870276379885	47.9515852176892	40	28	560
117	1	28	78.2259157967836	44.8883923120061	47.8870276379885	47.9520494086706	40	28	560
118	1	28	78.2259157967836	44.8883923120061	47.8870276379885	47.9525057320083	40	28	560
119	1	28	78.2259157967836	44.8883923120061	47.8870276379885	47.9529543860462	40	28	560
120	1	28	78.2259157967836	44.8883923120061	47.8870276379885	47.9533955625168	40	28	560
121	1	28	78.2259157967836	44.8883923120061	47.8870276379885	47.9538294468143	40	28	560
122	1	28	78.2259157967836	44.8883923120061	47.8870276379885	47.9542562182545	40	28	560
123	1	28	78.2259157967836	44.8883923120061	47.8870276379885	47.9546760503216	40	28	560
124	1	28	78.2259157967836	44.8883923120061	47.8870276379885	47.9550891109039	40	28	560
125	1	28	78.2259157967836	44.8883923120061	47.8870276379885	47.9554955625168	40	28	560
126	1	28	78.2259157967836	44.8883923120061	47.8870276379885	47.9558955625168	40	28	560
127	1	28	78.2259157967836	44.8883923120061	47.8870276379885	47.9562892633042	40	28	560
128	1	28	78.2259157967836	44.8883923120061	47.8870276379885	47.9566768125168	40	28	560
129	1	28	78.2259157967836	44.8883923120061	47.8870276379885	47.9570583532144	40	28	560
130	1	28	78.2259157967836	44.8883923120061	47.8870276379885	47.9574340240552	40	28	560
131	1	28	78.2259157967836	44.8883923120061	47.8870276379885	47.9578039594633	40	28	560
132	1	28	78.2259157967836	44.8883923120061	47.8870276379885	47.9581682897895	40	28	560
133	1	28	78.2259157967836	44.8883923120061	47.8870276379885	47.9585271414641	40	28	560
134	1	28	78.2259157967836	44.8883923120061	47.8870276379885	47.9588806371436	40	28	560
135	1	28	78.2259157967836	44.8883923120061	47.8870276379885	47.9592288958501	40	28	560
136	1	28	78.2259157967836	44.8883923120061	47.8870276379885	47.959572033105	40	28	560
137	1	28	78.2259157967836	44.8883923120061	47.8870276379885	47.9599101610569	40	28	560
138	1	28	78.2259157967836	44.8883923120061	47.8870276379885	47.9602433886037	40	28	560
139	1	28	78.2259157967836	44.8883923120061	47.8870276379885	47.9605718215096	40	28	560
140	1	28	78.2259157967836	44.8883923120061	47.8870276379885	47.9608955625168	40	28	560
141	1	28	78.2259157967836	44.8883923120061	47.8870276379885	47.9612147114529	40	28	560
142	1	28	78.2259157967836	44.8883923120061	47.8870276379885	47.9615293653337	40	28	560
143	1	28	78.2259157967836	44.8883923120061	47.8870276379885	47.9618396184608	40	28	560
144	1	28	78.2259157967836	44.8883923120061	47.8870276379885	47.9621455625168	40	28	560
145	1	28	78.2259157967836	44.8883923120061	47.8870276379885	47.9624472866547	40	28	560
146	1	28	78.2259157967836	44.8883923120061	47.8870276379885	47.9627448775853	40	28	560
147	1	28	78.2259157967836	44.8883923120061	47.8870276379885	47.9630384196596	40	28	560
148	1	28	78.2259157967836	44.8883923120061	47.8870276379885	47.9633279949492	40	28	560
149	1	28	78.2259157967836	44.8883923120061	47.8870276379885	47.9636136833221	40	28	560
150	1	28	78.2259157967836	44.8883923120061	47.8870276379885	47.9638955625168	40	28	560
151	1	28	78.2259157967836	44.8883923120061	47.8870276379885	47.9641737082121	40	28	560
152	1	28	78.2259157967836	44.8883923120061	47.8870276379885	47.9644481940957	40	28	560
153	1	28	78.2259157967836	44.8883923120061	47.8870276379885	47.9647190919285	40	28	532
154	1	28	78.2259157967836	44.8883923120061	47.8870276379885	47.9649864716077	40	28	532
155	1	28	78.2259157967836	44.8883923120061	47.8870276379885	47.9652504012264	40	28	532
156	1	28	78.2259157967836	44.8883923120061	47.8870276379885	47.9655109471322	40	28	560
157	1	28	78.2259157967836	44.8883923120061	47.8870276379885	47.9657681739817	40	28	560
158	1	28	78.2259157967836	44.8883923120061	47.8870276379885	47.9660221447952	40	28	560
159	1	28	78.2259157967836	44.8883923120061	47.8870276379885	47.9662729210073	40	28	560
160	1	28	78.2259157967836	44.8883923120061	47.8870276379885	47.9665205625168	40	28	560
161	1	28	78.2259157967836	44.8883923120061	47.8870276379885	47.9667651277342	40	28	532
162	1	28	78.2259157967836	44.8883923120061	47.8870276379885	47.9670066736279	40	28	532
163	1	28	78.2259157967836	44.8883923120061	47.8870276379885	47.9672452557683	40	28	532
164	1	28	78.2259157967836	44.8883923120061	47.8870276379885	47.9674809283704	40	28	532
165	1	28	78.2259157967836	44.8883923120061	47.8870276379885	47.967713744335	40	28	532
166	1	28	78.2259157967836	44.8883923120061	47.8870276379885	47.9679437552878	40	28	532
167	1	28	78.2259157967836	44.8883923120061	47.8870276379885	47.9681710116186	40	28	560
168	1	28	78.2259157967836	44.8883923120061	47.8870276379885	47.9683955625168	40	28	560
169	1	28	78.2259157967836	44.8883923120061	47.8870276379885	47.9686174560079	40	28	560
170	1	28	78.2259157967836	44.8883923120061	47.8870276379885	47.9688367389874	40	28	560
171	1	28	78.2259157967836	44.8883923120061	47.8870276379885	47.9690534572536	40	28	532
172	1	28	78.2259157967836	44.8883923120061	47.8870276379885	47.96926765554	40	28	532
173	1	28	78.2259157967836	44.8883923120061	47.8870276379885	47.9694793775457	40	28	532
174	1	28	78.2259157967836	44.8883923120061	47.8870276379885	47.969688665965	40	28	532
175	1	28	78.2259157967836	44.8883923120061	47.8870276379885	47.9698955625168	40	28	532
176	1	28	78.2259157967836	44.8883923120061	47.8870276379885	47.9701001079713	40	28	532
177	1	28	78.2259157967836	44.8883923120061	47.8870276379885	47.9703023421778	40	28	532
178	1	28	78.2259157967836	44.8883923120061	47.8870276379885	47.9705023040898	40	28	532
179	1	28	78.2259157967836	44.8883923120061	47.8870276379885	47.9707000317905	40	28	532
180	1	28	78.2259157967836	44.8883923120061	47.8870276379885	47.9708955625168	40	28	532
181	1	28	78.2259157967836	44.8883923120061	47.8870276379885	47.9710889326825	40	28	532
182	1	28	78.2259157967836	44.8883923120061	47.8870276379885	47.9712801779014	40	28	532
183	1	28	78.2259157967836	44.8883923120061	47.8870276379885	47.9714693330086	40	28	532
184	1	28	78.2259157967836	44.8883923120061	47.8870276379885	47.971656432082	40	28	532
185	1	28	78.2259157967836	44.8883923120061	47.8870276379885	47.9718415084627	40	28	532
186	1	28	78.2259157967836	44.8883923120061	47.8870276379885	45.4984132779853	40	28	285
187	1	28	78.2259157967836	44.8883923120061	47.8870276379885	45.4985103109334	40	28	285
188	1	28	78.2259157967836	44.8883923120061	47.8870276379885	45.4986063116161	40	28	285
189	1	28	78.2259157967836	44.8883923120061	47.8870276379885	45.4987012964185	40	28	285
190	1	28	78.2259157967836	44.8883923120061	47.8870276379885	45.4987952813809	40	28	285
191	1	28	78.2259157967836	44.8883923120061	47.8870276379885	45.4988882822076	40	28	285
192	1	25	78.5420841769879	39.3195558224827	53.3674660708919	53.3674660708919	40	25	25
193	1	25	78.5420841769879	39.3195558224827	53.3674660708919	53.3676178681717	40	25	25
194	1	25	78.5420841769879	39.3195558224827	53.3674660708919	53.3677681005311	40	25	25
195	1	25	78.5420841769879	39.3195558224827	53.3674660708919	53.3679167920457	40	25	25
196	1	25	78.5420841769879	39.3195558224827	53.3674660708919	53.3680639663001	40	25	25
197	1	25	78.5420841769879	39.3195558224827	53.3674660708919	53.3682096463995	40	25	25
198	1	25	78.5420841769879	39.3195558224827	53.3674660708919	53.3683538549828	40	25	25
199	1	25	78.5420841769879	39.3195558224827	53.3674660708919	53.3684966142336	40	25	25
200	1	25	78.5420841769879	39.3195558224827	53.3674660708919	53.3686379458919	40	25	25
201	1	25	78.5420841769879	39.3195558224827	53.3674660708919	53.368777871265	40	25	25
202	1	25	78.5420841769879	39.3195558224827	53.3674660708919	53.3689164112384	40	25	25
203	1	25	78.5420841769879	39.3195558224827	53.3674660708919	53.369053586286	40	25	25
204	1	25	78.5420841769879	39.3195558224827	53.3674660708919	45.5000143216286	40	25	285
205	1	25	78.5420841769879	39.3195558224827	53.3674660708919	45.5000950246415	40	25	285
206	1	25	78.5420841769879	39.3195558224827	53.3674660708919	45.50017494413	40	25	285
207	1	25	78.5420841769879	39.3195558224827	53.3674660708919	45.5002540914496	40	25	285
208	1	25	78.5420841769879	39.3195558224827	53.3674660708919	45.5003324777372	40	25	285
209	1	25	78.5420841769879	39.3195558224827	53.3674660708919	45.5004101139168	40	25	285
210	1	25	78.5420841769879	39.3195558224827	53.3674660708919	45.5004870107042	40	25	285
211	1	25	78.5420841769879	39.3195558224827	53.3674660708919	53.3701041781194	40	25	25
212	1	25	78.5420841769879	39.3195558224827	53.3674660708919	53.370229927024	40	25	25
213	1	25	78.5420841769879	39.3195558224827	53.3674660708919	53.3703544951877	40	25	25
214	1	25	78.5420841769879	39.3195558224827	53.3674660708919	53.3704778991629	40	25	25
215	1	25	78.5420841769879	39.3195558224827	53.3674660708919	53.3706001551942	40	25	25
216	1	25	78.5420841769879	39.3195558224827	53.3674660708919	53.3707212792252	40	25	25
217	1	25	78.5420841769879	39.3195558224827	53.3674660708919	53.3708412869057	40	25	25
218	1	25	78.5420841769879	39.3195558224827	53.3674660708919	53.3709601935983	40	25	25
219	1	25	78.5420841769879	39.3195558224827	53.3674660708919	53.371078014385	40	25	25
220	1	25	78.5420841769879	39.3195558224827	53.3674660708919	53.3711947640737	40	25	25
221	1	25	78.5420841769879	39.3195558224827	53.3674660708919	45.501286946063	40	25	285
222	1	25	78.5420841769879	39.3195558224827	53.3674660708919	53.4000496150982	40	25	19
223	1	25	78.5420841769879	39.3195558224827	53.3674660708919	45.5014239101277	40	25	285
224	1	25	78.5420841769879	39.3195558224827	53.3674660708919	45.5014914749899	40	25	285
225	1	25	78.5420841769879	39.3195558224827	53.3674660708919	47.4182907016567	40	25	19
226	1	25	78.5420841769879	39.3195558224827	53.3674660708919	47.4183526485594	40	25	14
227	1	25	78.5420841769879	39.3195558224827	53.3674660708919	50.7025986038968	40	25	24
228	1	25	78.5420841769879	39.3195558224827	53.3674660708919	50.7027029396259	40	25	24
229	1	25	78.5420841769879	39.3195558224827	53.3674660708919	50.7028063641261	40	25	24
230	1	25	78.5420841769879	39.3195558224827	53.3674660708919	50.7029088892827	40	25	24
231	1	25	78.5420841769879	39.3195558224827	53.3674660708919	43.1450401677552	40	25	266
232	1	25	78.5420841769879	39.3195558224827	53.3674660708919	46.8709834223549	40	25	24
233	1	25	78.5420841769879	39.3195558224827	53.3674660708919	43.1451572180869	40	25	266
234	1	25	78.5420841769879	39.3195558224827	53.3674660708919	43.1452149929301	40	25	266
235	1	25	78.5420841769879	39.3195558224827	53.3674660708919	44.8102053911405	40	25	24
236	1	25	78.5420841769879	39.3195558224827	53.3674660708919	50.6126950167807	40	25	24
237	1	25	78.5420841769879	39.3195558224827	53.3674660708919	50.6127794943606	40	25	21
238	1	25	78.5420841769879	39.3195558224827	53.3674660708919	50.6128632620449	40	25	21
239	1	25	78.5420841769879	39.3195558224827	53.3674660708919	50.6129463287444	40	25	21
240	1	25	78.5420841769879	39.3195558224827	53.3674660708919	50.6130287032214	40	25	21
241	1	25	78.5420841769879	39.3195558224827	53.3674660708919	43.1456059919725	40	25	266
242	1	25	78.5420841769879	39.3195558224827	53.3674660708919	43.145660002466	40	25	266
243	1	25	78.5420841769879	39.3195558224827	53.3674660708919	48.9084715337716	40	25	21
244	1	25	78.5420841769879	39.3195558224827	53.3674660708919	43.145766695326	40	25	266
245	1	25	78.5420841769879	39.3195558224827	53.3674660708919	43.1458193885344	40	25	266
246	1	25	78.5420841769879	39.3195558224827	53.3674660708919	50.7044359306401	40	25	24
247	1	25	78.5420841769879	39.3195558224827	53.3674660708919	50.7045248019741	40	25	24
248	1	25	78.5420841769879	39.3195558224827	53.3674660708919	50.7046129566039	40	25	24
249	1	25	78.5420841769879	39.3195558224827	53.3674660708919	50.7047004031643	40	25	24
250	1	25	78.5420841769879	39.3195558224827	53.3674660708919	50.7047871501523	40	25	24
251	1	25	78.5420841769879	39.3195558224827	53.3674660708919	50.7048732059291	40	25	24
252	1	25	78.5420841769879	39.3195558224827	53.3674660708919	50.7049585787237	40	25	24
253	1	25	78.5420841769879	39.3195558224827	53.3674660708919	50.7050432766345	40	25	24
254	1	25	78.5420841769879	39.3195558224827	53.3674660708919	50.7051273076326	40	25	24
255	1	25	78.5420841769879	39.3195558224827	53.3674660708919	50.705210679564	40	25	24
256	1	25	78.5420841769879	39.3195558224827	53.3674660708919	44.9743464642421	40	25	24
257	1	25	78.5420841769879	39.3195558224827	53.3674660708919	43.1464197220531	40	25	266
258	1	25	78.5420841769879	39.3195558224827	53.3674660708919	44.1519429804862	40	25	24
259	1	25	78.5420841769879	39.3195558224827	53.3674660708919	43.1465143692294	40	25	266
260	1	25	78.5420841769879	39.3195558224827	53.3674660708919	50.705617919383	40	25	24
261	1	25	78.5420841769879	39.3195558224827	53.3674660708919	50.7056974949798	40	25	24
262	1	25	78.5420841769879	39.3195558224827	53.3674660708919	50.7057764631294	40	25	24
263	1	25	78.5420841769879	39.3195558224827	53.3674660708919	50.7058548307606	40	25	24
264	1	25	78.5420841769879	39.3195558224827	53.3674660708919	50.7059326046977	40	25	24
265	1	25	78.5420841769879	39.3195558224827	53.3674660708919	50.7060097916617	40	25	24
266	1	25	78.5420841769879	39.3195558224827	53.3674660708919	50.7060863982726	40	25	24
267	1	25	78.5420841769879	39.3195558224827	53.3674660708919	50.7061624310511	40	25	24
268	1	25	78.5420841769879	39.3195558224827	53.3674660708919	50.7062378964209	40	25	24
269	1	25	78.5420841769879	39.3195558224827	53.3674660708919	50.7063128007099	40	25	24
270	1	25	78.5420841769879	39.3195558224827	53.3674660708919	43.1470098647249	40	25	266
271	1	25	78.5420841769879	39.3195558224827	53.3674660708919	43.1470529151554	40	25	266
272	1	25	78.5420841769879	39.3195558224827	53.3674660708919	43.1470956490386	40	25	266
273	1	25	78.5420841769879	39.3195558224827	53.3674660708919	43.1471380698531	40	25	266
274	1	25	78.5420841769879	39.3195558224827	53.3674660708919	43.1471801810266	40	25	266
275	1	25	78.5420841769879	39.3195558224827	53.3674660708919	43.147221985937	40	25	266
276	1	25	78.5420841769879	39.3195558224827	53.3674660708919	50.706821932761	40	25	24
277	1	25	78.5420841769879	39.3195558224827	53.3674660708919	50.7068925653147	40	25	24
278	1	25	78.5420841769879	39.3195558224827	53.3674660708919	50.7069626897206	40	25	24
279	1	25	78.5420841769879	39.3195558224827	53.3674660708919	50.7070323114426	40	25	24
280	1	25	78.5420841769879	39.3195558224827	53.3674660708919	50.7071014358665	40	25	24
281	1	25	78.5420841769879	39.3195558224827	53.3674660708919	50.7071700683017	40	25	24
282	1	25	78.5420841769879	39.3195558224827	53.3674660708919	50.707238213982	40	25	24
283	1	25	78.5420841769879	39.3195558224827	53.3674660708919	50.7073058780675	40	25	24
284	1	25	78.5420841769879	39.3195558224827	53.3674660708919	50.7073730656452	40	25	24
285	1	25	78.5420841769879	39.3195558224827	53.3674660708919	50.7074397817312	40	25	24
286	1	25	78.5420841769879	39.3195558224827	53.3674660708919	50.7075060312711	40	25	24
287	1	25	78.5420841769879	39.3195558224827	53.3674660708919	50.7075718191418	40	25	24
288	1	25	78.5420841769879	39.3195558224827	53.3674660708919	50.7076371501523	40	25	24
289	1	25	78.5420841769879	39.3195558224827	53.3674660708919	50.707702029045	40	25	24
290	1	25	78.5420841769879	39.3195558224827	53.3674660708919	50.7077664604971	40	25	24
291	1	25	78.5420841769879	39.3195558224827	53.3674660708919	50.7078304491213	40	25	24
292	1	25	78.5420841769879	39.3195558224827	53.3674660708919	50.7078939994673	40	25	24
293	1	25	78.5420841769879	39.3195558224827	53.3674660708919	50.7079571160226	40	25	24
294	1	25	78.5420841769879	39.3195558224827	53.3674660708919	50.7080198032135	40	25	24
295	1	25	78.5420841769879	39.3195558224827	53.3674660708919	50.7080820654065	40	25	24
296	1	25	78.5420841769879	39.3195558224827	53.3674660708919	50.708143906909	40	25	24
297	1	25	78.5420841769879	39.3195558224827	53.3674660708919	50.7082053319704	40	25	24
298	1	25	78.5420841769879	39.3195558224827	53.3674660708919	50.7082663447831	40	25	24
299	1	25	78.5420841769879	39.3195558224827	53.3674660708919	50.7083269494834	40	25	24
300	1	25	78.5420841769879	39.3195558224827	53.3674660708919	50.7083871501523	40	25	24
301	1	25	78.5420841769879	39.3195558224827	53.3674660708919	50.7084469508167	40	25	24
302	1	25	78.5420841769879	39.3195558224827	53.3674660708919	50.7085063554503	40	25	24
303	1	25	78.5420841769879	39.3195558224827	53.3674660708919	50.708565367974	40	25	24
304	1	25	78.5420841769879	39.3195558224827	53.3674660708919	50.7086239922575	40	25	24
305	1	25	78.5420841769879	39.3195558224827	53.3674660708919	50.7086822321195	40	25	24
306	1	25	78.5420841769879	39.3195558224827	53.3674660708919	50.7087400913287	40	25	24
307	1	25	78.5420841769879	39.3195558224827	53.3674660708919	50.708797573605	40	25	24
308	1	25	78.5420841769879	39.3195558224827	53.3674660708919	50.7088546826198	40	25	24
309	1	25	78.5420841769879	39.3195558224827	53.3674660708919	50.7089114219969	40	25	24
310	1	25	78.5420841769879	39.3195558224827	53.3674660708919	50.7089677953135	40	25	24
311	1	25	78.5420841769879	39.3195558224827	53.3674660708919	50.7090238061008	40	25	24
312	1	25	78.5420841769879	39.3195558224827	53.3674660708919	50.7090794578446	40	25	24
313	1	25	78.5420841769879	39.3195558224827	53.3674660708919	50.7091347539861	40	25	24
314	1	25	78.5420841769879	39.3195558224827	53.3674660708919	50.709189697923	40	25	24
315	1	25	78.5420841769879	39.3195558224827	53.3674660708919	50.7092442930094	40	25	24
316	1	25	78.5420841769879	39.3195558224827	53.3674660708919	50.7092985425573	40	25	24
317	1	25	78.5420841769879	39.3195558224827	53.3674660708919	50.7093524498368	40	25	24
318	1	25	78.5420841769879	39.3195558224827	53.3674660708919	50.7094060180768	40	25	24
319	1	25	78.5420841769879	39.3195558224827	53.3674660708919	50.7094592504657	40	25	24
320	1	25	78.5420841769879	39.3195558224827	53.3674660708919	50.7095121501523	40	25	24
321	1	25	78.5420841769879	39.3195558224827	53.3674660708919	50.7095647202457	40	25	24
322	1	25	78.5420841769879	39.3195558224827	53.3674660708919	50.7096169638169	40	25	24
323	1	25	78.5420841769879	39.3195558224827	53.3674660708919	50.7096688838984	40	25	24
324	1	25	78.5420841769879	39.3195558224827	53.3674660708919	50.7097204834856	40	25	24
325	1	25	78.5420841769879	39.3195558224827	53.3674660708919	50.7097717655369	40	25	24
326	1	25	78.5420841769879	39.3195558224827	53.3674660708919	50.7098227329743	40	25	24
327	1	25	78.5420841769879	39.3195558224827	53.3674660708919	50.7098733886844	40	25	24
328	1	25	78.5420841769879	39.3195558224827	53.3674660708919	50.7099237355181	40	25	24
329	1	25	78.5420841769879	39.3195558224827	53.3674660708919	50.7099737762921	40	25	24
330	1	25	78.5420841769879	39.3195558224827	53.3674660708919	50.7100235137886	40	25	24
331	1	25	78.5420841769879	39.3195558224827	53.3674660708919	50.7100729507565	40	25	24
332	1	25	78.5420841769879	39.3195558224827	53.3674660708919	50.7101220899113	40	25	24
333	1	25	78.5420841769879	39.3195558224827	53.3674660708919	50.710170933936	40	25	24
334	1	25	78.5420841769879	39.3195558224827	53.3674660708919	50.7102194854816	40	25	24
335	1	25	78.5420841769879	39.3195558224827	53.3674660708919	50.7102677471672	40	25	24
336	1	25	78.5420841769879	39.3195558224827	53.3674660708919	50.7103157215808	40	25	24
337	1	25	78.5420841769879	39.3195558224827	53.3674660708919	50.7103634112799	40	25	24
338	1	25	78.5420841769879	39.3195558224827	53.3674660708919	50.7104108187913	40	25	24
339	1	25	78.5420841769879	39.3195558224827	53.3674660708919	50.7104579466124	40	25	24
340	1	25	78.5420841769879	39.3195558224827	53.3674660708919	50.7105047972111	40	25	24
341	1	25	78.5420841769879	39.3195558224827	53.3674660708919	50.7105513730262	40	25	24
342	1	25	78.5420841769879	39.3195558224827	53.3674660708919	50.710597676468	40	25	24
343	1	25	78.5420841769879	39.3195558224827	53.3674660708919	50.710643709919	40	25	24
344	1	25	78.5420841769879	39.3195558224827	53.3674660708919	50.7106894757337	40	25	24
345	1	25	78.5420841769879	39.3195558224827	53.3674660708919	50.7107349762392	40	25	24
346	1	25	78.5420841769879	39.3195558224827	53.3674660708919	50.7107802137361	40	25	24
347	1	25	78.5420841769879	39.3195558224827	53.3674660708919	45.0866187804203	40	25	11
348	1	25	78.5420841769879	39.3195558224827	53.3674660708919	43.1496248072537	40	25	266
349	1	25	78.5420841769879	39.3195558224827	53.3674660708919	43.149650743426	40	25	266
350	1	25	78.5420841769879	39.3195558224827	53.3674660708919	45.0866799166904	40	25	11
351	1	25	78.5420841769879	39.3195558224827	53.3674660708919	43.1497021724172	40	25	266
352	1	25	78.5420841769879	39.3195558224827	53.3674660708919	43.1497276677552	40	25	266
353	1	25	78.5420841769879	39.3195558224827	53.3674660708919	45.086740013817	40	25	11
354	1	25	78.5420841769879	39.3195558224827	53.3674660708919	43.1497782263068	40	25	266
355	1	25	78.5420841769879	39.3195558224827	53.3674660708919	43.149803291955	40	25	266
356	1	25	78.5420841769879	39.3195558224827	53.3674660708919	50.7112186108264	40	25	24
357	1	25	78.5420841769879	39.3195558224827	53.3674660708919	50.7112610997321	40	25	24
358	1	25	78.5420841769879	39.3195558224827	53.3674660708919	45.0868379374406	40	25	11
359	1	25	78.5420841769879	39.3195558224827	53.3674660708919	43.1499021581325	40	25	266
360	1	25	78.5420841769879	39.3195558224827	53.3674660708919	43.1499265313916	40	25	266
361	1	25	78.5420841769879	39.3195558224827	53.3674660708919	45.0868953895831	40	25	11
362	1	25	78.5420841769879	39.3195558224827	53.3674660708919	45.0869143286872	40	25	11
363	1	25	78.5420841769879	39.3195558224827	53.3674660708919	45.0869331634436	40	25	11
364	1	25	78.5420841769879	39.3195558224827	53.3674660708919	45.0869518947123	40	25	11
365	1	25	78.5420841769879	39.3195558224827	53.3674660708919	45.086970523344	40	25	11
366	1	25	78.5420841769879	39.3195558224827	53.3674660708919	43.1500699740145	40	25	266
367	1	25	78.5420841769879	39.3195558224827	53.3674660708919	43.1500934251246	40	25	266
368	1	25	78.5420841769879	39.3195558224827	53.3674660708919	48.7336133456344	40	25	10
369	1	25	78.5420841769879	39.3195558224827	53.3674660708919	48.7336299150935	40	25	10
370	1	25	78.5420841769879	39.3195558224827	53.3674660708919	39.1363331704595	40	25	171
371	1	25	78.5420841769879	39.3195558224827	53.3674660708919	46.8486362828113	40	25	10
372	1	25	78.5420841769879	39.3195558224827	53.3674660708919	40.5312336869278	40	25	10
373	1	25	78.5420841769879	39.3195558224827	53.3674660708919	46.3556810138929	40	25	10
374	1	25	78.5420841769879	39.3195558224827	53.3674660708919	46.355698755574	40	25	10
375	1	25	78.5420841769879	39.3195558224827	53.3674660708919	46.3557164026329	40	25	10
376	1	25	78.5420841769879	39.3195558224827	53.3674660708919	46.3557339558243	40	25	10
377	1	25	78.5420841769879	39.3195558224827	53.3674660708919	46.3557514158955	40	25	10
378	1	25	78.5420841769879	39.3195558224827	53.3674660708919	46.3557687835852	40	25	10
379	1	25	78.5420841769879	39.3195558224827	53.3674660708919	46.3557860596249	40	25	10
380	1	25	78.5420841769879	39.3195558224827	53.3674660708919	46.3558032447381	40	25	11
381	1	25	78.5420841769879	39.3195558224827	53.3674660708919	46.3558203396407	40	25	11
382	1	25	78.5420841769879	39.3195558224827	53.3674660708919	46.3558373450412	40	25	11
383	1	25	78.5420841769879	39.3195558224827	53.3674660708919	46.3558542616407	40	25	11
384	1	25	78.5420841769879	39.3195558224827	53.3674660708919	46.3558710901329	40	25	11
385	1	25	78.5420841769879	39.3195558224827	53.3674660708919	46.3558878312043	40	25	11
386	1	25	78.5420841769879	39.3195558224827	53.3674660708919	46.3559044855344	40	25	11
387	1	25	78.5420841769879	39.3195558224827	53.3674660708919	46.3559210537957	40	25	11
388	1	25	78.5420841769879	39.3195558224827	53.3674660708919	46.3559375366535	40	25	11
389	1	25	78.5420841769879	39.3195558224827	53.3674660708919	46.3559539347665	40	25	11
390	1	25	78.5420841769879	39.3195558224827	53.3674660708919	46.3559702487867	40	25	11
391	1	25	78.5420841769879	39.3195558224827	53.3674660708919	39.1366271152994	40	25	180
392	1	25	78.5420841769879	39.3195558224827	53.3674660708919	39.1366403271059	40	25	180
393	1	25	78.5420841769879	39.3195558224827	53.3674660708919	39.1366534716767	40	25	180
394	1	25	78.5420841769879	39.3195558224827	53.3674660708919	39.1366665495238	40	25	171
395	1	25	78.5420841769879	39.3195558224827	53.3674660708919	39.1366795611539	40	25	171
396	1	25	78.5420841769879	39.3195558224827	53.3674660708919	39.1366925070688	40	25	180
397	1	25	78.5420841769879	39.3195558224827	53.3674660708919	39.1367053877649	40	25	180
398	1	25	78.5420841769879	39.3195558224827	53.3674660708919	39.1367182037339	40	25	180
399	1	25	78.5420841769879	39.3195558224827	53.3674660708919	39.1367309554625	40	25	180
400	1	25	78.5420841769879	39.3195558224827	53.3674660708919	39.1367436434324	40	25	180
401	1	25	78.5420841769879	39.3195558224827	53.3674660708919	39.1367562681207	40	25	180
402	1	25	78.5420841769879	39.3195558224827	53.3674660708919	39.1367688299996	40	25	180
403	1	25	78.5420841769879	39.3195558224827	53.3674660708919	46.3561749634269	40	25	11
404	1	25	78.5420841769879	39.3195558224827	53.3674660708919	45.3641834467081	40	25	11
405	1	25	78.5420841769879	39.3195558224827	53.3674660708919	41.2736528022862	40	25	11
406	1	25	78.5420841769879	39.3195558224827	53.3674660708919	42.9600868967433	40	25	11
407	1	25	78.5420841769879	39.3195558224827	53.3674660708919	45.741003937027	40	25	11
408	1	25	78.5420841769879	39.3195558224827	53.3674660708919	47.4101088859629	40	25	18
409	1	25	78.5420841769879	39.3195558224827	53.3674660708919	52.165105265914	40	25	22
410	1	25	78.5420841769879	39.3195558224827	53.3674660708919	52.1651347846688	40	25	22
411	1	25	78.5420841769879	39.3195558224827	53.3674660708919	52.1651641597801	40	25	22
412	1	25	78.5420841769879	39.3195558224827	53.3674660708919	52.1651933922937	40	25	22
413	1	25	78.5420841769879	39.3195558224827	53.3674660708919	52.1652224832456	40	25	22
414	1	25	78.5420841769879	39.3195558224827	53.3674660708919	52.1652514336614	40	25	22
415	1	25	78.5420841769879	39.3195558224827	53.3674660708919	52.1652802445572	40	25	22
416	1	25	78.5420841769879	39.3195558224827	53.3674660708919	52.165308916939	40	25	22
417	1	25	78.5420841769879	39.3195558224827	53.3674660708919	52.1653374518034	40	25	22
418	1	25	78.5420841769879	39.3195558224827	53.3674660708919	52.1653658501374	40	25	22
419	1	25	78.5420841769879	39.3195558224827	53.3674660708919	52.1653941129184	40	25	22
420	1	25	78.5420841769879	39.3195558224827	53.3674660708919	52.1654222411148	40	25	22
421	1	25	78.5420841769879	39.3195558224827	53.3674660708919	52.1654502356856	40	25	22
422	1	25	78.5420841769879	39.3195558224827	53.3674660708919	52.1654780975806	40	25	22
423	1	25	78.5420841769879	39.3195558224827	53.3674660708919	52.165505827741	40	25	22
424	1	25	78.5420841769879	39.3195558224827	53.3674660708919	52.1655334270986	40	25	22
425	1	25	78.5420841769879	39.3195558224827	53.3674660708919	52.165560896577	40	25	22
426	1	25	78.5420841769879	39.3195558224827	53.3674660708919	52.1655882370907	40	25	22
427	1	25	78.5420841769879	39.3195558224827	53.3674660708919	52.1656154495457	40	25	22
428	1	25	78.5420841769879	39.3195558224827	53.3674660708919	52.1656425348398	40	25	22
429	1	25	78.5420841769879	39.3195558224827	53.3674660708919	52.1656694938621	40	25	22
430	1	25	78.5420841769879	39.3195558224827	53.3674660708919	52.1656963274936	40	25	22
431	1	25	78.5420841769879	39.3195558224827	53.3674660708919	52.165723036607	40	25	22
432	1	25	78.5420841769879	39.3195558224827	53.3674660708919	52.1657496220672	40	25	22
433	1	25	78.5420841769879	39.3195558224827	53.3674660708919	52.1657760847308	40	25	22
434	1	25	78.5420841769879	39.3195558224827	53.3674660708919	52.1658024254466	40	25	22
435	1	25	78.5420841769879	39.3195558224827	53.3674660708919	52.1658286450557	40	25	22
436	1	25	78.5420841769879	39.3195558224827	53.3674660708919	52.1658547443914	40	25	22
437	1	25	78.5420841769879	39.3195558224827	53.3674660708919	52.1658807242792	40	25	22
438	1	25	78.5420841769879	39.3195558224827	53.3674660708919	52.1659065855375	40	25	22
439	1	25	78.5420841769879	39.3195558224827	53.3674660708919	52.1659323289768	40	25	22
440	1	25	78.5420841769879	39.3195558224827	53.3674660708919	52.1659579554005	40	25	22
441	1	25	78.5420841769879	39.3195558224827	53.3674660708919	39.1372143066977	40	25	171
442	1	25	78.5420841769879	39.3195558224827	53.3674660708919	40.0491873618227	40	25	22
443	1	25	78.5420841769879	39.3195558224827	53.3674660708919	47.6138542765844	40	25	22
444	1	25	78.5420841769879	39.3195558224827	53.3674660708919	42.7201516835556	40	25	22
445	1	25	78.5420841769879	39.3195558224827	53.3674660708919	41.5658434528461	40	25	22
446	1	25	78.5420841769879	39.3195558224827	53.3674660708919	41.5658570569173	40	25	12
447	1	25	78.5420841769879	39.3195558224827	53.3674660708919	41.5658706001201	40	25	12
448	1	25	78.5420841769879	39.3195558224827	53.3674660708919	41.5658840828622	40	25	12
449	1	25	78.5420841769879	39.3195558224827	53.3674660708919	41.5658975055475	40	25	12
450	1	25	78.5420841769879	39.3195558224827	53.3674660708919	41.5659108685765	40	25	12
451	1	25	78.5420841769879	39.3195558224827	53.3674660708919	41.5659241723459	40	25	12
452	1	25	78.5420841769879	39.3195558224827	53.3674660708919	41.565937417249	40	25	12
453	1	25	78.5420841769879	39.3195558224827	53.3674660708919	41.5659506036758	40	25	12
454	1	25	78.5420841769879	39.3195558224827	53.3674660708919	41.5659637320126	40	25	12
455	1	25	78.5420841769879	39.3195558224827	53.3674660708919	41.5659768026424	40	25	12
456	1	25	78.5420841769879	39.3195558224827	53.3674660708919	41.5659898159449	40	25	12
457	1	25	78.5420841769879	39.3195558224827	53.3674660708919	41.5660027722964	40	25	12
458	1	25	78.5420841769879	39.3195558224827	53.3674660708919	41.5660156720699	40	25	12
459	1	25	78.5420841769879	39.3195558224827	53.3674660708919	41.5660285156353	40	25	12
460	1	25	78.5420841769879	39.3195558224827	53.3674660708919	41.5660413033591	40	25	12
461	1	25	78.5420841769879	39.3195558224827	53.3674660708919	39.1374135187036	40	25	183
462	1	25	78.5420841769879	39.3195558224827	53.3674660708919	41.5660667127323	40	25	12
463	1	25	78.5420841769879	39.3195558224827	53.3674660708919	39.1374324933244	40	25	171
464	1	25	78.5420841769879	39.3195558224827	53.3674660708919	43.3722761169317	40	25	11
465	1	25	78.5420841769879	39.3195558224827	53.3674660708919	39.1374513047228	40	25	182
466	1	25	78.5420841769879	39.3195558224827	53.3674660708919	43.3722990098576	40	25	11
467	1	25	78.5420841769879	39.3195558224827	53.3674660708919	43.3723103827886	40	25	11
468	1	25	78.5420841769879	39.3195558224827	53.3674660708919	43.3723217071174	40	25	11
469	1	25	78.5420841769879	39.3195558224827	53.3674660708919	43.3723329831548	40	25	11
470	1	25	78.5420841769879	39.3195558224827	53.3674660708919	43.3723442112091	40	25	11
471	1	25	78.5420841769879	39.3195558224827	53.3674660708919	40.4652051314884	40	25	11
472	1	25	78.5420841769879	39.3195558224827	53.3674660708919	48.0517024041072	40	25	20
473	1	25	78.5420841769879	39.3195558224827	53.3674660708919	53.3322540275575	40	25	21
474	1	25	78.5420841769879	39.3195558224827	53.3674660708919	52.1667649174258	40	25	21
475	1	25	78.5420841769879	39.3195558224827	53.3674660708919	53.3322960883119	40	25	21
476	1	25	78.5420841769879	39.3195558224827	53.3674660708919	53.3323169861447	40	25	21
477	1	25	78.5420841769879	39.3195558224827	53.3674660708919	53.3323377963556	40	25	21
478	1	25	78.5420841769879	39.3195558224827	53.3674660708919	53.3323585194944	40	25	21
479	1	25	78.5420841769879	39.3195558224827	53.3674660708919	53.3323791561066	40	25	21
480	1	25	78.5420841769879	39.3195558224827	53.3674660708919	53.3323997067329	40	25	21
481	1	25	78.5420841769879	39.3195558224827	53.3674660708919	53.3324201719097	40	25	21
482	1	25	78.5420841769879	39.3195558224827	53.3674660708919	53.3324405521686	40	25	21
483	1	25	78.5420841769879	39.3195558224827	53.3674660708919	53.3324608480373	40	25	21
484	1	25	78.5420841769879	39.3195558224827	53.3674660708919	53.3324810600387	40	25	21
485	1	25	78.5420841769879	39.3195558224827	53.3674660708919	53.3325011886917	40	25	21
486	1	25	78.5420841769879	39.3195558224827	53.3674660708919	53.3325212345107	40	25	21
487	1	25	78.5420841769879	39.3195558224827	53.3674660708919	53.332541198006	40	25	21
488	1	25	78.5420841769879	39.3195558224827	53.3674660708919	52.1670645127776	40	25	21
489	1	25	78.5420841769879	39.3195558224827	53.3674660708919	53.3325808800458	40	25	21
490	1	25	78.5420841769879	39.3195558224827	53.3674660708919	53.3326005995901	40	25	21
491	1	25	78.5420841769879	39.3195558224827	53.3674660708919	53.3326202388103	40	25	21
492	1	25	78.5420841769879	39.3195558224827	53.3674660708919	53.3326397981964	40	25	21
493	1	25	78.5420841769879	39.3195558224827	53.3674660708919	52.1671673874492	40	25	21
494	1	25	78.5420841769879	39.3195558224827	53.3674660708919	53.332678679405	40	25	21
495	1	25	78.5420841769879	39.3195558224827	53.3674660708919	53.3326980021875	40	25	21
496	1	25	78.5420841769879	39.3195558224827	53.3674660708919	39.1377234821421	40	25	171
497	1	25	78.5420841769879	39.3195558224827	53.3674660708919	48.785246235465	40	25	21
498	1	25	78.5420841769879	39.3195558224827	53.3674660708919	39.1377398783722	40	25	171
499	1	25	78.5420841769879	39.3195558224827	53.3674660708919	49.958702010569	40	25	21
500	1	25	78.5420841769879	39.3195558224827	53.3674660708919	39.1377561434324	40	25	171
501	1	25	78.5420841769879	39.3195558224827	53.3674660708919	39.1377642272648	40	25	171
502	1	25	78.5420841769879	39.3195558224827	53.3674660708919	53.3328311061353	40	25	21
503	1	25	78.5420841769879	39.3195558224827	53.3674660708919	51.4066400397153	40	25	21
504	1	25	78.5420841769879	39.3195558224827	53.3674660708919	53.3328684567329	40	25	21
505	1	25	78.5420841769879	39.3195558224827	53.3674660708919	52.1674059752025	40	25	21
506	1	25	78.5420841769879	39.3195558224827	53.3674660708919	53.3329055120689	40	25	21
507	1	25	78.5420841769879	39.3195558224827	53.3674660708919	53.3329239301057	40	25	21
508	1	25	78.5420841769879	39.3195558224827	53.3674660708919	53.3329422756306	40	25	21
509	1	25	78.5420841769879	39.3195558224827	53.3674660708919	53.3329605490709	40	25	21
510	1	25	78.5420841769879	39.3195558224827	53.3674660708919	53.3329787508506	40	25	21
511	1	25	78.5420841769879	39.3195558224827	53.3674660708919	39.1378433254285	40	25	171
512	1	25	78.5420841769879	39.3195558224827	53.3674660708919	39.1378510653074	40	25	171
513	1	25	78.5420841769879	39.3195558224827	53.3674660708919	53.3330329304171	40	25	21
514	1	25	78.5420841769879	39.3195558224827	53.3674660708919	53.333050849729	40	25	21
515	1	25	78.5420841769879	39.3195558224827	53.3674660708919	49.8833537614264	40	25	21
516	1	25	78.5420841769879	39.3195558224827	53.3674660708919	53.3330864799888	40	25	21
517	1	25	78.5420841769879	39.3195558224827	53.3674660708919	53.3331041917426	40	25	21
518	1	25	78.5420841769879	39.3195558224827	53.3674660708919	53.3331218351113	40	25	21
519	1	25	78.5420841769879	39.3195558224827	53.3674660708919	53.3331394104902	40	25	21
520	1	25	78.5420841769879	39.3195558224827	53.3674660708919	53.3331569182714	40	25	21
521	1	25	78.5420841769879	39.3195558224827	53.3674660708919	53.3331743588443	40	25	21
522	1	25	78.5420841769879	39.3195558224827	53.3674660708919	53.333191732595	40	25	21
523	1	25	78.5420841769879	39.3195558224827	53.3674660708919	53.3332090399069	40	25	21
524	1	25	78.5420841769879	39.3195558224827	53.3674660708919	53.3332262811604	40	25	21
525	1	25	78.5420841769879	39.3195558224827	53.3674660708919	53.3332434567329	40	25	21
526	1	25	78.5420841769879	39.3195558224827	53.3674660708919	39.1379563335465	40	25	171
527	1	25	78.5420841769879	39.3195558224827	53.3674660708919	46.5371253849749	40	25	21
528	1	25	78.5420841769879	39.3195558224827	53.3674660708919	49.8791095018519	40	25	21
529	1	25	78.5420841769879	39.3195558224827	53.3674660708919	40.1943885402725	40	25	21
530	1	25	78.5420841769879	39.3195558224827	53.3674660708919	43.3732383367873	40	25	21
531	1	25	78.5420841769879	39.3195558224827	53.3674660708919	39.1379925841104	40	25	171
532	1	25	78.5420841769879	39.3195558224827	53.3674660708919	39.137999752455	40	25	171
533	1	25	78.5420841769879	39.3195558224827	53.3674660708919	45.2609564731692	0	25	21
534	1	25	78.5420841769879	39.3195558224827	53.3674660708919	52.1679382924792	0	25	418
535	1	25	78.5420841769879	39.3195558224827	53.3674660708919	52.1679556189519	0	25	418
536	1	25	78.5420841769879	39.3195558224827	53.3674660708919	52.1679728807737	0	25	418
537	1	25	78.5420841769879	39.3195558224827	53.3674660708919	53.3334445740514	0	25	21
538	1	25	78.5420841769879	39.3195558224827	53.3674660708919	53.3334609288519	0	25	21
539	1	25	78.5420841769879	39.3195558224827	53.3674660708919	53.3334772229667	0	25	21
540	1	25	78.5420841769879	39.3195558224827	53.3674660708919	53.3334934567329	0	25	21
541	1	25	78.5420841769879	39.3195558224827	53.3674660708919	53.3335096304852	0	25	21
542	1	25	78.5420841769879	39.3195558224827	53.3674660708919	53.3335257445558	0	25	21
543	1	25	78.5420841769879	39.3195558224827	53.3674660708919	53.3335417992744	0	25	21
544	1	25	78.5420841769879	39.3195558224827	53.3674660708919	53.3335577949682	0	25	21
545	1	25	78.5420841769879	39.3195558224827	53.3674660708919	52.1681253865932	0	25	418
546	1	25	78.5420841769879	39.3195558224827	53.3674660708919	53.3335896105791	0	25	21
547	1	25	78.5420841769879	39.3195558224827	53.3674660708919	53.3336054311388	0	25	21
548	1	25	78.5420841769879	39.3195558224827	53.3674660708919	53.3336211939592	0	25	21
549	1	25	78.5420841769879	39.3195558224827	53.3674660708919	53.3336368993559	0	25	21
550	1	25	78.5420841769879	39.3195558224827	53.3674660708919	53.333652547642	0	25	21
551	1	25	78.5420841769879	39.3195558224827	53.3674660708919	53.3336681391286	0	25	21
552	1	25	78.5420841769879	39.3195558224827	53.3674660708919	53.3336836741242	0	25	21
553	1	25	78.5420841769879	39.3195558224827	53.3674660708919	53.3336991529355	0	25	21
554	1	25	78.5420841769879	39.3195558224827	53.3674660708919	53.3337145758665	0	25	21
555	1	25	78.5420841769879	39.3195558224827	53.3674660708919	53.3337299432194	0	25	21
556	1	25	78.5420841769879	39.3195558224827	53.3674660708919	52.1683050777027	0	25	418
557	1	25	78.5420841769879	39.3195558224827	53.3674660708919	52.1683210613251	0	25	418
558	1	25	78.5420841769879	39.3195558224827	53.3674660708919	52.1683369876586	0	25	418
559	1	25	78.5420841769879	39.3195558224827	53.3674660708919	52.1683528570105	0	25	418
560	1	25	78.5420841769879	39.3195558224827	53.3674660708919	52.1683686696862	0	25	418
561	1	25	78.5420841769879	39.3195558224827	53.3674660708919	53.3338209968399	0	25	21
562	1	25	78.5420841769879	39.3195558224827	53.3674660708919	53.3338359834233	0	25	21
563	1	25	78.5420841769879	39.3195558224827	53.3674660708919	53.3338509167685	0	25	21
564	1	25	78.5420841769879	39.3195558224827	53.3674660708919	53.3338657971585	0	25	21
565	1	25	78.5420841769879	39.3195558224827	53.3674660708919	53.3338806248745	0	25	21
566	1	25	78.5420841769879	39.3195558224827	53.3674660708919	53.3338954001958	0	25	21
567	1	25	78.5420841769879	39.3195558224827	53.3674660708919	52.1684777966704	0	25	418
568	1	25	78.5420841769879	39.3195558224827	53.3674660708919	52.1684931666681	0	25	418
569	1	25	78.5420841769879	39.3195558224827	53.3674660708919	52.1685084826413	0	25	418
570	1	25	78.5420841769879	39.3195558224827	53.3674660708919	52.1685237448742	0	25	418
571	1	25	78.5420841769879	39.3195558224827	53.3674660708919	52.1685389536492	0	25	418
572	1	25	78.5420841769879	39.3195558224827	53.3674660708919	52.1685541092467	0	25	418
573	1	25	78.5420841769879	39.3195558224827	53.3674660708919	52.168569211945	0	25	418
574	1	25	78.5420841769879	39.3195558224827	53.3674660708919	52.1685842620207	0	25	418
575	1	25	78.5420841769879	39.3195558224827	53.3674660708919	52.1685992597484	0	25	418
576	1	25	78.5420841769879	39.3195558224827	53.3674660708919	52.1686142054005	0	25	418
577	1	25	78.5420841769879	39.3195558224827	53.3674660708919	52.168629099248	0	25	418
578	1	25	78.5420841769879	39.3195558224827	53.3674660708919	52.1686439415597	0	25	418
579	1	25	78.5420841769879	39.3195558224827	53.3674660708919	52.1686587326026	0	25	418
580	1	25	78.5420841769879	39.3195558224827	53.3674660708919	52.1686734726419	0	25	418
581	1	25	78.5420841769879	39.3195558224827	53.3674660708919	52.168688161941	0	25	418
582	1	25	78.5420841769879	39.3195558224827	53.3674660708919	52.1687028007614	0	25	418
583	1	25	78.5420841769879	39.3195558224827	53.3674660708919	52.1687173893628	0	25	418
584	1	25	78.5420841769879	39.3195558224827	53.3674660708919	52.1687319280033	0	25	418
585	1	25	78.5420841769879	39.3195558224827	53.3674660708919	52.168746416939	0	25	418
586	1	25	78.5420841769879	39.3195558224827	53.3674660708919	52.1687608564244	0	25	418
587	1	25	78.5420841769879	39.3195558224827	53.3674660708919	52.1687752467123	0	25	418
588	1	25	78.5420841769879	39.3195558224827	53.3674660708919	52.1687895880536	0	25	440
589	1	25	78.5420841769879	39.3195558224827	53.3674660708919	52.1688038806976	0	25	418
590	1	25	78.5420841769879	39.3195558224827	53.3674660708919	52.1688181248921	0	25	418
591	1	25	78.5420841769879	39.3195558224827	53.3674660708919	52.1688323208828	0	25	440
592	1	25	78.5420841769879	39.3195558224827	53.3674660708919	52.168846468914	0	25	440
593	1	25	78.5420841769879	39.3195558224827	53.3674660708919	52.1688605692285	0	25	440
594	1	25	78.5420841769879	39.3195558224827	53.3674660708919	52.1688746220672	0	25	440
595	1	25	78.5420841769879	39.3195558224827	53.3674660708919	52.1688886276694	0	25	440
596	1	25	78.5420841769879	39.3195558224827	53.3674660708919	52.168902586273	0	25	440
597	1	25	78.5420841769879	39.3195558224827	53.3674660708919	52.1689164981141	0	25	440
598	1	25	78.5420841769879	39.3195558224827	53.3674660708919	52.1689303634273	0	25	440
599	1	25	78.5420841769879	39.3195558224827	53.3674660708919	52.1689441824456	0	25	440
600	1	25	78.5420841769879	39.3195558224827	53.3674660708919	52.1689579554005	0	25	418
601	1	25	78.5420841769879	39.3195558224827	53.3674660708919	52.168971682522	0	25	440
602	1	25	78.5420841769879	39.3195558224827	53.3674660708919	52.1689853640384	0	25	440
603	1	25	78.5420841769879	39.3195558224827	53.3674660708919	52.1689990001766	0	25	440
604	1	25	78.5420841769879	39.3195558224827	53.3674660708919	52.1690125911621	0	25	440
605	1	25	78.5420841769879	39.3195558224827	53.3674660708919	52.1690261372187	0	25	440
606	1	25	78.5420841769879	39.3195558224827	53.3674660708919	52.1690396385688	0	25	418
607	1	23	80.9938833966746	40.45380082013	54.5525597713282	54.5525597713282	0	23	23
608	1	23	80.9938833966746	40.45380082013	54.5525597713282	54.5525737935904	0	23	23
609	1	23	80.9938833966746	40.45380082013	54.5525597713282	54.5525877698025	0	23	23
610	1	23	80.9938833966746	40.45380082013	54.5525597713282	54.552601700191	0	23	23
611	1	23	80.9938833966746	40.45380082013	54.5525597713282	52.1691064824054	0	23	418
612	1	21	82.267683755399	37.302662283911	56.8617341851318	56.8617341851318	0	21	21
613	1	21	82.267683755399	37.302662283911	56.8617341851318	52.1691329146175	0	21	418
614	1	21	82.267683755399	37.302662283911	56.8617341851318	52.1691460661497	0	21	418
615	1	21	82.267683755399	37.302662283911	56.8617341851318	52.1691591749127	0	21	418
616	1	21	82.267683755399	37.302662283911	56.8617341851318	55.4969983581453	0	21	21
617	1	21	82.267683755399	37.302662283911	56.8617341851318	56.8617967506767	0	21	21
618	1	21	82.267683755399	37.302662283911	56.8617341851318	56.8618091422992	0	21	21
619	1	21	82.267683755399	37.302662283911	56.8617341851318	56.8618214938841	0	21	21
620	1	21	82.267683755399	37.302662283911	56.8617341851318	56.8618338056252	0	21	21
621	1	21	82.267683755399	37.302662283911	56.8617341851318	56.861846077715	0	21	21
622	1	21	82.267683755399	37.302662283911	56.8617341851318	56.8618583103446	0	21	21
623	1	21	82.267683755399	37.302662283911	56.8617341851318	56.8618705037042	0	21	21
624	1	21	82.267683755399	37.302662283911	56.8617341851318	50.6947637416043	0	21	380
625	1	21	82.267683755399	37.302662283911	56.8617341851318	50.6947752800658	0	21	380
626	1	21	82.267683755399	37.302662283911	56.8617341851318	50.6947867816633	0	21	380
627	1	21	82.267683755399	37.302662283911	56.8617341851318	50.694798246573	0	21	380
628	1	21	82.267683755399	37.302662283911	56.8617341851318	50.6948096749703	0	21	380
629	1	21	82.267683755399	37.302662283911	56.8617341851318	50.6948210670292	0	21	380
630	1	21	82.267683755399	37.302662283911	56.8617341851318	50.6948324229229	0	21	380
631	1	21	82.267683755399	37.302662283911	56.8617341851318	50.6948437428233	0	21	380
632	1	21	82.267683755399	37.302662283911	56.8617341851318	50.6948550269013	0	21	380
633	1	21	82.267683755399	37.302662283911	56.8617341851318	50.6948662753265	0	21	380
634	1	21	82.267683755399	37.302662283911	56.8617341851318	50.6948774882677	0	21	380
635	1	21	82.267683755399	37.302662283911	56.8617341851318	40.8215318794395	0	21	10
636	1	21	82.267683755399	37.302662283911	56.8617341851318	37.665985749434	0	21	171
637	1	21	82.267683755399	37.302662283911	56.8617341851318	40.8215430044225	0	21	10
638	1	21	82.267683755399	37.302662283911	56.8617341851318	40.821548540758	0	21	10
639	1	21	82.267683755399	37.302662283911	56.8617341851318	37.6958727577171	0	21	10
640	1	21	82.267683755399	37.302662283911	56.8617341851318	40.8215595615261	0	21	10
641	1	21	82.267683755399	37.302662283911	56.8617341851318	40.8215650461205	0	21	10
642	1	21	82.267683755399	37.302662283911	56.8617341851318	40.8215705136289	0	21	10
643	1	21	82.267683755399	37.302662283911	56.8617341851318	40.821575964131	0	21	10
644	1	21	82.267683755399	37.302662283911	56.8617341851318	40.8215813977062	0	21	10
645	1	21	82.267683755399	37.302662283911	56.8617341851318	40.821586814433	0	21	10
646	1	21	82.267683755399	37.302662283911	56.8617341851318	40.8215922143898	0	21	10
647	1	21	82.267683755399	37.302662283911	56.8617341851318	40.8215975976544	0	21	10
648	1	21	82.267683755399	37.302662283911	56.8617341851318	40.8216029643038	0	21	10
649	1	21	82.267683755399	37.302662283911	56.8617341851318	40.8216083144151	0	21	10
650	1	21	82.267683755399	37.302662283911	56.8617341851318	40.8216136480645	0	21	10
651	1	21	82.267683755399	37.302662283911	56.8617341851318	40.8216189653279	0	21	10
652	1	21	82.267683755399	37.302662283911	56.8617341851318	37.6959359435808	0	21	10
653	1	21	82.267683755399	37.302662283911	56.8617341851318	37.6660686397226	0	21	171
654	1	21	82.267683755399	37.302662283911	56.8617341851318	40.8216348195536	0	21	10
655	1	21	82.267683755399	37.302662283911	56.8617341851318	38.5002081003686	0	21	10
656	1	21	82.267683755399	37.302662283911	56.8617341851318	40.8216453084773	0	21	10
657	1	21	82.267683755399	37.302662283911	56.8617341851318	40.8216505289918	0	21	10
658	1	21	82.267683755399	37.302662283911	56.8617341851318	40.8216557336385	0	21	10
659	1	21	82.267683755399	37.302662283911	56.8617341851318	43.9922649556503	0	21	12
660	1	21	82.267683755399	37.302662283911	56.8617341851318	53.0909870181166	0	21	20
661	1	21	82.267683755399	37.302662283911	56.8617341851318	40.8216712530919	0	21	20
662	1	21	82.267683755399	37.302662283911	56.8617341851318	51.039665125927	0	21	20
663	1	21	82.267683755399	37.302662283911	56.8617341851318	43.3116477436091	0	21	20
664	1	21	82.267683755399	37.302662283911	56.8617341851318	44.4679725657491	0	21	20
665	1	21	82.267683755399	37.302662283911	56.8617341851318	45.9058843980776	0	21	20
666	1	21	82.267683755399	37.302662283911	56.8617341851318	48.1902777308588	0	21	20
667	1	21	82.267683755399	37.302662283911	56.8617341851318	51.6606052139064	0	21	20
668	1	21	82.267683755399	37.302662283911	56.8617341851318	51.6606148086599	0	21	19
669	1	21	82.267683755399	37.302662283911	56.8617341851318	51.6606243747296	0	21	19
670	1	21	82.267683755399	37.302662283911	56.8617341851318	51.6606339122438	0	21	19
671	1	21	82.267683755399	37.302662283911	56.8617341851318	51.6606434213303	0	21	19
672	1	21	82.267683755399	37.302662283911	56.8617341851318	51.6606529021159	0	21	19
673	1	21	82.267683755399	37.302662283911	56.8617341851318	51.6606623547268	0	21	19
674	1	21	82.267683755399	37.302662283911	56.8617341851318	51.6606717792884	0	21	19
675	1	21	82.267683755399	37.302662283911	56.8617341851318	51.6606811759254	0	21	19
676	1	21	82.267683755399	37.302662283911	56.8617341851318	53.091148395201	0	21	20
677	1	21	82.267683755399	37.302662283911	56.8617341851318	56.8624754528354	0	21	21
678	1	21	82.267683755399	37.302662283911	56.8617341851318	56.8624857468185	0	21	21
679	1	21	82.267683755399	37.302662283911	56.8617341851318	56.8624960104805	0	21	21
680	1	21	82.267683755399	37.302662283911	56.8617341851318	56.8625062439554	0	21	21
681	1	21	82.267683755399	37.302662283911	56.8617341851318	41.2652014248732	0	21	21
682	1	21	82.267683755399	37.302662283911	56.8617341851318	55.3005920454485	0	21	21
683	1	21	82.267683755399	37.302662283911	56.8617341851318	40.2983452061519	0	21	21
684	1	21	82.267683755399	37.302662283911	56.8617341851318	50.4609649718987	0	21	21
685	1	21	82.267683755399	37.302662283911	56.8617341851318	46.9052857540897	0	21	21
686	1	21	82.267683755399	37.302662283911	56.8617341851318	54.9648460326945	0	21	21
687	1	21	82.267683755399	37.302662283911	56.8617341851318	56.8625770441095	0	21	21
688	1	21	82.267683755399	37.302662283911	56.8617341851318	56.862587040809	0	21	21
689	1	21	82.267683755399	37.302662283911	56.8617341851318	56.8625970084905	0	21	21
690	1	21	82.267683755399	37.302662283911	56.8617341851318	56.8626069472802	0	21	21
691	1	21	82.267683755399	37.302662283911	56.8617341851318	56.8626168573035	0	21	21
692	1	21	82.267683755399	37.302662283911	56.8617341851318	56.8626267386851	0	21	21
693	1	21	82.267683755399	37.302662283911	56.8617341851318	56.862636591549	0	21	21
694	1	21	82.267683755399	37.302662283911	56.8617341851318	56.8626464160184	0	21	21
695	1	21	82.267683755399	37.302662283911	56.8617341851318	56.8626562122161	0	21	21
696	1	21	82.267683755399	37.302662283911	56.8617341851318	56.8626659802637	0	21	21
697	1	21	82.267683755399	37.302662283911	56.8617341851318	56.8626757202825	0	21	21
698	1	21	82.267683755399	37.302662283911	56.8617341851318	56.8626854323929	0	21	21
699	1	21	82.267683755399	37.302662283911	56.8617341851318	56.8626951167148	0	21	21
700	1	21	82.267683755399	37.302662283911	56.8617341851318	56.8627047733671	0	21	21
701	1	21	82.267683755399	37.302662283911	56.8617341851318	56.8627144024684	0	21	21
702	1	21	82.267683755399	37.302662283911	56.8617341851318	56.8627240041364	0	21	21
703	1	21	82.267683755399	37.302662283911	56.8617341851318	56.862733578488	0	21	21
704	1	21	82.267683755399	37.302662283911	56.8617341851318	56.8627431256399	0	21	21
705	1	21	82.267683755399	37.302662283911	56.8617341851318	56.8627526457076	0	21	21
706	1	21	82.267683755399	37.302662283911	56.8617341851318	37.6663014397434	0	21	171
707	1	21	82.267683755399	37.302662283911	56.8617341851318	47.6119831759834	0	21	21
708	1	21	82.267683755399	37.302662283911	56.8617341851318	46.8829670126713	0	21	21
709	1	21	82.267683755399	37.302662283911	56.8617341851318	47.0991662839719	0	21	21
710	1	21	82.267683755399	37.302662283911	56.8617341851318	41.414454961463	0	21	21
711	1	21	82.267683755399	37.302662283911	56.8617341851318	56.8628092037469	0	21	21
712	1	21	82.267683755399	37.302662283911	56.8617341851318	56.8628185374121	0	21	21
713	1	21	82.267683755399	37.302662283911	56.8617341851318	56.8628278448959	0	21	21
714	1	21	82.267683755399	37.302662283911	56.8617341851318	56.8628371263083	0	21	21
715	1	21	82.267683755399	37.302662283911	56.8617341851318	56.8628463817587	0	21	21
716	1	21	82.267683755399	37.302662283911	56.8617341851318	54.5465257396231	0	21	21
717	1	21	82.267683755399	37.302662283911	56.8617341851318	47.2260957022008	0	21	21
718	1	21	82.267683755399	37.302662283911	56.8617341851318	50.3714470097391	0	21	21
719	1	21	82.267683755399	37.302662283911	56.8617341851318	45.4765637359796	0	21	21
720	1	21	82.267683755399	37.302662283911	56.8617341851318	38.2180733318002	0	21	21
721	1	21	82.267683755399	37.302662283911	56.8617341851318	56.8629013753089	0	21	21
722	1	21	82.267683755399	37.302662283911	56.8617341851318	56.8629104520375	0	21	21
723	1	21	82.267683755399	37.302662283911	56.8617341851318	49.3630596806614	0	21	17
724	1	21	82.267683755399	37.302662283911	56.8617341851318	40.8219674517194	0	21	17
725	1	21	82.267683755399	37.302662283911	56.8617341851318	40.8161824904781	0	21	17
726	1	21	82.267683755399	37.302662283911	56.8617341851318	49.3630815420516	0	21	17
727	1	21	82.267683755399	37.302662283911	56.8617341851318	49.3630887890874	0	21	17
728	1	21	82.267683755399	37.302662283911	56.8617341851318	49.3630960162138	0	21	17
729	1	21	82.267683755399	37.302662283911	56.8617341851318	49.3631032235127	0	21	17
730	1	21	82.267683755399	37.302662283911	56.8617341851318	49.3631104110655	0	21	17
731	1	21	82.267683755399	37.302662283911	56.8617341851318	40.8219972111499	0	21	17
732	1	21	82.267683755399	37.302662283911	56.8617341851318	37.6664033182555	0	21	171
733	1	21	82.267683755399	37.302662283911	56.8617341851318	42.7091511546093	0	21	17
734	1	21	82.267683755399	37.302662283911	56.8617341851318	42.7091570093885	0	21	14
735	1	21	82.267683755399	37.302662283911	56.8617341851318	53.0916827509552	0	21	20
736	1	21	82.267683755399	37.302662283911	56.8617341851318	53.0916910695	0	21	20
737	1	21	82.267683755399	37.302662283911	56.8617341851318	53.0916993654707	0	21	20
738	1	21	82.267683755399	37.302662283911	56.8617341851318	53.0917076389592	0	21	20
739	1	21	82.267683755399	37.302662283911	56.8617341851318	53.0917158900565	0	21	20
740	1	21	82.267683755399	37.302662283911	56.8617341851318	53.0917241188537	0	21	20
741	1	21	82.267683755399	37.302662283911	56.8617341851318	56.8630782551485	0	21	21
742	1	21	82.267683755399	37.302662283911	56.8617341851318	56.8630868488388	0	21	21
743	1	21	82.267683755399	37.302662283911	56.8617341851318	56.8630954193967	0	21	21
744	1	21	82.267683755399	37.302662283911	56.8617341851318	56.8631039669155	0	21	21
745	1	21	82.267683755399	37.302662283911	56.8617341851318	56.8631124914879	0	21	21
746	1	21	82.267683755399	37.302662283911	56.8617341851318	56.8631209932063	0	21	21
747	1	21	82.267683755399	37.302662283911	56.8617341851318	56.8631294721623	0	21	21
748	1	21	82.267683755399	37.302662283911	56.8617341851318	56.8631379284474	0	21	21
749	1	21	82.267683755399	37.302662283911	56.8617341851318	56.8631463621522	0	21	21
750	1	21	82.267683755399	37.302662283911	56.8617341851318	56.8631547733671	0	21	21
751	1	21	82.267683755399	37.302662283911	56.8617341851318	56.863163162182	0	21	21
752	1	21	82.267683755399	37.302662283911	56.8617341851318	56.8631715286863	0	21	21
753	1	21	82.267683755399	37.302662283911	56.8617341851318	56.8631798729687	0	21	21
754	1	21	82.267683755399	37.302662283911	56.8617341851318	56.8631881951178	0	21	21
755	1	21	82.267683755399	37.302662283911	56.8617341851318	56.8631964952214	0	21	21
756	1	21	82.267683755399	37.302662283911	56.8617341851318	56.8632047733671	0	21	21
757	1	21	82.267683755399	37.302662283911	56.8617341851318	56.8632130296419	0	21	21
758	1	21	82.267683755399	37.302662283911	56.8617341851318	56.8632212641323	0	21	21
759	1	21	82.267683755399	37.302662283911	56.8617341851318	56.8632294769245	0	21	21
760	1	21	82.267683755399	37.302662283911	56.8617341851318	56.863237668104	0	21	21
761	1	21	82.267683755399	37.302662283911	56.8617341851318	38.2021140110663	0	21	21
762	1	21	82.267683755399	37.302662283911	56.8617341851318	53.0918996881237	0	21	21
763	1	21	82.267683755399	37.302662283911	56.8617341851318	38.8415948412408	0	21	21
764	1	21	82.267683755399	37.302662283911	56.8617341851318	41.7681086769116	0	21	21
765	1	21	82.267683755399	37.302662283911	56.8617341851318	46.665980078807	0	21	21
766	1	21	82.267683755399	37.302662283911	56.8617341851318	56.8632863660564	0	21	21
767	1	21	82.267683755399	37.302662283911	56.8617341851318	37.6665295552444	0	21	171
768	1	21	82.267683755399	37.302662283911	56.8617341851318	37.6665329929481	0	21	171
769	1	21	82.267683755399	37.302662283911	56.8617341851318	37.6665364217111	0	21	171
770	1	21	82.267683755399	37.302662283911	56.8617341851318	39.2688044028823	0	21	10
771	1	21	82.267683755399	37.302662283911	56.8617341851318	39.2688081928666	0	21	10
772	1	21	82.267683755399	37.302662283911	56.8617341851318	39.2688119730323	0	21	10
773	1	21	82.267683755399	37.302662283911	56.8617341851318	39.2688157434175	0	21	10
774	1	21	82.267683755399	37.302662283911	56.8617341851318	39.2688195040602	0	21	10
775	1	21	82.267683755399	37.302662283911	56.8617341851318	39.2688232549979	0	21	10
776	1	21	82.267683755399	37.302662283911	56.8617341851318	37.6665601756156	0	21	171
777	1	21	82.267683755399	37.302662283911	56.8617341851318	39.2688307279086	0	21	10
778	1	21	82.267683755399	37.302662283911	56.8617341851318	27.2759450288104	0	21	160
779	1	21	82.267683755399	37.302662283911	56.8617341851318	28.525507818421	0	21	7
780	1	21	82.267683755399	37.302662283911	56.8617341851318	28.5255104105015	0	21	7
781	1	21	82.267683755399	37.302662283911	56.8617341851318	28.5255129959443	0	21	7
782	1	21	82.267683755399	37.302662283911	56.8617341851318	28.5255155747746	0	21	7
783	1	21	82.267683755399	37.302662283911	56.8617341851318	28.5255181470179	0	21	7
784	1	21	82.267683755399	37.302662283911	56.8617341851318	28.5255207126993	0	21	7
785	1	21	82.267683755399	37.302662283911	56.8617341851318	28.525523271844	0	21	7
786	1	21	82.267683755399	37.302662283911	56.8617341851318	28.5255258244769	0	21	7
787	1	21	82.267683755399	37.302662283911	56.8617341851318	28.5255283706227	0	21	7
788	1	21	82.267683755399	37.302662283911	56.8617341851318	28.5255309103063	0	21	7
789	1	21	82.267683755399	37.302662283911	56.8617341851318	28.5255334435521	0	21	140
790	1	21	82.267683755399	37.302662283911	56.8617341851318	28.5255359703847	0	21	140
791	1	21	82.267683755399	37.302662283911	56.8617341851318	28.5255384908283	0	21	140
792	1	21	82.267683755399	37.302662283911	56.8617341851318	28.5255410049071	0	21	140
793	1	21	82.267683755399	37.302662283911	56.8617341851318	28.8519650759423	0	21	12
794	1	21	82.267683755399	37.302662283911	56.8617341851318	45.9365747883185	0	21	19
795	1	21	82.267683755399	37.302662283911	56.8617341851318	45.9365815608103	0	21	19
796	1	21	82.267683755399	37.302662283911	56.8617341851318	45.9365883162858	0	21	19
797	1	21	82.267683755399	37.302662283911	56.8617341851318	45.936595054809	0	21	19
798	1	21	82.267683755399	37.302662283911	56.8617341851318	45.9366017764437	0	21	19
799	1	21	82.267683755399	37.302662283911	56.8617341851318	45.9366084812533	0	21	19
800	1	21	82.267683755399	37.302662283911	56.8617341851318	45.9366151693008	0	21	19
801	1	21	82.267683755399	37.302662283911	56.8617341851318	45.9366218406491	0	21	19
802	1	21	82.267683755399	37.302662283911	56.8617341851318	45.9366284953607	0	21	19
803	1	21	82.267683755399	37.302662283911	56.8617341851318	55.6658461149366	0	21	20
804	1	21	82.267683755399	37.302662283911	56.8617341851318	55.6658530850673	0	21	20
805	1	21	82.267683755399	37.302662283911	56.8617341851318	55.6658600378809	0	21	20
806	1	21	82.267683755399	37.302662283911	56.8617341851318	28.7908287414622	0	21	20
807	1	21	82.267683755399	37.302662283911	56.8617341851318	52.9345913309731	0	21	20
808	1	21	82.267683755399	37.302662283911	56.8617341851318	33.8413302004813	0	21	20
809	1	21	82.267683755399	37.302662283911	56.8617341851318	34.265709976859	0	21	20
810	1	21	82.267683755399	37.302662283911	56.8617341851318	48.5307393046332	0	21	20
811	1	21	82.267683755399	37.302662283911	56.8617341851318	48.5307440998106	0	21	14
812	1	21	82.267683755399	37.302662283911	56.8617341851318	55.6659082280715	0	21	20
813	1	21	82.267683755399	37.302662283911	56.8617341851318	55.6659150446421	0	21	20
814	1	21	82.267683755399	37.302662283911	56.8617341851318	55.6659218444644	0	21	20
815	1	21	82.267683755399	37.302662283911	56.8617341851318	55.6659286276	0	21	20
816	1	21	82.267683755399	37.302662283911	56.8617341851318	35.098007874938	0	21	20
817	1	21	82.267683755399	37.302662283911	56.8617341851318	50.2774779401743	0	21	20
818	1	21	82.267683755399	37.302662283911	56.8617341851318	31.1817803665485	0	21	20
819	1	21	82.267683755399	37.302662283911	56.8617341851318	37.3606477012043	0	21	20
820	1	21	82.267683755399	37.302662283911	56.8617341851318	49.0188524408709	0	21	20
821	1	21	82.267683755399	37.302662283911	56.8617341851318	55.665968979408	0	21	20
822	1	21	82.267683755399	37.302662283911	56.8617341851318	55.6659756474379	0	21	20
823	1	21	82.267683755399	37.302662283911	56.8617341851318	55.6659822992636	0	21	20
824	1	21	82.267683755399	37.302662283911	56.8617341851318	55.6659889349441	0	21	20
825	1	21	82.267683755399	37.302662283911	56.8617341851318	55.6659955545381	0	21	20
826	1	21	82.267683755399	37.302662283911	56.8617341851318	36.831922562837	0	21	20
827	1	21	82.267683755399	37.302662283911	56.8617341851318	47.8696477117463	0	21	20
828	1	21	82.267683755399	37.302662283911	56.8617341851318	39.946570485132	0	21	20
829	1	21	82.267683755399	37.302662283911	56.8617341851318	43.501988058562	0	21	20
830	1	21	82.267683755399	37.302662283911	56.8617341851318	46.9641109081405	0	21	20
831	1	21	82.267683755399	37.302662283911	56.8617341851318	51.2165959922445	0	21	20
832	1	21	82.267683755399	37.302662283911	56.8617341851318	55.6660414461465	0	21	20
833	1	21	82.267683755399	37.302662283911	56.8617341851318	55.6660479391283	0	21	20
834	1	21	82.267683755399	37.302662283911	56.8617341851318	55.6660544165394	0	21	20
835	1	21	82.267683755399	37.302662283911	56.8617341851318	55.6660608784358	0	21	20
836	1	21	82.267683755399	37.302662283911	56.8617341851318	55.666067324873	0	21	20
837	1	21	82.267683755399	37.302662283911	56.8617341851318	55.6660737559066	0	21	20
838	1	21	82.267683755399	37.302662283911	56.8617341851318	55.6660801715917	0	21	20
839	1	21	82.267683755399	37.302662283911	56.8617341851318	55.6660865719831	0	21	20
840	1	21	82.267683755399	37.302662283911	56.8617341851318	55.6660929571355	0	21	20
841	1	21	82.267683755399	37.302662283911	56.8617341851318	32.4798486860425	0	21	20
842	1	21	82.267683755399	37.302662283911	56.8617341851318	40.8308360008584	0	21	20
843	1	21	82.267683755399	37.302662283911	56.8617341851318	50.7592574750434	0	21	20
844	1	21	82.267683755399	37.302662283911	56.8617341851318	48.2466910725103	0	21	13
845	1	21	82.267683755399	37.302662283911	56.8617341851318	48.2466951738591	0	21	13
846	1	21	82.267683755399	37.302662283911	56.8617341851318	55.6661309510565	0	21	20
847	1	21	82.267683755399	37.302662283911	56.8617341851318	55.6661372310434	0	21	20
848	1	21	82.267683755399	37.302662283911	56.8617341851318	55.6661434962191	0	21	20
849	1	21	82.267683755399	37.302662283911	56.8617341851318	55.6661497466358	0	21	20
850	1	21	82.267683755399	37.302662283911	56.8617341851318	55.6661559823456	0	21	20
851	1	21	82.267683755399	37.302662283911	56.8617341851318	35.0981099391185	0	21	20
852	1	21	82.267683755399	37.302662283911	56.8617341851318	32.0379287332306	0	21	20
853	1	21	82.267683755399	37.302662283911	56.8617341851318	50.3321339982693	0	21	20
854	1	21	82.267683755399	37.302662283911	56.8617341851318	43.9331686648966	0	21	20
855	1	21	82.267683755399	37.302662283911	56.8617341851318	43.9331723626656	0	21	12
856	1	21	82.267683755399	37.302662283911	56.8617341851318	43.933176051795	0	21	12
857	1	21	82.267683755399	37.302662283911	56.8617341851318	43.9331797323149	0	21	12
858	1	21	82.267683755399	37.302662283911	56.8617341851318	43.9331834042556	0	21	12
859	1	21	82.267683755399	37.302662283911	56.8617341851318	43.9331870676469	0	21	12
860	1	21	82.267683755399	37.302662283911	56.8617341851318	43.9331907225187	0	21	12
861	1	21	82.267683755399	37.302662283911	56.8617341851318	43.9331943689007	0	21	12
862	1	21	82.267683755399	37.302662283911	56.8617341851318	43.9331980068224	0	21	12
863	1	21	82.267683755399	37.302662283911	56.8617341851318	43.9332016363132	0	21	12
864	1	21	82.267683755399	37.302662283911	56.8617341851318	43.9332052574024	0	21	12
865	1	21	82.267683755399	37.302662283911	56.8617341851318	43.9332088701192	0	21	12
866	1	21	82.267683755399	37.302662283911	56.8617341851318	43.9332124744925	0	21	12
867	1	21	82.267683755399	37.302662283911	56.8617341851318	47.9285537768437	0	21	19
868	1	21	82.267683755399	37.302662283911	56.8617341851318	55.6662657681954	0	21	20
869	1	21	82.267683755399	37.302662283911	56.8617341851318	55.6662717340548	0	21	20
870	1	21	82.267683755399	37.302662283911	56.8617341851318	55.6662776861995	0	21	20
871	1	21	82.267683755399	37.302662283911	56.8617341851318	55.6662836246769	0	21	20
872	1	21	82.267683755399	37.302662283911	56.8617341851318	55.6662895495339	0	21	20
873	1	21	82.267683755399	37.302662283911	56.8617341851318	55.6662954608174	0	21	20
874	1	21	82.267683755399	37.302662283911	56.8617341851318	55.6663013585739	0	21	20
875	1	21	82.267683755399	37.302662283911	56.8617341851318	55.6663072428498	0	21	20
876	1	21	82.267683755399	37.302662283911	56.8617341851318	55.6663131136913	0	21	20
877	1	21	82.267683755399	37.302662283911	56.8617341851318	55.6663189711443	0	21	20
878	1	21	82.267683755399	37.302662283911	56.8617341851318	55.6663248152546	0	21	20
879	1	21	82.267683755399	37.302662283911	56.8617341851318	55.6663306460677	0	21	20
880	1	21	82.267683755399	37.302662283911	56.8617341851318	55.666336463629	0	21	20
881	1	21	82.267683755399	37.302662283911	56.8617341851318	29.5416306637547	0	21	20
882	1	21	82.267683755399	37.302662283911	56.8617341851318	41.3988127430104	0	21	20
883	1	21	82.267683755399	37.302662283911	56.8617341851318	49.1080586844729	0	21	20
884	1	21	82.267683755399	37.302662283911	56.8617341851318	40.4975167527724	0	21	20
885	1	21	82.267683755399	37.302662283911	56.8617341851318	43.4983283497167	0	21	20
886	1	21	82.267683755399	37.302662283911	56.8617341851318	54.7738746455894	0	21	20
887	1	21	82.267683755399	37.302662283911	56.8617341851318	55.6663768192711	0	21	20
888	1	21	82.267683755399	37.302662283911	56.8617341851318	55.6663825324251	0	21	20
889	1	21	82.267683755399	37.302662283911	56.8617341851318	55.6663882327261	0	21	20
890	1	21	82.267683755399	37.302662283911	56.8617341851318	55.6663939202174	0	21	20
891	1	21	82.267683755399	37.302662283911	56.8617341851318	55.6663995949421	0	21	20
892	1	21	82.267683755399	37.302662283911	56.8617341851318	55.6664052569433	0	21	20
893	1	21	82.267683755399	37.302662283911	56.8617341851318	55.6664109062636	0	21	20
894	1	21	82.267683755399	37.302662283911	56.8617341851318	55.6664165429457	0	21	20
895	1	21	82.267683755399	37.302662283911	56.8617341851318	55.6664221670318	0	21	20
896	1	21	82.267683755399	37.302662283911	56.8617341851318	55.6664277785641	0	21	20
897	1	21	82.267683755399	37.302662283911	56.8617341851318	55.6664333775846	0	21	20
898	1	21	82.267683755399	37.302662283911	56.8617341851318	55.6664389641352	0	21	20
899	1	21	82.267683755399	37.302662283911	56.8617341851318	55.6664445382574	0	21	20
900	1	21	82.267683755399	37.302662283911	56.8617341851318	55.6664500999927	0	21	20
901	1	21	82.267683755399	37.302662283911	56.8617341851318	55.6664556493822	0	21	20
902	1	21	82.267683755399	37.302662283911	56.8617341851318	55.6664611864672	0	21	20
903	1	21	82.267683755399	37.302662283911	56.8617341851318	55.6664667112883	0	21	20
904	1	21	82.267683755399	37.302662283911	56.8617341851318	55.6664722238865	0	21	20
905	1	21	82.267683755399	37.302662283911	56.8617341851318	55.666477724302	0	21	20
906	1	21	82.267683755399	37.302662283911	56.8617341851318	55.6664832125754	0	21	20
907	1	21	82.267683755399	37.302662283911	56.8617341851318	55.6664886887468	0	21	20
908	1	21	82.267683755399	37.302662283911	56.8617341851318	55.6664941528561	0	21	20
909	1	21	82.267683755399	37.302662283911	56.8617341851318	55.6664996049431	0	21	20
910	1	21	82.267683755399	37.302662283911	56.8617341851318	40.5757572963285	0	21	13
911	1	21	82.267683755399	37.302662283911	56.8617341851318	40.5757608246334	0	21	13
912	1	21	82.267683755399	37.302662283911	56.8617341851318	40.5757643452007	0	21	13
913	1	21	82.267683755399	37.302662283911	56.8617341851318	40.575767858056	0	21	13
914	1	21	82.267683755399	37.302662283911	56.8617341851318	40.5757713632244	0	21	13
915	1	21	82.267683755399	37.302662283911	56.8617341851318	40.5757748607313	0	21	13
916	1	21	82.267683755399	37.302662283911	56.8617341851318	40.5757783506018	0	21	13
917	1	21	82.267683755399	37.302662283911	56.8617341851318	40.5757818328607	0	21	13
918	1	21	82.267683755399	37.302662283911	56.8617341851318	40.575785307533	0	21	13
919	1	21	82.267683755399	37.302662283911	56.8617341851318	40.5757887746435	0	21	13
920	1	21	82.267683755399	37.302662283911	56.8617341851318	40.5757922342167	0	21	13
921	1	21	82.267683755399	37.302662283911	56.8617341851318	40.5757956862773	0	21	13
922	1	21	82.267683755399	37.302662283911	56.8617341851318	40.5757991308498	0	21	13
923	1	21	82.267683755399	37.302662283911	56.8617341851318	40.5758025679583	0	21	13
924	1	21	82.267683755399	37.302662283911	56.8617341851318	40.5758059976272	0	21	13
925	1	21	82.267683755399	37.302662283911	56.8617341851318	40.5758094198807	0	21	13
926	1	21	82.267683755399	37.302662283911	56.8617341851318	40.5758128347426	0	21	13
927	1	21	82.267683755399	37.302662283911	56.8617341851318	40.575816242237	0	21	13
928	1	21	82.267683755399	37.302662283911	56.8617341851318	40.5758196423876	0	21	13
929	1	21	82.267683755399	37.302662283911	56.8617341851318	40.5758230352183	0	21	13
930	1	21	82.267683755399	37.302662283911	56.8617341851318	40.5758264207525	0	21	13
931	1	21	82.267683755399	37.302662283911	56.8617341851318	55.6666165876403	0	21	20
932	1	21	82.267683755399	37.302662283911	56.8617341851318	29.5417424660862	0	21	8
933	1	21	82.267683755399	37.302662283911	56.8617341851318	29.5417445361081	0	21	8
934	1	21	82.267683755399	37.302662283911	56.8617341851318	29.5417466016975	0	21	8
935	1	21	82.267683755399	37.302662283911	56.8617341851318	29.5417486628685	0	21	8
936	1	21	82.267683755399	37.302662283911	56.8617341851318	29.5417507196352	0	21	8
937	1	21	82.267683755399	37.302662283911	56.8617341851318	29.5417527720119	0	21	8
938	1	21	82.267683755399	37.302662283911	56.8617341851318	28.5258505367932	0	21	141
939	1	21	82.267683755399	37.302662283911	56.8617341851318	29.541756863651	0	21	8
940	1	21	82.267683755399	37.302662283911	56.8617341851318	29.5417589029413	0	21	8
941	1	21	82.267683755399	37.302662283911	56.8617341851318	29.5417609378973	0	21	8
942	1	21	82.267683755399	37.302662283911	56.8617341851318	29.5417629685328	0	21	8
943	1	21	82.267683755399	37.302662283911	56.8617341851318	29.5417649948616	0	21	8
944	1	21	82.267683755399	37.302662283911	56.8617341851318	29.5417670168973	0	21	8
945	1	21	82.267683755399	37.302662283911	56.8617341851318	29.5417690346535	0	21	8
946	1	21	82.267683755399	37.302662283911	56.8617341851318	29.5417710481439	0	21	8
947	1	21	82.267683755399	37.302662283911	56.8617341851318	29.541773057382	0	21	8
948	1	21	82.267683755399	37.302662283911	56.8617341851318	29.5417750623811	0	21	8
949	1	21	82.267683755399	37.302662283911	56.8617341851318	29.5417770631547	0	21	8
950	1	21	82.267683755399	37.302662283911	56.8617341851318	28.5258717465339	0	21	141
951	1	21	82.267683755399	37.302662283911	56.8617341851318	42.5442404607978	0	21	13
952	1	21	82.267683755399	37.302662283911	56.8617341851318	49.3239128545171	0	21	19
953	1	21	82.267683755399	37.302662283911	56.8617341851318	55.6667281692476	0	21	20
954	1	21	82.267683755399	37.302662283911	56.8617341851318	55.6667331188606	0	21	380
955	1	21	82.267683755399	37.302662283911	56.8617341851318	55.6667380581078	0	21	380
956	1	21	82.267683755399	37.302662283911	56.8617341851318	55.6667429870219	0	21	400
957	1	21	82.267683755399	37.302662283911	56.8617341851318	55.6667479056353	0	21	400
958	1	21	82.267683755399	37.302662283911	56.8617341851318	55.6667528139801	0	21	400
959	1	21	82.267683755399	37.302662283911	56.8617341851318	55.6667577120886	0	21	400
960	1	21	82.267683755399	37.302662283911	56.8617341851318	55.6667625999927	0	21	400
961	1	21	82.267683755399	37.302662283911	56.8617341851318	55.6667674777242	0	21	400
962	1	21	82.267683755399	37.302662283911	56.8617341851318	55.6667723453149	0	21	400
963	1	21	82.267683755399	37.302662283911	56.8617341851318	55.6667772027964	0	21	400
964	1	21	82.267683755399	37.302662283911	56.8617341851318	55.6667820502001	0	21	400
965	1	21	82.267683755399	37.302662283911	56.8617341851318	55.6667868875574	0	21	380
966	1	21	82.267683755399	37.302662283911	56.8617341851318	55.6667917148995	0	21	400
967	1	21	82.267683755399	37.302662283911	56.8617341851318	55.6667965322574	0	21	400
968	1	21	82.267683755399	37.302662283911	56.8617341851318	55.6668013396621	0	21	400
969	1	21	82.267683755399	37.302662283911	56.8617341851318	55.6668061371444	0	21	400
970	1	21	82.267683755399	37.302662283911	56.8617341851318	55.6668109247349	0	21	400
971	1	21	82.267683755399	37.302662283911	56.8617341851318	55.6668157024643	0	21	400
972	1	21	82.267683755399	37.302662283911	56.8617341851318	55.666820470363	0	21	400
973	1	21	82.267683755399	37.302662283911	56.8617341851318	55.6668252284613	0	21	400
974	1	21	82.267683755399	37.302662283911	56.8617341851318	55.6668299767894	0	21	400
975	1	21	82.267683755399	37.302662283911	56.8617341851318	55.6668347153773	0	21	400
976	1	21	82.267683755399	37.302662283911	56.8617341851318	55.6668394442549	0	21	380
977	1	21	82.267683755399	37.302662283911	56.8617341851318	55.6668441634522	0	21	380
978	1	21	82.267683755399	37.302662283911	56.8617341851318	55.6668488729988	0	21	380
979	1	21	82.267683755399	37.302662283911	56.8617341851318	55.6668535729242	0	21	380
980	1	21	82.267683755399	37.302662283911	56.8617341851318	55.666858263258	0	21	380
981	1	21	82.267683755399	37.302662283911	56.8617341851318	55.6668629440294	0	21	400
982	1	21	82.267683755399	37.302662283911	56.8617341851318	55.6668676152676	0	21	400
983	1	21	82.267683755399	37.302662283911	56.8617341851318	55.6668722770018	0	21	400
984	1	21	82.267683755399	37.302662283911	56.8617341851318	55.6668769292609	0	21	400
985	1	21	82.267683755399	37.302662283911	56.8617341851318	55.6668815720739	0	21	400
986	1	21	82.267683755399	37.302662283911	56.8617341851318	55.6668862054693	0	21	380
987	1	21	82.267683755399	37.302662283911	56.8617341851318	55.6668908294759	0	21	380
988	1	21	82.267683755399	37.302662283911	56.8617341851318	55.6668954441222	0	21	380
989	1	21	82.267683755399	37.302662283911	56.8617341851318	55.6669000494365	0	21	380
990	1	21	82.267683755399	37.302662283911	56.8617341851318	55.6669046454472	0	21	380
991	1	21	82.267683755399	37.302662283911	56.8617341851318	55.6669092321824	0	21	380
992	1	21	82.267683755399	37.302662283911	56.8617341851318	55.6669138096701	0	21	380
993	1	21	82.267683755399	37.302662283911	56.8617341851318	55.6669183779383	0	21	380
994	1	21	82.267683755399	37.302662283911	56.8617341851318	55.6669229370148	0	21	380
995	1	21	82.267683755399	37.302662283911	56.8617341851318	55.6669274869273	0	21	380
996	1	21	82.267683755399	37.302662283911	56.8617341851318	55.6669320277035	0	21	380
997	1	21	82.267683755399	37.302662283911	56.8617341851318	55.6669365593708	0	21	380
998	1	21	82.267683755399	37.302662283911	56.8617341851318	55.6669410819566	0	21	380
999	1	21	82.267683755399	37.302662283911	56.8617341851318	55.6669455954882	0	21	380
1000	1	21	82.267683755399	37.302662283911	56.8617341851318	55.6669500999927	0	21	380
1001	1	21	82.267683755399	37.302662283911	56.8617341851318	55.6669545954972	0	21	380
1002	1	21	82.267683755399	37.302662283911	56.8617341851318	55.6669590820286	0	21	380
1003	1	21	82.267683755399	37.302662283911	56.8617341851318	55.6669635596138	0	21	380
1004	1	21	82.267683755399	37.302662283911	56.8617341851318	55.6669680282795	0	21	380
1005	1	21	82.267683755399	37.302662283911	56.8617341851318	55.6669724880524	0	21	400
1006	1	21	82.267683755399	37.302662283911	56.8617341851318	55.6669769389589	0	21	400
1007	1	21	82.267683755399	37.302662283911	56.8617341851318	55.6669813810254	0	21	400
1008	1	21	82.267683755399	37.302662283911	56.8617341851318	55.6669858142784	0	21	400
1009	1	21	82.267683755399	37.302662283911	56.8617341851318	55.6669902387439	0	21	380
1010	1	21	82.267683755399	37.302662283911	56.8617341851318	55.6669946544481	0	21	380
1011	1	21	82.267683755399	37.302662283911	56.8617341851318	55.666999061417	0	21	400
1012	1	21	82.267683755399	37.302662283911	56.8617341851318	55.6670034596765	0	21	400
1013	1	21	82.267683755399	37.302662283911	56.8617341851318	55.6670078492523	0	21	400
1014	1	21	82.267683755399	37.302662283911	56.8617341851318	55.6670122301702	0	21	400
1015	1	21	82.267683755399	37.302662283911	56.8617341851318	55.6670166024557	0	21	400
1016	1	21	82.267683755399	37.302662283911	56.8617341851318	55.6670209661344	0	21	400
1017	1	21	82.267683755399	37.302662283911	56.8617341851318	55.6670253212316	0	21	400
1018	1	21	82.267683755399	37.302662283911	56.8617341851318	55.6670296677726	0	21	400
1019	1	21	82.267683755399	37.302662283911	56.8617341851318	55.6670340057826	0	21	400
1020	1	21	82.267683755399	37.302662283911	56.8617341851318	55.6670383352868	0	21	380
1021	1	21	82.267683755399	37.302662283911	56.8617341851318	55.66704265631	0	21	400
1022	1	21	82.267683755399	37.302662283911	56.8617341851318	55.6670469688772	0	21	400
1023	1	21	82.267683755399	37.302662283911	56.8617341851318	55.6670512730132	0	21	400
1024	1	21	82.267683755399	37.302662283911	56.8617341851318	55.6670555687427	0	21	400
1025	1	21	82.267683755399	37.302662283911	56.8617341851318	55.6670598560902	0	21	400
1026	1	21	82.267683755399	37.302662283911	56.8617341851318	55.6670641350804	0	21	400
1027	1	21	82.267683755399	37.302662283911	56.8617341851318	55.6670684057375	0	21	400
1028	1	21	82.267683755399	37.302662283911	56.8617341851318	55.667072668086	0	21	400
1029	1	21	82.267683755399	37.302662283911	56.8617341851318	55.6670769221501	0	21	400
1030	1	21	82.267683755399	37.302662283911	56.8617341851318	55.6670811679538	0	21	400
1031	1	21	82.267683755399	37.302662283911	56.8617341851318	55.6670854055213	0	21	380
1032	1	21	82.267683755399	37.302662283911	56.8617341851318	55.6670896348764	0	21	380
1033	1	21	82.267683755399	37.302662283911	56.8617341851318	55.667093856043	0	21	380
1034	1	21	82.267683755399	37.302662283911	56.8617341851318	55.6670980690449	0	21	380
1035	1	21	82.267683755399	37.302662283911	56.8617341851318	55.6671022739057	0	21	380
1036	1	21	82.267683755399	37.302662283911	56.8617341851318	55.667106470649	0	21	400
1037	1	21	82.267683755399	37.302662283911	56.8617341851318	55.6671106592983	0	21	400
1038	1	21	82.267683755399	37.302662283911	56.8617341851318	55.667114839877	0	21	400
1039	1	21	82.267683755399	37.302662283911	56.8617341851318	55.6671190124084	0	21	400
1040	1	21	82.267683755399	37.302662283911	56.8617341851318	55.6671231769157	0	21	400
1041	1	21	82.267683755399	37.302662283911	56.8617341851318	55.6671273334221	0	21	380
1042	1	21	82.267683755399	37.302662283911	56.8617341851318	55.6671314819504	0	21	380
1043	1	21	82.267683755399	37.302662283911	56.8617341851318	55.6671356225238	0	21	380
1044	1	21	82.267683755399	37.302662283911	56.8617341851318	55.6671397551651	0	21	380
1045	1	21	82.267683755399	37.302662283911	56.8617341851318	55.667143879897	0	21	380
1046	1	21	82.267683755399	37.302662283911	56.8617341851318	55.6671479967422	0	21	380
1047	1	21	82.267683755399	37.302662283911	56.8617341851318	55.6671521057233	0	21	380
1048	1	21	82.267683755399	37.302662283911	56.8617341851318	55.6671562068629	0	21	380
1049	1	21	82.267683755399	37.302662283911	56.8617341851318	55.6671603001833	0	21	380
1050	1	21	82.267683755399	37.302662283911	56.8617341851318	55.6671643857069	0	21	380
1051	1	21	82.267683755399	37.302662283911	56.8617341851318	55.667168463456	0	21	380
1052	1	21	82.267683755399	37.302662283911	56.8617341851318	55.6671725334527	0	21	380
1053	1	21	82.267683755399	37.302662283911	56.8617341851318	55.6671765957191	0	21	380
1054	1	21	82.267683755399	37.302662283911	56.8617341851318	55.6671806502773	0	21	380
1055	1	21	82.267683755399	37.302662283911	56.8617341851318	55.6671846971491	0	21	380
1056	1	21	82.267683755399	37.302662283911	56.8617341851318	55.6671887363563	0	21	380
1057	1	21	82.267683755399	37.302662283911	56.8617341851318	55.6671927679208	0	21	380
1058	1	21	82.267683755399	37.302662283911	56.8617341851318	55.6671967918641	0	21	380
1059	1	21	82.267683755399	37.302662283911	56.8617341851318	55.667200808208	0	21	380
1060	1	21	82.267683755399	37.302662283911	56.8617341851318	55.6672048169738	0	21	380
1061	1	21	82.267683755399	37.302662283911	56.8617341851318	55.667208818183	0	21	380
1062	1	21	82.267683755399	37.302662283911	56.8617341851318	55.6672128118571	0	21	380
1063	1	21	82.267683755399	37.302662283911	56.8617341851318	55.6672167980171	0	21	380
1064	1	21	82.267683755399	37.302662283911	56.8617341851318	55.6672207766844	0	21	380
1065	1	21	82.267683755399	37.302662283911	56.8617341851318	55.66722474788	0	21	380
1066	1	21	82.267683755399	37.302662283911	56.8617341851318	55.6672287116249	0	21	380
1067	1	21	82.267683755399	37.302662283911	56.8617341851318	55.6672326679402	0	21	380
1068	1	21	82.267683755399	37.302662283911	56.8617341851318	55.6672366168466	0	21	380
1069	1	21	82.267683755399	37.302662283911	56.8617341851318	55.667240558365	0	21	380
1070	1	21	82.267683755399	37.302662283911	56.8617341851318	55.667244492516	0	21	380
1071	1	21	82.267683755399	37.302662283911	56.8617341851318	55.6672484193204	0	21	380
1072	1	21	82.267683755399	37.302662283911	56.8617341851318	55.6672523387986	0	21	380
1073	1	21	82.267683755399	37.302662283911	56.8617341851318	55.6672562509712	0	21	380
1074	1	21	82.267683755399	37.302662283911	56.8617341851318	55.6672601558586	0	21	380
1075	1	21	82.267683755399	37.302662283911	56.8617341851318	55.667264053481	0	21	380
1076	1	21	82.267683755399	37.302662283911	56.8617341851318	55.6672679438588	0	21	380
1077	1	21	82.267683755399	37.302662283911	56.8617341851318	55.6672718270122	0	21	380
1078	1	21	82.267683755399	37.302662283911	56.8617341851318	55.6672757029611	0	21	380
1079	1	21	82.267683755399	37.302662283911	56.8617341851318	55.6672795717257	0	21	380
1080	1	21	82.267683755399	37.302662283911	56.8617341851318	55.667283433326	0	21	380
1081	1	21	82.267683755399	37.302662283911	56.8617341851318	55.6672872877817	0	21	380
1082	1	21	82.267683755399	37.302662283911	56.8617341851318	55.6672911351128	0	21	380
1083	1	21	82.267683755399	37.302662283911	56.8617341851318	55.6672949753389	0	21	380
1084	1	21	82.267683755399	37.302662283911	56.8617341851318	55.6672988084797	0	21	380
1085	1	21	82.267683755399	37.302662283911	56.8617341851318	55.6673026345549	0	21	380
1086	1	21	82.267683755399	37.302662283911	56.8617341851318	55.6673064535838	0	21	380
1087	1	21	82.267683755399	37.302662283911	56.8617341851318	55.667310265586	0	21	380
1088	1	21	82.267683755399	37.302662283911	56.8617341851318	55.6673140705809	0	21	380
1089	1	21	82.267683755399	37.302662283911	56.8617341851318	55.6673178685877	0	21	380
1090	1	21	82.267683755399	37.302662283911	56.8617341851318	55.6673216596257	0	21	380
1091	1	21	82.267683755399	37.302662283911	56.8617341851318	55.667325443714	0	21	380
1092	1	21	82.267683755399	37.302662283911	56.8617341851318	55.6673292208718	0	21	380
1093	1	21	82.267683755399	37.302662283911	56.8617341851318	55.667332991118	0	21	380
1094	1	21	82.267683755399	37.302662283911	56.8617341851318	55.6673367544716	0	21	380
1095	1	21	82.267683755399	37.302662283911	56.8617341851318	55.6673405109516	0	21	380
1096	1	21	82.267683755399	37.302662283911	56.8617341851318	55.6673442605766	0	21	380
1097	1	21	82.267683755399	37.302662283911	56.8617341851318	55.6673480033655	0	21	380
1098	1	21	82.267683755399	37.302662283911	56.8617341851318	55.6673517393369	0	21	380
1099	1	21	82.267683755399	37.302662283911	56.8617341851318	55.6673554685095	0	21	380
1100	1	21	82.267683755399	37.302662283911	56.8617341851318	55.6673591909017	0	21	380
1101	1	21	82.267683755399	37.302662283911	56.8617341851318	55.6673629065322	0	21	380
1102	1	21	82.267683755399	37.302662283911	56.8617341851318	55.6673666154192	0	21	380
1103	1	21	82.267683755399	37.302662283911	56.8617341851318	55.667370317581	0	21	380
1104	1	21	82.267683755399	37.302662283911	56.8617341851318	55.6673740130361	0	21	380
1105	1	21	82.267683755399	37.302662283911	56.8617341851318	55.6673777018026	0	21	380
1106	1	21	82.267683755399	37.302662283911	56.8617341851318	55.6673813838986	0	21	380
1107	1	21	82.267683755399	37.302662283911	56.8617341851318	55.6673850593422	0	21	380
1108	1	21	82.267683755399	37.302662283911	56.8617341851318	55.6673887281515	0	21	380
1109	1	21	82.267683755399	37.302662283911	56.8617341851318	55.6673923903443	0	21	380
1110	1	21	82.267683755399	37.302662283911	56.8617341851318	55.6673960459386	0	21	380
1111	1	21	82.267683755399	37.302662283911	56.8617341851318	55.6673996949522	0	21	380
1112	1	21	82.267683755399	37.302662283911	56.8617341851318	55.6674033374027	0	21	380
1113	1	21	82.267683755399	37.302662283911	56.8617341851318	55.667406973308	0	21	380
1114	1	21	82.267683755399	37.302662283911	56.8617341851318	55.6674106026856	0	21	380
1115	1	21	82.267683755399	37.302662283911	56.8617341851318	55.6674142255532	0	21	380
1116	1	21	82.267683755399	37.302662283911	56.8617341851318	55.6674178419281	0	21	380
1117	1	21	82.267683755399	37.302662283911	56.8617341851318	55.6674214518279	0	21	380
