"Iteration #"	"Inertia"	"Number of features"	"CV best"	"Permuted CV best"	"Global best fitness"	"Current best fitness"	"Number of features in current best agent"	"Number of features in global best"	"Number of features in local best"
1	1	40	71.7740768745926	47.9322292492836	31.2502194036682	31.2502194036682	40	40	800
2	1	15	66.1013408800712	35.6335958250513	42.5699885825175	42.5699885825175	40	15	15
3	1	15	66.1013408800712	35.6335958250513	43.1324885825175	43.1324885825175	40	15	15
4	1	15	66.1013408800712	35.6335958250513	43.4137385825175	43.4137385825175	40	15	15
5	1	15	66.1013408800712	35.6335958250513	43.5824885825175	43.5824885825175	40	15	15
6	1	15	66.1013408800712	35.6335958250513	43.6949885825175	43.6949885825175	40	15	15
7	1	15	66.1013408800712	35.6335958250513	43.6949885825175	43.7753457253746	40	15	15
8	1	15	66.1013408800712	35.6335958250513	43.8356135825175	43.8356135825175	40	15	15
9	1	15	66.1013408800712	35.6335958250513	43.8356135825175	43.8824885825175	40	15	15
10	1	15	66.1013408800712	35.6335958250513	43.8356135825175	43.9199885825175	40	15	15
11	1	15	66.1013408800712	35.6335958250513	43.9506704006993	43.9506704006993	40	15	15
12	1	15	66.1013408800712	35.6335958250513	43.9506704006993	43.9762385825175	40	15	15
13	1	15	66.1013408800712	35.6335958250513	43.9506704006993	43.9978731979021	40	15	15
14	1	15	66.1013408800712	35.6335958250513	43.9506704006993	44.016417153946	40	15	15
15	1	15	66.1013408800712	35.6335958250513	43.9506704006993	44.0324885825175	40	15	15
16	1	15	66.1013408800712	35.6335958250513	43.9506704006993	44.0465510825175	40	15	15
17	1	15	66.1013408800712	35.6335958250513	44.0589591707528	44.0589591707528	40	15	15
18	1	15	66.1013408800712	35.6335958250513	44.0589591707528	44.0699885825175	40	15	15
19	1	15	66.1013408800712	35.6335958250513	44.0589591707528	44.0798570035701	40	15	15
20	1	15	66.1013408800712	35.6335958250513	44.0589591707528	44.0887385825175	40	15	15
21	1	10	73.8960836724556	34.7762454138323	50.5826592186273	50.5826592186273	40	10	10
22	1	10	73.8960836724556	34.7762454138323	50.5826592186273	44.7555153079611	40	10	10
23	1	10	73.8960836724556	34.7762454138323	50.5826592186273	40.9787581239188	40	10	10
24	1	10	73.8960836724556	34.7762454138323	50.5826592186273	42.2674056437205	40	10	10
25	1	10	73.8960836724556	34.7762454138323	50.5826592186273	49.0629666928882	40	10	10
26	1	10	73.8960836724556	34.7762454138323	50.5826592186273	50.6032636142317	40	10	10
27	1	10	73.8960836724556	34.7762454138323	50.5826592186273	50.6064687424368	40	10	10
28	1	10	73.8960836724556	34.7762454138323	50.5826592186273	50.609444932913	40	10	10
29	1	10	73.8960836724556	34.7762454138323	50.5826592186273	50.6122158688736	40	10	10
30	1	10	73.8960836724556	34.7762454138323	50.5826592186273	50.6148020757702	40	10	10
31	1	10	73.8960836724556	34.7762454138323	50.5826592186273	48.3256704442125	40	10	10
32	1	10	73.8960836724556	34.7762454138323	50.5826592186273	39.9689694036682	40	10	760
33	1	10	73.8960836724556	34.7762454138323	50.5826592186273	50.6216202575883	40	10	190
34	1	10	73.8960836724556	34.7762454138323	50.5826592186273	50.6236256051819	40	10	190
35	1	10	73.8960836724556	34.7762454138323	50.5826592186273	50.6255163614845	40	10	190
36	1	10	73.8960836724556	34.7762454138323	50.5826592186273	50.6273020757702	40	10	190
37	1	10	73.8960836724556	34.7762454138323	50.5826592186273	50.6289912649594	40	10	190
38	1	10	73.8960836724556	34.7762454138323	50.5826592186273	50.6305915494544	40	10	190
39	1	10	73.8960836724556	34.7762454138323	50.5826592186273	50.6321097680779	40	10	190
40	1	10	73.8960836724556	34.7762454138323	50.5826592186273	50.6335520757702	40	10	190
41	1	10	73.8960836724556	34.7762454138323	50.5826592186273	50.6349240269897	40	10	190
42	1	10	73.8960836724556	34.7762454138323	50.5826592186273	50.6362306471987	40	10	190
43	1	20	78.8418995297957	38.4345538777751	52.2475857701135	52.2475857701135	40	20	20
44	1	20	78.8418995297957	38.4345538777751	52.2475857701135	52.2499642056314	40	20	20
45	1	20	78.8418995297957	38.4345538777751	52.2475857701135	52.2522369329042	40	20	20
46	1	20	78.8418995297957	38.4345538777751	52.2475857701135	52.2544108459477	40	20	20
47	1	20	78.8418995297957	38.4345538777751	52.2475857701135	52.2564922520531	40	20	20
48	1	20	78.8418995297957	38.4345538777751	52.2475857701135	52.2584869329042	40	20	20
49	1	20	78.8418995297957	38.4345538777751	52.2475857701135	52.2604001982103	40	20	20
50	1	20	78.8418995297957	38.4345538777751	52.2475857701135	52.2622369329042	40	20	20
51	1	20	78.8418995297957	38.4345538777751	52.2475857701135	50.6456844287113	40	20	190
52	1	20	78.8418995297957	38.4345538777751	52.2475857701135	50.6465328450009	40	20	190
53	1	20	78.8418995297957	38.4345538777751	52.2475857701135	50.6473492455815	40	20	190
54	1	20	78.8418995297957	38.4345538777751	52.2475857701135	51.1325575041996	40	20	20
55	1	20	78.8418995297957	38.4345538777751	52.2475857701135	51.133390837533	40	20	11
56	1	20	78.8418995297957	38.4345538777751	52.2475857701135	51.1341944089615	40	20	11
57	1	20	78.8418995297957	38.4345538777751	52.2475857701135	51.1349697849014	40	20	11
58	1	20	78.8418995297957	38.4345538777751	52.2475857701135	51.1357184237399	40	20	11
59	1	20	78.8418995297957	38.4345538777751	52.2475857701135	51.1364416849906	40	20	11
60	1	20	78.8418995297957	38.4345538777751	52.2475857701135	51.137140837533	40	20	11
61	1	20	78.8418995297957	38.4345538777751	52.2475857701135	52.2784664411009	40	20	20
62	1	20	78.8418995297957	38.4345538777751	52.2475857701135	52.2796562877429	40	20	20
63	1	20	78.8418995297957	38.4345538777751	52.2475857701135	52.2808083614756	40	20	20
64	1	20	78.8418995297957	38.4345538777751	52.2475857701135	52.2819244329042	40	20	20
65	1	20	78.8418995297957	38.4345538777751	52.2475857701135	52.2830061636734	40	20	20
66	1	20	78.8418995297957	38.4345538777751	52.2475857701135	50.6557111666793	40	20	190
67	1	20	78.8418995297957	38.4345538777751	52.2475857701135	50.6562199862179	40	20	190
68	1	20	78.8418995297957	38.4345538777751	52.2475857701135	50.6567138404761	40	20	190
69	1	20	78.8418995297957	38.4345538777751	52.2475857701135	50.657193380118	40	20	190
70	1	20	78.8418995297957	38.4345538777751	52.2475857701135	50.6576592186273	40	20	190
71	1	20	78.8418995297957	38.4345538777751	52.2475857701135	50.6581119349251	40	20	190
72	1	20	78.8418995297957	38.4345538777751	52.2475857701135	50.6585520757702	40	20	190
73	1	20	78.8418995297957	38.4345538777751	52.2475857701135	50.6589801579619	40	20	190
74	1	20	78.8418995297957	38.4345538777751	52.2475857701135	50.6593966703648	40	20	190
75	1	20	78.8418995297957	38.4345538777751	52.2475857701135	50.6598020757702	40	20	190
76	1	20	78.8418995297957	38.4345538777751	52.2475857701135	52.2930264065884	40	20	20
77	1	20	78.8418995297957	38.4345538777751	52.2475857701135	52.2937953744626	40	20	20
78	1	20	78.8418995297957	38.4345538777751	52.2475857701135	52.2945446252119	40	20	20
79	1	20	78.8418995297957	38.4345538777751	52.2475857701135	52.2952749075877	40	20	20
80	1	20	78.8418995297957	38.4345538777751	52.2475857701135	52.2959869329042	40	20	20
81	1	20	78.8418995297957	38.4345538777751	52.2475857701135	52.2966813773486	40	20	20
82	1	20	78.8418995297957	38.4345538777751	52.2475857701135	52.2973588841237	40	20	20
83	1	20	78.8418995297957	38.4345538777751	52.2475857701135	52.2980200654343	40	20	20
84	1	20	78.8418995297957	38.4345538777751	52.2475857701135	52.2986655043327	40	20	20
85	1	20	78.8418995297957	38.4345538777751	52.2475857701135	52.2992957564336	40	20	20
86	1	20	78.8418995297957	38.4345538777751	52.2475857701135	52.2999113515088	40	20	20
87	1	20	78.8418995297957	38.4345538777751	52.2475857701135	52.3005127949731	40	20	20
88	1	20	78.8418995297957	38.4345538777751	52.2475857701135	52.3011005692678	40	20	20
89	1	20	78.8418995297957	38.4345538777751	52.2475857701135	52.3016751351514	40	20	20
90	1	20	78.8418995297957	38.4345538777751	52.2475857701135	52.3022369329042	40	20	20
91	1	20	78.8418995297957	38.4345538777751	52.2475857701135	52.3027863834536	40	20	20
92	1	20	78.8418995297957	38.4345538777751	52.2475857701135	52.3033238894259	40	20	20
93	1	20	78.8418995297957	38.4345538777751	52.2475857701135	52.30384983613	40	20	20
94	1	20	78.8418995297957	38.4345538777751	52.2475857701135	52.3043645924786	40	20	20
95	1	20	78.8418995297957	38.4345538777751	52.2475857701135	52.3048685118515	40	20	20
96	1	20	78.8418995297957	38.4345538777751	52.2475857701135	52.3053619329042	40	20	20
97	1	20	78.8418995297957	38.4345538777751	52.2475857701135	52.3058451803269	40	20	20
98	1	20	78.8418995297957	38.4345538777751	52.2475857701135	52.3063185655572	40	20	20
99	1	20	78.8418995297957	38.4345538777751	52.2475857701135	50.6670748030429	40	20	190
100	1	20	78.8418995297957	38.4345538777751	52.2475857701135	50.6673020757702	40	20	190
101	1	20	78.8418995297957	38.4345538777751	52.2475857701135	52.3076824774586	40	20	20
102	1	20	78.8418995297957	38.4345538777751	52.2475857701135	52.3081192858454	40	20	20
103	1	20	78.8418995297957	38.4345538777751	52.2475857701135	52.3085476125158	40	20	20
104	1	20	78.8418995297957	38.4345538777751	52.2475857701135	52.3089677021349	40	20	20
105	1	20	78.8418995297957	38.4345538777751	52.2475857701135	52.309379790047	40	20	20
106	1	20	78.8418995297957	38.4345538777751	52.2475857701135	50.6685756606758	40	20	190
107	1	20	78.8418995297957	38.4345538777751	52.2475857701135	50.668774038387	40	20	190
108	1	12	84.8745706444329	37.7302403798332	59.6975374952192	59.6975374952192	40	12	12
109	1	12	84.8745706444329	37.7302403798332	59.6975374952192	55.2629770771546	40	12	12
110	1	12	84.8745706444329	37.7302403798332	59.6975374952192	50.6693475303156	40	12	190
111	1	12	84.8745706444329	37.7302403798332	59.6975374952192	59.6982131708949	40	12	12
112	1	12	84.8745706444329	37.7302403798332	59.6975374952192	59.6984303523621	40	12	12
113	1	12	84.8745706444329	37.7302403798332	59.6975374952192	59.6986436899095	40	12	12
114	1	12	84.8745706444329	37.7302403798332	59.6975374952192	59.6988532846929	40	12	12
115	1	12	84.8745706444329	37.7302403798332	59.6975374952192	59.6990592343497	40	12	12
116	1	12	84.8745706444329	37.7302403798332	59.6975374952192	59.4437519293943	40	12	12
117	1	12	84.8745706444329	37.7302403798332	59.6975374952192	50.6705713065394	40	12	190
118	1	12	84.8745706444329	37.7302403798332	59.6975374952192	59.699656139287	40	12	12
119	1	12	84.8745706444329	37.7302403798332	59.6975374952192	50.670894512745	40	12	190
120	1	12	84.8745706444329	37.7302403798332	59.6975374952192	49.1270916928882	40	12	171
121	1	12	84.8745706444329	37.7302403798332	59.6975374952192	49.1272311556981	40	12	171
122	1	12	84.8745706444329	37.7302403798332	59.6975374952192	52.3153516870025	40	12	20
123	1	12	84.8745706444329	37.7302403798332	59.6975374952192	52.3156515670505	40	12	20
124	1	12	84.8745706444329	37.7302403798332	59.6975374952192	52.3159466103235	40	12	20
125	1	12	84.8745706444329	37.7302403798332	59.6975374952192	52.3162369329042	40	12	20
126	1	12	84.8745706444329	37.7302403798332	59.6975374952192	59.7011089237907	40	12	12
127	1	12	84.8745706444329	37.7302403798332	59.6975374952192	59.7012776526996	40	12	12
128	1	12	84.8745706444329	37.7302403798332	59.6975374952192	59.7014437452192	40	12	12
129	1	12	84.8745706444329	37.7302403798332	59.6975374952192	59.7016072626611	40	12	12
130	1	12	84.8745706444329	37.7302403798332	59.6975374952192	59.70176826445	40	12	12
131	1	12	84.8745706444329	37.7302403798332	59.6975374952192	59.7019268081963	40	12	12
132	1	12	84.8745706444329	37.7302403798332	59.6975374952192	59.7020829497647	40	12	12
133	1	12	84.8745706444329	37.7302403798332	59.6975374952192	59.7022367433395	40	12	12
134	1	12	84.8745706444329	37.7302403798332	59.6975374952192	59.7023882414879	40	12	12
135	1	12	84.8745706444329	37.7302403798332	59.6975374952192	59.7025374952192	40	12	12
136	1	12	84.8745706444329	37.7302403798332	59.6975374952192	59.7026845540428	40	12	12
137	1	12	84.8745706444329	37.7302403798332	59.6975374952192	59.7028294660222	40	12	12
138	1	12	84.8745706444329	37.7302403798332	59.6975374952192	59.7029722778279	40	12	12
139	1	12	84.8745706444329	37.7302403798332	59.6975374952192	59.7031130347876	40	12	12
140	1	12	84.8745706444329	37.7302403798332	59.6975374952192	59.7032517809335	40	12	12
141	1	12	84.8745706444329	37.7302403798332	59.6975374952192	59.703388559049	40	12	12
142	1	12	84.8745706444329	37.7302403798332	59.6975374952192	49.1297061295079	40	12	171
143	1	12	84.8745706444329	37.7302403798332	59.6975374952192	49.1298058537273	40	12	171
144	1	12	84.8745706444329	37.7302403798332	59.6975374952192	49.1299041928881	40	12	171
145	1	12	84.8745706444329	37.7302403798332	59.6975374952192	49.1300011756468	40	12	171
146	1	12	84.8745706444329	37.7302403798332	59.6975374952192	59.7040443445343	40	12	12
147	1	12	84.8745706444329	37.7302403798332	59.6975374952192	59.7041701482805	40	12	12
148	1	12	84.8745706444329	37.7302403798332	59.6975374952192	59.704294251976	40	12	12
149	1	12	84.8745706444329	37.7302403798332	59.6975374952192	59.7044166898501	40	12	12
150	1	12	84.8745706444329	37.7302403798332	59.6975374952192	59.7045374952192	40	12	12
151	1	12	84.8745706444329	37.7302403798332	59.6975374952192	49.1305560968617	40	12	171
152	1	12	84.8745706444329	37.7302403798332	59.6975374952192	51.1579364148595	40	12	12
153	1	12	84.8745706444329	37.7302403798332	59.6975374952192	51.1580428390082	40	12	11
154	1	12	84.8745706444329	37.7302403798332	59.6975374952192	51.158147881025	40	12	11
155	1	12	84.8745706444329	37.7302403798332	59.6975374952192	51.1582515676609	40	12	11
156	1	12	84.8745706444329	37.7302403798332	59.6975374952192	51.158353924981	40	12	11
157	1	12	84.8745706444329	37.7302403798332	59.6975374952192	51.1584549783862	40	12	11
158	1	12	84.8745706444329	37.7302403798332	59.6975374952192	51.1585547526344	40	12	11
159	1	12	84.8745706444329	37.7302403798332	59.6975374952192	51.1586532718605	40	12	11
160	1	12	84.8745706444329	37.7302403798332	59.6975374952192	51.1587505595964	40	12	11
161	1	12	84.8745706444329	37.7302403798332	59.6975374952192	59.7057673088838	40	12	12
162	1	12	84.8745706444329	37.7302403798332	59.6975374952192	59.7058708285526	40	12	12
163	1	12	84.8745706444329	37.7302403798332	59.6975374952192	59.7059730780413	40	12	12
164	1	12	84.8745706444329	37.7302403798332	59.6975374952192	59.7060740805851	40	12	12
165	1	12	84.8745706444329	37.7302403798332	59.6975374952192	59.7061738588556	40	12	12
166	1	12	84.8745706444329	37.7302403798332	59.6975374952192	59.7062724349783	40	12	12
167	1	12	84.8745706444329	37.7302403798332	59.6975374952192	59.7063698305486	40	12	12
168	1	12	84.8745706444329	37.7302403798332	59.6975374952192	59.7064660666478	40	12	12
169	1	12	84.8745706444329	37.7302403798332	59.6975374952192	59.7065611638583	40	12	12
170	1	12	84.8745706444329	37.7302403798332	59.6975374952192	59.7066551422781	40	12	12
171	1	12	84.8745706444329	37.7302403798332	59.6975374952192	59.706748021535	40	12	12
172	1	12	84.8745706444329	37.7302403798332	59.6975374952192	59.7068398208006	40	12	12
173	1	12	84.8745706444329	37.7302403798332	59.6975374952192	59.7069305588031	40	12	12
174	1	12	84.8745706444329	37.7302403798332	59.6975374952192	59.7070202538399	40	12	12
175	1	12	84.8745706444329	37.7302403798332	59.6975374952192	59.7071089237907	40	12	12
176	1	12	84.8745706444329	37.7302403798332	59.6975374952192	59.7071965861283	40	12	12
177	1	12	84.8745706444329	37.7302403798332	59.6975374952192	59.7072832579311	40	12	12
178	1	12	84.8745706444329	37.7302403798332	59.6975374952192	59.7073689558934	40	12	12
179	1	12	84.8745706444329	37.7302403798332	59.6975374952192	59.7074536963366	40	12	12
180	1	12	84.8745706444329	37.7302403798332	59.6975374952192	59.7075374952192	40	12	12
181	1	12	84.8745706444329	37.7302403798332	59.6975374952192	59.7076203681474	40	12	12
182	1	12	84.8745706444329	37.7302403798332	59.6975374952192	59.7077023303841	40	12	12
183	1	12	84.8745706444329	37.7302403798332	59.6975374952192	59.7077833968586	40	12	12
184	1	12	84.8745706444329	37.7302403798332	59.6975374952192	59.7078635821758	40	12	12
185	1	12	84.8745706444329	37.7302403798332	59.6975374952192	59.7079429006247	40	12	12
186	1	12	84.8745706444329	37.7302403798332	59.6975374952192	59.708021366187	40	12	12
187	1	12	84.8745706444329	37.7302403798332	59.6975374952192	59.7080989925455	40	12	12
188	1	12	84.8745706444329	37.7302403798332	59.6975374952192	59.7081757930916	40	12	12
189	1	12	84.8745706444329	37.7302403798332	59.6975374952192	59.7082517809335	40	12	12
190	1	12	84.8745706444329	37.7302403798332	59.6975374952192	59.7083269689035	40	12	12
191	1	12	84.8745706444329	37.7302403798332	59.6975374952192	59.7084013695648	40	12	12
192	1	12	84.8745706444329	37.7302403798332	59.6975374952192	59.7084749952192	40	12	12
193	1	12	84.8745706444329	37.7302403798332	59.6975374952192	59.7085478579135	40	12	12
194	1	12	84.8745706444329	37.7302403798332	59.6975374952192	59.708619969446	40	12	12
195	1	12	84.8745706444329	37.7302403798332	59.6975374952192	59.7086913413731	40	12	12
196	1	12	84.8745706444329	37.7302403798332	59.6975374952192	59.7087619850152	40	12	12
197	1	12	84.8745706444329	37.7302403798332	59.6975374952192	59.7088319114629	40	12	12
198	1	12	84.8745706444329	37.7302403798332	59.6975374952192	59.7089011315829	40	12	12
199	1	12	84.8745706444329	37.7302403798332	59.6975374952192	59.7089696560233	40	12	12
200	1	12	84.8745706444329	37.7302403798332	59.6975374952192	59.7090374952192	40	12	12
201	1	12	84.8745706444329	37.7302403798332	59.6975374952192	59.7091046593983	40	12	12
202	1	12	84.8745706444329	37.7302403798332	59.6975374952192	59.7091711585856	40	12	12
203	1	12	84.8745706444329	37.7302403798332	59.6975374952192	59.7092370026084	40	12	12
204	1	12	84.8745706444329	37.7302403798332	59.6975374952192	59.7093022011016	40	12	12
205	1	12	84.8745706444329	37.7302403798332	59.6975374952192	59.7093667635119	40	12	12
206	1	12	84.8745706444329	37.7302403798332	59.6975374952192	59.7094306991027	40	12	12
207	1	12	84.8745706444329	37.7302403798332	59.6975374952192	59.7094940169584	40	12	12
208	1	12	84.8745706444329	37.7302403798332	59.6975374952192	51.1623202711348	40	12	11
209	1	12	84.8745706444329	37.7302403798332	59.6975374952192	49.1342776976728	40	12	171
210	1	12	84.8745706444329	37.7302403798332	59.6975374952192	49.1343238357453	40	12	171
211	1	12	84.8745706444329	37.7302403798332	59.6975374952192	59.7097412866884	40	12	12
212	1	12	84.8745706444329	37.7302403798332	59.6975374952192	59.7098016461626	40	12	12
213	1	12	84.8745706444329	37.7302403798332	59.6975374952192	59.7098614388812	40	12	12
214	1	12	84.8745706444329	37.7302403798332	59.6975374952192	59.7099206727893	40	12	12
215	1	12	84.8745706444329	37.7302403798332	59.6975374952192	59.7099793556844	40	12	12
216	1	12	84.8745706444329	37.7302403798332	59.6975374952192	49.1345916928882	40	12	171
217	1	12	84.8745706444329	37.7302403798332	59.6975374952192	57.4995621028057	40	12	12
218	1	12	84.8745706444329	37.7302403798332	59.6975374952192	49.1346777020625	40	12	171
219	1	12	84.8745706444329	37.7302403798332	59.6975374952192	49.1347201175457	40	12	171
220	1	12	84.8745706444329	37.7302403798332	59.6975374952192	59.7102647679465	40	12	12
221	1	12	84.8745706444329	37.7302403798332	59.6975374952192	49.1348037969605	40	12	171
222	1	12	84.8745706444329	37.7302403798332	59.6975374952192	53.9360853191724	40	12	12
223	1	12	84.8745706444329	37.7302403798332	59.6975374952192	54.0720307308151	40	12	12
224	1	12	84.8745706444329	37.7302403798332	59.6975374952192	51.1631702024535	40	12	12
225	1	12	84.8745706444329	37.7302403798332	59.6975374952192	49.1349666928881	40	12	171
226	1	12	84.8745706444329	37.7302403798332	59.6975374952192	59.7105905925644	40	12	12
227	1	12	84.8745706444329	37.7302403798332	59.6975374952192	59.7106432220915	40	12	12
228	1	12	84.8745706444329	37.7302403798332	59.6975374952192	59.7106953899561	40	12	12
229	1	12	84.8745706444329	37.7302403798332	59.6975374952192	59.7107471022061	40	12	12
230	1	12	84.8745706444329	37.7302403798332	59.6975374952192	59.7107983647845	40	12	12
231	1	12	84.8745706444329	37.7302403798332	59.6975374952192	59.7108491835309	40	12	12
232	1	12	84.8745706444329	37.7302403798332	59.6975374952192	59.7108995641848	40	12	12
233	1	12	84.8745706444329	37.7302403798332	59.6975374952192	59.7109495123866	40	12	12
234	1	12	84.8745706444329	37.7302403798332	59.6975374952192	59.7109990336808	40	12	12
235	1	12	84.8745706444329	37.7302403798332	59.6975374952192	59.7110481335171	40	12	12
236	1	12	84.8745706444329	37.7302403798332	59.6975374952192	59.7110968172531	40	12	12
237	1	12	84.8745706444329	37.7302403798332	59.6975374952192	59.711145090156	40	12	12
238	1	12	84.8745706444329	37.7302403798332	59.6975374952192	59.7111929574041	40	12	12
239	1	12	84.8745706444329	37.7302403798332	59.6975374952192	59.7112404240895	40	12	12
240	1	12	84.8745706444329	37.7302403798332	59.6975374952192	59.7112874952192	40	12	12
241	1	12	84.8745706444329	37.7302403798332	59.6975374952192	59.7113341757172	40	12	12
242	1	12	84.8745706444329	37.7302403798332	59.6975374952192	59.7113804704259	40	12	12
243	1	12	84.8745706444329	37.7302403798332	59.6975374952192	59.7114263841081	40	12	12
244	1	12	84.8745706444329	37.7302403798332	59.6975374952192	59.7114719214488	40	12	12
245	1	12	84.8745706444329	37.7302403798332	59.6975374952192	59.711517087056	40	12	12
246	1	12	84.8745706444329	37.7302403798332	59.6975374952192	59.7115618854631	40	12	12
247	1	12	84.8745706444329	37.7302403798332	59.6975374952192	59.7116063211302	40	12	12
248	1	12	84.8745706444329	37.7302403798332	59.6975374952192	59.7116503984451	40	12	12
249	1	12	84.8745706444329	37.7302403798332	59.6975374952192	59.7116941217253	40	12	12
250	1	12	84.8745706444329	37.7302403798332	59.6975374952192	59.7117374952192	40	12	12
251	1	12	84.8745706444329	37.7302403798332	59.6975374952192	59.7117805231077	40	12	12
252	1	12	84.8745706444329	37.7302403798332	59.6975374952192	59.711823209505	40	12	12
253	1	12	84.8745706444329	37.7302403798332	59.6975374952192	59.7118655584604	40	12	12
254	1	12	84.8745706444329	37.7302403798332	59.6975374952192	59.7119075739594	40	12	12
255	1	12	84.8745706444329	37.7302403798332	59.6975374952192	59.7119492599251	40	12	12
256	1	12	84.8745706444329	37.7302403798332	59.6975374952192	59.7119906202192	40	12	12
257	1	12	84.8745706444329	37.7302403798332	59.6975374952192	59.7120316586434	40	12	12
258	1	12	84.8745706444329	37.7302403798332	59.6975374952192	59.7120723789402	40	12	12
259	1	12	84.8745706444329	37.7302403798332	59.6975374952192	59.7121127847945	40	12	12
260	1	12	84.8745706444329	37.7302403798332	59.6975374952192	59.7121528798346	40	12	12
261	1	12	84.8745706444329	37.7302403798332	59.6975374952192	59.712192667633	40	12	12
262	1	12	84.8745706444329	37.7302403798332	59.6975374952192	59.7122321517078	40	12	12
263	1	12	84.8745706444329	37.7302403798332	59.6975374952192	59.7122713355234	40	12	12
264	1	12	84.8745706444329	37.7302403798332	59.6975374952192	59.712310222492	40	12	12
265	1	12	84.8745706444329	37.7302403798332	59.6975374952192	59.712348815974	40	12	12
266	1	12	84.8745706444329	37.7302403798332	59.6975374952192	59.7123871192794	40	12	12
267	1	12	84.8745706444329	37.7302403798332	59.6975374952192	59.7124251356687	40	12	12
268	1	12	84.8745706444329	37.7302403798332	59.6975374952192	59.7124628683536	40	12	12
269	1	12	84.8745706444329	37.7302403798332	59.6975374952192	59.7125003204981	40	12	12
270	1	12	84.8745706444329	37.7302403798332	59.6975374952192	59.7125374952192	40	12	12
271	1	12	84.8745706444329	37.7302403798332	59.6975374952192	49.1364943681649	40	12	171
272	1	12	84.8745706444329	37.7302403798332	59.6975374952192	55.2753472201659	40	12	12
273	1	12	84.8745706444329	37.7302403798332	59.6975374952192	52.5792127415642	40	12	12
274	1	12	84.8745706444329	37.7302403798332	59.6975374952192	52.5792398130329	40	12	9
275	1	12	84.8745706444329	37.7302403798332	59.6975374952192	52.5792666876182	40	12	9
276	1	12	84.8745706444329	37.7302403798332	59.6975374952192	59.7127548865236	40	12	12
277	1	12	84.8745706444329	37.7302403798332	59.6975374952192	59.7127902028005	40	12	12
278	1	12	84.8745706444329	37.7302403798332	59.6975374952192	59.7128252650034	40	12	12
279	1	12	84.8745706444329	37.7302403798332	59.6975374952192	59.7128600758644	40	12	12
280	1	12	84.8745706444329	37.7302403798332	59.6975374952192	59.7128946380764	40	12	12
281	1	12	84.8745706444329	37.7302403798332	59.6975374952192	59.712928954294	40	12	12
282	1	12	84.8745706444329	37.7302403798332	59.6975374952192	59.7129630271341	40	12	12
283	1	12	84.8745706444329	37.7302403798332	59.6975374952192	59.7129968591768	40	12	12
284	1	12	84.8745706444329	37.7302403798332	59.6975374952192	59.7130304529657	40	12	12
285	1	12	84.8745706444329	37.7302403798332	59.6975374952192	49.1368614297303	40	12	171
286	1	12	84.8745706444329	37.7302403798332	59.6975374952192	49.1368862733077	40	12	171
287	1	12	84.8745706444329	37.7302403798332	59.6975374952192	49.1369109437592	40	12	171
288	1	12	84.8745706444329	37.7302403798332	59.6975374952192	49.1369354428882	40	12	171
289	1	12	84.8745706444329	37.7302403798332	59.6975374952192	49.1369597724729	40	12	171
290	1	12	84.8745706444329	37.7302403798332	59.6975374952192	49.1369839342675	40	12	171
291	1	12	84.8745706444329	37.7302403798332	59.6975374952192	49.1370079300016	40	12	171
292	1	12	84.8745706444329	37.7302403798332	59.6975374952192	49.1370317613813	40	12	171
293	1	12	84.8745706444329	37.7302403798332	59.6975374952192	49.1370554300895	40	12	171
294	1	12	84.8745706444329	37.7302403798332	59.6975374952192	49.1370789377861	40	12	171
295	1	12	84.8745706444329	37.7302403798332	59.6975374952192	49.1371022861085	40	12	171
296	1	12	84.8745706444329	37.7302403798332	59.6975374952192	23.0562345823996	40	12	8
297	1	12	84.8745706444329	37.7302403798332	59.6975374952192	23.0562550574201	40	12	8
298	1	12	84.8745706444329	37.7302403798332	59.6975374952192	23.0562753950243	40	12	8
299	1	12	84.8745706444329	37.7302403798332	59.6975374952192	23.0562955965911	40	12	8
300	1	12	84.8745706444329	37.7302403798332	59.6975374952192	23.0563156634807	40	12	8
301	1	12	84.8745706444329	37.7302403798332	59.6975374952192	23.0563355970355	40	12	8
302	1	12	84.8745706444329	37.7302403798332	59.6975374952192	23.05635539858	40	12	8
303	1	12	84.8745706444329	37.7302403798332	59.6975374952192	23.0563750694213	40	12	8
304	1	12	84.8745706444329	37.7302403798332	59.6975374952192	23.0563946108491	40	12	8
305	1	12	84.8745706444329	37.7302403798332	59.6975374952192	23.0564140241364	40	12	8
306	1	12	84.8745706444329	37.7302403798332	59.6975374952192	23.0564333105395	40	12	8
307	1	12	84.8745706444329	37.7302403798332	59.6975374952192	23.0564524712983	40	12	8
308	1	12	84.8745706444329	37.7302403798332	59.6975374952192	52.5800556486571	40	12	9
309	1	12	84.8745706444329	37.7302403798332	59.6975374952192	51.2535981762169	40	12	9
310	1	12	84.8745706444329	37.7302403798332	59.6975374952192	52.5800980659173	40	12	9
311	1	12	84.8745706444329	37.7302403798332	59.6975374952192	52.5801190699625	40	12	9
312	1	12	84.8745706444329	37.7302403798332	59.6975374952192	52.5801399393664	40	12	9
313	1	12	84.8745706444329	37.7302403798332	59.6975374952192	52.5801606754195	40	12	9
314	1	12	84.8745706444329	37.7302403798332	59.6975374952192	52.5801812793958	40	12	9
315	1	12	84.8745706444329	37.7302403798332	59.6975374952192	52.5802017525532	40	12	9
316	1	12	84.8745706444329	37.7302403798332	59.6975374952192	52.5802220961337	40	12	9
317	1	12	84.8745706444329	37.7302403798332	59.6975374952192	55.9729160192693	40	12	11
318	1	12	84.8745706444329	37.7302403798332	59.6975374952192	55.9729405713792	40	12	11
319	1	12	84.8745706444329	37.7302403798332	59.6975374952192	55.9729649695575	40	12	11
320	1	12	84.8745706444329	37.7302403798332	59.6975374952192	55.9729892152472	40	12	11
321	1	12	84.8745706444329	37.7302403798332	59.6975374952192	55.9730133098733	40	12	11
322	1	12	84.8745706444329	37.7302403798332	59.6975374952192	55.9730372548434	40	12	11
323	1	12	84.8745706444329	37.7302403798332	59.6975374952192	55.9730610515475	40	12	11
324	1	12	84.8745706444329	37.7302403798332	59.6975374952192	55.9730847013583	40	12	11
325	1	12	84.8745706444329	37.7302403798332	59.6975374952192	55.9731082056318	40	12	11
326	1	12	84.8745706444329	37.7302403798332	59.6975374952192	23.0567941910881	40	12	11
327	1	12	84.8745706444329	37.7302403798332	59.6975374952192	56.9262238912248	40	12	9
328	1	12	84.8745706444329	37.7302403798332	59.6975374952192	35.1368941691244	40	12	9
329	1	12	84.8745706444329	37.7302403798332	59.6975374952192	35.1369108493824	40	12	8
330	1	12	84.8745706444329	37.7302403798332	59.6975374952192	35.1369274285479	40	12	8
331	1	12	84.8745706444329	37.7302403798332	59.6975374952192	35.1369439075372	40	12	8
332	1	12	84.8745706444329	37.7302403798332	59.6975374952192	35.1369602872555	40	12	8
333	1	12	84.8745706444329	37.7302403798332	59.6975374952192	35.136976568597	40	12	8
334	1	12	84.8745706444329	37.7302403798332	59.6975374952192	35.1369927524456	40	12	8
335	1	12	84.8745706444329	37.7302403798332	59.6975374952192	35.1370088396741	40	12	8
336	1	12	84.8745706444329	37.7302403798332	59.6975374952192	56.926389766061	40	12	9
337	1	12	84.8745706444329	37.7302403798332	59.6975374952192	56.9264076496981	40	12	9
338	1	12	84.8745706444329	37.7302403798332	59.6975374952192	54.3364111249653	40	12	9
339	1	12	84.8745706444329	37.7302403798332	59.6975374952192	56.9264431004478	40	12	9
340	1	12	84.8745706444329	37.7302403798332	59.6975374952192	56.9264606694223	40	12	9
341	1	12	84.8745706444329	37.7302403798332	59.6975374952192	56.9264781353529	40	12	9
342	1	12	84.8745706444329	37.7302403798332	59.6975374952192	56.9264954991437	40	12	9
343	1	12	84.8745706444329	37.7302403798332	59.6975374952192	56.9265127616878	40	12	9
344	1	12	84.8745706444329	37.7302403798332	59.6975374952192	56.9265299238683	40	12	9
345	1	12	84.8745706444329	37.7302403798332	59.6975374952192	56.9265469865578	40	12	9
346	1	12	84.8745706444329	37.7302403798332	59.6975374952192	56.9265639506192	40	12	9
347	1	12	84.8745706444329	37.7302403798332	59.6975374952192	56.9265808169049	40	12	9
348	1	12	84.8745706444329	37.7302403798332	59.6975374952192	56.926597586258	40	12	9
349	1	12	84.8745706444329	37.7302403798332	59.6975374952192	56.9266142595116	40	12	9
350	1	12	84.8745706444329	37.7302403798332	59.6975374952192	56.9266308374895	40	12	9
351	1	12	84.8745706444329	37.7302403798332	59.6975374952192	56.926647321006	40	12	9
352	1	12	84.8745706444329	37.7302403798332	59.6975374952192	56.9266637108661	40	12	9
353	1	12	84.8745706444329	37.7302403798332	59.6975374952192	56.9266800078659	40	12	9
354	1	12	84.8745706444329	37.7302403798332	59.6975374952192	56.9266962127922	40	12	9
355	1	12	84.8745706444329	37.7302403798332	59.6975374952192	56.9267123264231	40	12	9
356	1	12	84.8745706444329	37.7302403798332	59.6975374952192	56.926728349528	40	12	9
357	1	12	84.8745706444329	37.7302403798332	59.6975374952192	56.9267442828677	40	12	9
358	1	12	84.8745706444329	37.7302403798332	59.6975374952192	56.9267601271942	40	12	9
359	1	12	84.8745706444329	37.7302403798332	59.6975374952192	56.9267758832516	40	12	9
360	1	12	84.8745706444329	37.7302403798332	59.6975374952192	56.9267915517752	40	12	9
361	1	12	84.8745706444329	37.7302403798332	59.6975374952192	56.9268071334927	40	12	9
362	1	12	84.8745706444329	37.7302403798332	59.6975374952192	56.9268226291233	40	12	9
363	1	12	84.8745706444329	37.7302403798332	59.6975374952192	56.9268380393785	40	12	9
364	1	12	84.8745706444329	37.7302403798332	59.6975374952192	56.926853364962	40	12	9
365	1	12	84.8745706444329	37.7302403798332	59.6975374952192	56.9268686065698	40	12	9
366	1	12	84.8745706444329	37.7302403798332	59.6975374952192	56.92688376489	40	12	9
367	1	12	84.8745706444329	37.7302403798332	59.6975374952192	56.9268988406036	40	12	9
368	1	12	84.8745706444329	37.7302403798332	59.6975374952192	56.9269138343839	40	12	9
369	1	12	84.8745706444329	37.7302403798332	59.6975374952192	56.9269287468972	40	12	9
370	1	12	84.8745706444329	37.7302403798332	59.6975374952192	56.9269435788023	40	12	9
371	1	12	84.8745706444329	37.7302403798332	59.6975374952192	56.926958330751	40	12	9
372	1	12	84.8745706444329	37.7302403798332	59.6975374952192	56.9269730033881	40	12	9
373	1	12	84.8745706444329	37.7302403798332	59.6975374952192	56.9269875973516	40	12	9
374	1	12	84.8745706444329	37.7302403798332	59.6975374952192	56.9270021132726	40	12	9
375	1	12	84.8745706444329	37.7302403798332	59.6975374952192	56.9270165517752	40	12	9
376	1	12	84.8745706444329	37.7302403798332	59.6975374952192	28.6388148443197	40	12	9
377	1	12	84.8745706444329	37.7302403798332	59.6975374952192	56.9270451989901	40	12	9
378	1	12	84.8745706444329	37.7302403798332	59.6975374952192	33.3991133702066	40	12	9
379	1	12	84.8745706444329	37.7302403798332	59.6975374952192	28.6388480012837	40	12	9
380	1	12	84.8745706444329	37.7302403798332	59.6975374952192	56.9270876044068	40	12	9
381	1	12	84.8745706444329	37.7302403798332	59.6975374952192	56.9271015911453	40	12	9
382	1	12	84.8745706444329	37.7302403798332	59.6975374952192	56.9271155046548	40	12	9
383	1	12	84.8745706444329	37.7302403798332	59.6975374952192	56.9271293455089	40	12	9
384	1	12	84.8745706444329	37.7302403798332	59.6975374952192	28.6389021116069	40	12	7
385	1	12	84.8745706444329	37.7302403798332	59.6975374952192	28.638912765016	40	12	7
386	1	12	84.8745706444329	37.7302403798332	59.6975374952192	28.6389233632261	40	12	7
387	1	12	84.8745706444329	37.7302403798332	59.6975374952192	28.6389339066651	40	12	7
388	1	12	84.8745706444329	37.7302403798332	59.6975374952192	28.6389443957564	40	12	7
389	1	12	84.8745706444329	37.7302403798332	59.6975374952192	28.6389548309193	40	12	7
390	1	12	84.8745706444329	37.7302403798332	59.6975374952192	28.6389652125685	40	12	7
391	1	12	84.8745706444329	37.7302403798332	59.6975374952192	28.6389755411146	40	12	7
392	1	12	84.8745706444329	37.7302403798332	59.6975374952192	28.6389858169641	40	12	7
393	1	12	84.8745706444329	37.7302403798332	59.6975374952192	28.6389960405191	40	12	7
394	1	12	84.8745706444329	37.7302403798332	59.6975374952192	28.639006212178	40	12	7
395	1	12	84.8745706444329	37.7302403798332	59.6975374952192	28.6390163323348	40	12	7
396	1	12	84.8745706444329	37.7302403798332	59.6975374952192	24.7861007846594	40	12	7
397	1	12	84.8745706444329	37.7302403798332	59.6975374952192	28.6390364196989	40	12	7
398	1	12	84.8745706444329	37.7302403798332	59.6975374952192	28.6390463876748	40	12	7
399	1	12	84.8745706444329	37.7302403798332	59.6975374952192	28.6390563056859	40	12	7
400	1	12	84.8745706444329	37.7302403798332	59.6975374952192	24.7861348755685	40	12	7
401	1	12	84.8745706444329	37.7302403798332	59.6975374952192	28.6390759933089	40	12	7
402	1	12	84.8745706444329	37.7302403798332	59.6975374952192	28.6390857636592	40	12	7
403	1	12	84.8745706444329	37.7302403798332	59.6975374952192	28.6390954855213	40	12	7
404	1	12	84.8745706444329	37.7302403798332	59.6975374952192	28.6391051592554	40	12	7
405	1	12	84.8745706444329	37.7302403798332	59.6975374952192	28.639114785218	40	12	7
406	1	12	84.8745706444329	37.7302403798332	59.6975374952192	28.6391243637621	40	12	7
407	1	12	84.8745706444329	37.7302403798332	59.6975374952192	28.6391338952371	40	12	7
408	1	12	84.8745706444329	37.7302403798332	59.6975374952192	28.6391433799893	40	12	7
409	1	12	84.8745706444329	37.7302403798332	59.6975374952192	28.6391528183612	40	12	7
410	1	12	84.8745706444329	37.7302403798332	59.6975374952192	28.6391622106923	40	12	7
411	1	12	84.8745706444329	37.7302403798332	59.6975374952192	28.6391715573186	40	12	7
412	1	12	84.8745706444329	37.7302403798332	59.6975374952192	54.3686312149444	40	12	8
413	1	12	84.8745706444329	37.7302403798332	59.6975374952192	56.9275134040755	40	12	9
414	1	12	84.8745706444329	37.7302403798332	59.6975374952192	56.9275252474274	40	12	9
415	1	12	84.8745706444329	37.7302403798332	59.6975374952192	56.9275370337029	40	12	9
416	1	12	84.8745706444329	37.7302403798332	59.6975374952192	56.9275487633137	40	12	9
417	1	12	84.8745706444329	37.7302403798332	59.6975374952192	56.9275604366673	40	12	9
418	1	12	84.8745706444329	37.7302403798332	59.6975374952192	56.9275720541676	40	12	9
419	1	12	84.8745706444329	37.7302403798332	59.6975374952192	56.9275836162144	40	12	9
420	1	12	84.8745706444329	37.7302403798332	59.6975374952192	56.9275951232038	40	12	9
421	1	12	84.8745706444329	37.7302403798332	59.6975374952192	28.6392625814703	40	12	9
422	1	12	84.8745706444329	37.7302403798332	59.6975374952192	53.3233828932066	40	12	9
423	1	12	84.8745706444329	37.7302403798332	59.6975374952192	33.3995566326179	40	12	9
424	1	12	84.8745706444329	37.7302403798332	59.6975374952192	28.6392890514654	40	12	9
425	1	12	84.8745706444329	37.7302403798332	59.6975374952192	46.8584583829203	40	12	9
426	1	12	84.8745706444329	37.7302403798332	59.6975374952192	28.6393064910083	40	12	9
427	1	12	84.8745706444329	37.7302403798332	59.6975374952192	33.3995915122831	40	12	9
428	1	12	84.8745706444329	37.7302403798332	59.6975374952192	33.3996001303312	40	12	7
429	1	12	84.8745706444329	37.7302403798332	59.6975374952192	33.3996087082019	40	12	7
430	1	12	84.8745706444329	37.7302403798332	59.6975374952192	33.3996172461756	40	12	7
431	1	12	84.8745706444329	37.7302403798332	59.6975374952192	33.3996257445299	40	12	7
432	1	12	84.8745706444329	37.7302403798332	59.6975374952192	33.3996342035399	40	12	7
433	1	12	84.8745706444329	37.7302403798332	59.6975374952192	33.3996426234783	40	12	7
434	1	12	84.8745706444329	37.7302403798332	59.6975374952192	33.3996510046152	40	12	7
435	1	12	84.8745706444329	37.7302403798332	59.6975374952192	33.3996593472181	40	12	7
436	1	12	84.8745706444329	37.7302403798332	59.6975374952192	56.9277720563624	40	12	9
437	1	12	84.8745706444329	37.7302403798332	59.6975374952192	56.9277826844983	40	12	9
438	1	12	84.8745706444329	37.7302403798332	59.6975374952192	56.927793264104	40	12	9
439	1	12	84.8745706444329	37.7302403798332	59.6975374952192	56.927803795511	40	12	9
440	1	12	84.8745706444329	37.7302403798332	59.6975374952192	56.927814279048	40	12	9
441	1	12	84.8745706444329	37.7302403798332	59.6975374952192	56.9278247150405	40	12	9
442	1	12	84.8745706444329	37.7302403798332	59.6975374952192	56.9278351038114	40	12	9
443	1	12	84.8745706444329	37.7302403798332	59.6975374952192	56.9278454456804	40	12	9
444	1	12	84.8745706444329	37.7302403798332	59.6975374952192	56.9278557409644	40	12	9
445	1	12	84.8745706444329	37.7302403798332	59.6975374952192	56.9278659899775	40	12	9
446	1	12	84.8745706444329	37.7302403798332	59.6975374952192	56.9278761930308	40	12	9
447	1	12	84.8745706444329	37.7302403798332	59.6975374952192	54.3380343726521	40	12	9
448	1	12	84.8745706444329	37.7302403798332	59.6975374952192	56.9278964624895	40	12	9
449	1	12	84.8745706444329	37.7302403798332	59.6975374952192	56.9279065295035	0	12	9
450	1	12	84.8745706444329	37.7302403798332	59.6975374952192	55.9752235902472	0	12	209
451	1	12	84.8745706444329	37.7302403798332	59.6975374952192	56.9279265296023	0	12	9
452	1	12	84.8745706444329	37.7302403798332	59.6975374952192	56.9279364632797	0	12	9
453	1	12	84.8745706444329	37.7302403798332	59.6975374952192	56.9279463530997	0	12	9
454	1	12	84.8745706444329	37.7302403798332	59.6975374952192	56.9279561993523	0	12	9
455	1	12	84.8745706444329	37.7302403798332	59.6975374952192	56.9279660023247	0	12	9
456	1	12	84.8745706444329	37.7302403798332	59.6975374952192	56.9279757623015	0	12	9
457	1	12	84.8745706444329	37.7302403798332	59.6975374952192	56.9279854795652	0	12	9
458	1	12	84.8745706444329	37.7302403798332	59.6975374952192	56.9279951543953	0	12	9
459	1	12	84.8745706444329	37.7302403798332	59.6975374952192	56.9280047870694	0	12	9
460	1	12	84.8745706444329	37.7302403798332	59.6975374952192	56.9280143778622	0	12	9
461	1	12	84.8745706444329	37.7302403798332	59.6975374952192	55.9753548266897	0	12	209
462	1	12	84.8745706444329	37.7302403798332	59.6975374952192	55.97536644739	0	12	209
463	1	12	84.8745706444329	37.7302403798332	59.6975374952192	55.975378017893	0	12	209
464	1	12	84.8745706444329	37.7302403798332	59.6975374952192	55.975389538523	0	12	209
465	1	12	84.8745706444329	37.7302403798332	59.6975374952192	55.975401009602	0	12	209
466	1	12	84.8745706444329	37.7302403798332	59.6975374952192	56.928071058213	0	12	9
467	1	12	84.8745706444329	37.7302403798332	59.6975374952192	56.9280803633384	0	12	9
468	1	12	84.8745706444329	37.7302403798332	59.6975374952192	56.9280896286983	0	12	9
469	1	12	84.8745706444329	37.7302403798332	59.6975374952192	56.9280988545471	0	12	9
470	1	12	84.8745706444329	37.7302403798332	59.6975374952192	56.9281080411369	0	12	9
471	1	12	84.8745706444329	37.7302403798332	59.6975374952192	56.9281171887179	0	12	9
472	1	12	84.8745706444329	37.7302403798332	59.6975374952192	55.9754799461794	0	12	209
473	1	12	84.8745706444329	37.7302403798332	59.6975374952192	55.9754910321076	0	12	209
474	1	12	84.8745706444329	37.7302403798332	59.6975374952192	55.9755020712598	0	12	209
475	1	12	84.8745706444329	37.7302403798332	59.6975374952192	55.9755130639314	0	12	209
476	1	12	84.8745706444329	37.7302403798332	59.6975374952192	55.9755240104152	0	12	209
477	1	12	84.8745706444329	37.7302403798332	59.6975374952192	55.9755349110019	0	12	209
478	1	12	84.8745706444329	37.7302403798332	59.6975374952192	55.9755457659794	0	12	209
479	1	12	84.8745706444329	37.7302403798332	59.6975374952192	55.9755565756334	0	12	209
480	1	12	84.8745706444329	37.7302403798332	59.6975374952192	55.9755673402472	0	12	209
481	1	12	84.8745706444329	37.7302403798332	59.6975374952192	55.9755780601016	0	12	209
482	1	12	84.8745706444329	37.7302403798332	59.6975374952192	55.9755887354754	0	12	209
483	1	12	84.8745706444329	37.7302403798332	59.6975374952192	55.9755993666447	0	12	209
484	1	12	84.8745706444329	37.7302403798332	59.6975374952192	55.9756099538835	0	12	209
485	1	12	84.8745706444329	37.7302403798332	59.6975374952192	55.9756204974637	0	12	209
486	1	12	84.8745706444329	37.7302403798332	59.6975374952192	55.9756309976546	0	12	209
487	1	12	84.8745706444329	37.7302403798332	59.6975374952192	55.9756414547236	0	12	209
488	1	12	84.8745706444329	37.7302403798332	59.6975374952192	55.9756518689357	0	12	209
489	1	12	84.8745706444329	37.7302403798332	59.6975374952192	55.9756622405539	0	12	209
490	1	12	84.8745706444329	37.7302403798332	59.6975374952192	55.975672569839	0	12	209
491	1	12	84.8745706444329	37.7302403798332	59.6975374952192	55.9756828570496	0	12	209
492	1	12	84.8745706444329	37.7302403798332	59.6975374952192	55.9756931024423	0	12	209
493	1	12	84.8745706444329	37.7302403798332	59.6975374952192	55.9757033062715	0	12	209
494	1	12	84.8745706444329	37.7302403798332	59.6975374952192	55.9757134687897	0	12	209
495	1	12	84.8745706444329	37.7302403798332	59.6975374952192	55.9757235902472	0	12	209
496	1	12	84.8745706444329	37.7302403798332	59.6975374952192	55.9757336708923	0	12	209
497	1	12	84.8745706444329	37.7302403798332	59.6975374952192	55.9757437109715	0	12	209
498	1	12	84.8745706444329	37.7302403798332	59.6975374952192	55.9757537107291	0	12	209
499	1	12	84.8745706444329	37.7302403798332	59.6975374952192	55.9757636704075	0	12	209
500	1	12	84.8745706444329	37.7302403798332	59.6975374952192	55.9757735902472	0	12	209
501	1	12	84.8745706444329	37.7302403798332	59.6975374952192	55.9757834704867	0	12	209
502	1	12	84.8745706444329	37.7302403798332	59.6975374952192	55.9757933113627	0	12	209
503	1	12	84.8745706444329	37.7302403798332	59.6975374952192	55.97580311311	0	12	209
504	1	12	84.8745706444329	37.7302403798332	59.6975374952192	55.9758128759615	0	12	209
505	1	12	84.8745706444329	37.7302403798332	59.6975374952192	55.9758226001482	0	12	209
506	1	12	84.8745706444329	37.7302403798332	59.6975374952192	55.9758322858993	0	12	209
507	1	12	84.8745706444329	37.7302403798332	59.6975374952192	55.9758419334424	0	12	209
508	1	12	84.8745706444329	37.7302403798332	59.6975374952192	55.9758515430031	0	12	209
509	1	12	84.8745706444329	37.7302403798332	59.6975374952192	55.9758611148051	0	12	209
510	1	12	84.8745706444329	37.7302403798332	59.6975374952192	55.9758706490707	0	12	209
511	1	12	84.8745706444329	37.7302403798332	59.6975374952192	55.9758801460202	0	12	209
512	1	12	84.8745706444329	37.7302403798332	59.6975374952192	55.9758896058722	0	12	220
513	1	12	84.8745706444329	37.7302403798332	59.6975374952192	55.9758990288437	0	12	220
514	1	12	84.8745706444329	37.7302403798332	59.6975374952192	55.9759084151499	0	12	220
515	1	12	84.8745706444329	37.7302403798332	59.6975374952192	55.9759177650045	0	12	220
516	1	12	84.8745706444329	37.7302403798332	59.6975374952192	55.9759270786193	0	12	209
517	1	12	84.8745706444329	37.7302403798332	59.6975374952192	55.9759363562046	0	12	209
518	1	12	84.8745706444329	37.7302403798332	59.6975374952192	55.9759455979692	0	12	209
519	1	12	84.8745706444329	37.7302403798332	59.6975374952192	55.97595480412	0	12	209
520	1	12	84.8745706444329	37.7302403798332	59.6975374952192	55.9759639748626	0	12	209
521	1	12	84.8745706444329	37.7302403798332	59.6975374952192	55.9759731104007	0	12	220
522	1	12	84.8745706444329	37.7302403798332	59.6975374952192	55.9759822109368	0	12	220
523	1	12	84.8745706444329	37.7302403798332	59.6975374952192	55.9759912766716	0	12	220
524	1	12	84.8745706444329	37.7302403798332	59.6975374952192	55.9760003078044	0	12	220
525	1	12	84.8745706444329	37.7302403798332	59.6975374952192	55.9760093045329	0	12	220
526	1	12	84.8745706444329	37.7302403798332	59.6975374952192	55.9760182670533	0	12	209
527	1	12	84.8745706444329	37.7302403798332	59.6975374952192	55.9760271955603	0	12	209
528	1	12	84.8745706444329	37.7302403798332	59.6975374952192	55.9760360902472	0	12	209
529	1	12	84.8745706444329	37.7302403798332	59.6975374952192	55.9760449513058	0	12	209
530	1	12	84.8745706444329	37.7302403798332	59.6975374952192	55.9760537789264	0	12	209
531	1	12	84.8745706444329	37.7302403798332	59.6975374952192	55.976062573298	0	12	209
532	1	12	84.8745706444329	37.7302403798332	59.6975374952192	55.9760713346081	0	12	209
533	1	12	84.8745706444329	37.7302403798332	59.6975374952192	55.9760800630427	0	12	209
534	1	12	84.8745706444329	37.7302403798332	59.6975374952192	55.9760887587865	0	12	209
535	1	12	84.8745706444329	37.7302403798332	59.6975374952192	55.9760974220229	0	12	209
536	1	12	84.8745706444329	37.7302403798332	59.6975374952192	55.9761060529337	0	12	209
537	1	12	84.8745706444329	37.7302403798332	59.6975374952192	55.9761146516997	0	12	209
538	1	12	84.8745706444329	37.7302403798332	59.6975374952192	55.9761232185	0	12	209
539	1	12	84.8745706444329	37.7302403798332	59.6975374952192	55.9761317535125	0	12	209
540	1	12	84.8745706444329	37.7302403798332	59.6975374952192	55.9761402569138	0	12	209
541	1	12	84.8745706444329	37.7302403798332	59.6975374952192	55.9761487288793	0	12	209
542	1	12	84.8745706444329	37.7302403798332	59.6975374952192	55.976157169583	0	12	209
543	1	12	84.8745706444329	37.7302403798332	59.6975374952192	55.9761655791974	0	12	209
544	1	12	84.8745706444329	37.7302403798332	59.6975374952192	55.9761739578942	0	12	209
545	1	12	84.8745706444329	37.7302403798332	59.6975374952192	55.9761823058435	0	12	209
546	1	12	84.8745706444329	37.7302403798332	59.6975374952192	55.9761906232142	0	12	209
547	1	12	84.8745706444329	37.7302403798332	59.6975374952192	55.976198910174	0	12	209
548	1	12	84.8745706444329	37.7302403798332	59.6975374952192	55.9762071668895	0	12	209
549	1	12	84.8745706444329	37.7302403798332	59.6975374952192	55.9762153935259	0	12	209
550	1	12	84.8745706444329	37.7302403798332	59.6975374952192	55.9762235902472	0	12	209
551	1	12	84.8745706444329	37.7302403798332	59.6975374952192	55.9762317572163	0	12	209
552	1	12	84.8745706444329	37.7302403798332	59.6975374952192	55.976239894595	0	12	209
553	1	12	84.8745706444329	37.7302403798332	59.6975374952192	55.9762480025437	0	12	209
554	1	12	84.8745706444329	37.7302403798332	59.6975374952192	55.9762560812219	0	12	209
555	1	12	84.8745706444329	37.7302403798332	59.6975374952192	55.9762641307877	0	12	209
556	1	12	84.8745706444329	37.7302403798332	59.6975374952192	55.9762721513982	0	12	209
557	1	12	84.8745706444329	37.7302403798332	59.6975374952192	55.9762801432095	0	12	209
558	1	12	84.8745706444329	37.7302403798332	59.6975374952192	55.9762881063762	0	12	209
559	1	12	84.8745706444329	37.7302403798332	59.6975374952192	55.9762960410522	0	12	209
560	1	12	84.8745706444329	37.7302403798332	59.6975374952192	55.97630394739	0	12	209
561	1	12	84.8745706444329	37.7302403798332	59.6975374952192	55.9763118255413	0	12	209
562	1	12	84.8745706444329	37.7302403798332	59.6975374952192	55.9763196756564	0	12	209
563	1	12	84.8745706444329	37.7302403798332	59.6975374952192	55.9763274978848	0	12	209
564	1	12	84.8745706444329	37.7302403798332	59.6975374952192	55.9763352923748	0	12	209
565	1	12	84.8745706444329	37.7302403798332	59.6975374952192	55.9763430592737	0	12	209
566	1	12	84.8745706444329	37.7302403798332	59.6975374952192	55.9763507987277	0	12	209
567	1	12	84.8745706444329	37.7302403798332	59.6975374952192	55.9763585108821	0	12	209
568	1	12	84.8745706444329	37.7302403798332	59.6975374952192	55.976366195881	0	12	209
569	1	12	84.8745706444329	37.7302403798332	59.6975374952192	55.9763738538676	0	12	209
570	1	12	84.8745706444329	37.7302403798332	59.6975374952192	55.976381484984	0	12	209
571	1	12	84.8745706444329	37.7302403798332	59.6975374952192	55.9763890893715	0	12	209
572	1	12	84.8745706444329	37.7302403798332	59.6975374952192	55.9763966671702	0	12	209
573	1	12	84.8745706444329	37.7302403798332	59.6975374952192	55.9764042185194	0	12	209
574	1	12	84.8745706444329	37.7302403798332	59.6975374952192	55.9764117435573	0	12	209
575	1	12	84.8745706444329	37.7302403798332	59.6975374952192	55.9764192424211	0	12	209
576	1	12	84.8745706444329	37.7302403798332	59.6975374952192	55.9764267152472	0	12	209
577	1	12	84.8745706444329	37.7302403798332	59.6975374952192	55.9764341621709	0	12	209
578	1	12	84.8745706444329	37.7302403798332	59.6975374952192	55.9764415833268	0	12	209
579	1	12	84.8745706444329	37.7302403798332	59.6975374952192	55.9764489788482	0	12	209
580	1	12	84.8745706444329	37.7302403798332	59.6975374952192	55.9764563488679	0	12	209
581	1	12	84.8745706444329	37.7302403798332	59.6975374952192	55.9764636935174	0	12	209
582	1	12	84.8745706444329	37.7302403798332	59.6975374952192	55.9764710129276	0	12	209
583	1	12	84.8745706444329	37.7302403798332	59.6975374952192	55.9764783072283	0	12	209
584	1	12	84.8745706444329	37.7302403798332	59.6975374952192	55.9764855765485	0	12	209
585	1	12	84.8745706444329	37.7302403798332	59.6975374952192	55.9764928210164	0	12	209
586	1	12	84.8745706444329	37.7302403798332	59.6975374952192	55.9765000407591	0	12	209
587	1	12	84.8745706444329	37.7302403798332	59.6975374952192	55.976507235903	0	12	209
588	1	12	84.8745706444329	37.7302403798332	59.6975374952192	55.9765144065737	0	12	209
589	1	12	84.8745706444329	37.7302403798332	59.6975374952192	55.9765215528957	0	12	209
590	1	12	84.8745706444329	37.7302403798332	59.6975374952192	55.9765286749929	0	12	209
591	1	12	84.8745706444329	37.7302403798332	59.6975374952192	55.9765357729883	0	12	209
592	1	12	84.8745706444329	37.7302403798332	59.6975374952192	55.9765428470039	0	12	209
593	1	12	84.8745706444329	37.7302403798332	59.6975374952192	55.9765498971612	0	12	209
594	1	12	84.8745706444329	37.7302403798332	59.6975374952192	55.9765569235805	0	12	209
595	1	12	84.8745706444329	37.7302403798332	59.6975374952192	55.9765639263816	0	12	209
596	1	12	84.8745706444329	37.7302403798332	59.6975374952192	55.9765709056834	0	12	209
597	1	12	84.8745706444329	37.7302403798332	59.6975374952192	55.976577861604	0	12	209
598	1	12	84.8745706444329	37.7302403798332	59.6975374952192	55.9765847942605	0	12	209
599	1	12	84.8745706444329	37.7302403798332	59.6975374952192	55.9765917037697	0	12	209
600	1	12	84.8745706444329	37.7302403798332	59.6975374952192	55.9765985902472	0	12	209
601	1	12	84.8745706444329	37.7302403798332	59.6975374952192	55.9766054538079	0	12	209
602	1	12	84.8745706444329	37.7302403798332	59.6975374952192	55.9766122945661	0	12	209
603	1	12	84.8745706444329	37.7302403798332	59.6975374952192	55.9766191126352	0	12	209
604	1	12	84.8745706444329	37.7302403798332	59.6975374952192	55.976625908128	0	12	209
605	1	12	84.8745706444329	37.7302403798332	59.6975374952192	55.9766326811563	0	12	209
606	1	12	84.8745706444329	37.7302403798332	59.6975374952192	55.9766394318313	0	12	209
607	1	12	84.8745706444329	37.7302403798332	59.6975374952192	55.9766461602636	0	12	209
608	1	12	84.8745706444329	37.7302403798332	59.6975374952192	55.976652866563	0	12	209
609	1	12	84.8745706444329	37.7302403798332	59.6975374952192	55.9766595508383	0	12	209
610	1	12	84.8745706444329	37.7302403798332	59.6975374952192	55.976666213198	0	12	209
611	1	12	84.8745706444329	37.7302403798332	59.6975374952192	55.9766728537496	0	12	209
612	1	12	84.8745706444329	37.7302403798332	59.6975374952192	55.9766794726001	0	12	209
613	1	12	84.8745706444329	37.7302403798332	59.6975374952192	55.9766860698557	0	12	209
