"Iteration #"	"Inertia"	"Number of features"	"CV best"	"Permuted CV best"	"Global best fitness"	"Current best fitness"	"Number of features in current best agent"	"Number of features in global best"	"Number of features in local best"
1	1	40	71.286072910865	45.0718624416363	31.3586954184478	31.3586954184478	40	40	800
2	1	15	71.286072910865	45.0718624416363	35.8586954184478	35.8586954184478	40	40	760
3	1	30	72.9815012837582	42.5333744463637	41.8238749614751	41.8238749614751	40	30	30
4	1	30	72.9815012837582	42.5333744463637	42.3863749614751	42.3863749614751	40	30	30
5	1	30	72.9815012837582	42.5333744463637	42.7238749614751	42.7238749614751	40	30	30
6	1	30	72.9815012837582	42.5333744463637	42.9488749614751	42.9488749614751	40	30	30
7	1	30	72.9815012837582	42.5333744463637	43.1095892471894	43.1095892471894	40	30	30
8	1	30	72.9815012837582	42.5333744463637	43.2301249614751	43.2301249614751	40	30	30
9	1	30	72.9815012837582	42.5333744463637	43.2301249614751	43.3238749614751	40	30	30
10	1	30	72.9815012837582	42.5333744463637	43.3988749614751	43.3988749614751	40	30	30
11	1	11	68.7547108692284	35.634645059532	46.60789272136	46.60789272136	40	11	11
12	1	11	68.7547108692284	35.634645059532	46.60789272136	39.6086954184478	40	11	760
13	1	11	68.7547108692284	35.634645059532	46.60789272136	46.5575824915268	40	11	11
14	1	11	68.7547108692284	35.634645059532	46.60789272136	39.7158382755907	40	11	760
15	1	11	68.7547108692284	35.634645059532	46.60789272136	45.1641779271029	40	11	11
16	1	11	68.7547108692284	35.634645059532	46.60789272136	46.5900344146037	40	11	11
17	1	11	68.7547108692284	35.634645059532	46.60789272136	46.5983064734272	40	11	11
18	1	11	68.7547108692284	35.634645059532	46.60789272136	46.69539272136	40	11	11
19	1	11	68.7547108692284	35.634645059532	46.60789272136	46.7026295634652	40	11	11
20	1	11	68.7547108692284	35.634645059532	46.70914272136	46.70914272136	40	11	11
21	1	11	68.7547108692284	35.634645059532	46.70914272136	46.7150355785028	40	11	11
22	1	11	68.7547108692284	35.634645059532	46.70914272136	46.72039272136	40	11	11
23	1	11	68.7547108692284	35.634645059532	46.70914272136	46.7252840257078	40	11	11
24	1	11	68.7547108692284	35.634645059532	46.70914272136	46.72976772136	40	11	11
25	1	11	68.7547108692284	35.634645059532	46.70914272136	46.73389272136	40	11	11
26	1	11	68.7547108692284	35.634645059532	46.70914272136	46.7377004136677	40	11	11
27	1	11	68.7547108692284	35.634645059532	46.70914272136	46.7412260546933	40	11	11
28	1	11	68.7547108692284	35.634645059532	46.70914272136	46.7444998642171	40	11	11
29	1	11	68.7547108692284	35.634645059532	46.70914272136	46.7475478937738	40	11	11
30	1	11	68.7547108692284	35.634645059532	46.70914272136	46.75039272136	40	11	11
31	1	9	74.3232639789576	35.8228846730353	50.6538839102261	50.6538839102261	40	9	9
32	1	9	74.3232639789576	35.8228846730353	50.6538839102261	40.0774454184478	40	9	760
33	1	8	76.3419315404388	36.3253554060917	50.879709972075	50.879709972075	40	8	8
34	1	8	76.3419315404388	36.3253554060917	50.879709972075	40.0939895360949	40	8	760
35	1	8	76.3419315404388	36.3253554060917	50.879709972075	50.8828268551919	40	8	8
36	1	8	76.3419315404388	36.3253554060917	50.879709972075	50.8842554266205	40	8	8
37	1	8	76.3419315404388	36.3253554060917	50.879709972075	50.8856067779719	40	8	8
38	1	8	76.3419315404388	36.3253554060917	50.879709972075	50.8868870055679	40	8	8
39	1	8	76.3419315404388	36.3253554060917	50.879709972075	50.8881015804667	40	8	8
40	1	8	76.3419315404388	36.3253554060917	50.879709972075	50.8892554266205	40	8	8
41	1	8	76.3419315404388	36.3253554060917	50.879709972075	50.8903529875961	40	8	8
42	1	8	76.3419315404388	36.3253554060917	50.879709972075	50.8913982837634	40	8	8
43	1	8	76.3419315404388	36.3253554060917	50.879709972075	50.8923949615042	40	8	8
44	1	8	76.3419315404388	36.3253554060917	50.879709972075	50.8933463357114	40	8	8
45	1	8	76.3419315404388	36.3253554060917	50.879709972075	50.8942554266205	40	8	160
46	1	8	76.3419315404388	36.3253554060917	50.879709972075	50.8951249918379	40	8	160
47	1	8	76.3419315404388	36.3253554060917	50.879709972075	50.8959575542801	40	8	160
48	1	8	76.3419315404388	36.3253554060917	50.879709972075	50.8967554266205	40	8	160
49	1	8	76.3419315404388	36.3253554060917	50.879709972075	50.8975207327429	40	8	160
50	1	8	76.3419315404388	36.3253554060917	50.879709972075	50.8982554266205	40	8	160
51	1	8	76.3419315404388	36.3253554060917	50.879709972075	50.8989613089734	40	8	160
52	1	8	76.3419315404388	36.3253554060917	50.879709972075	50.8996400420051	40	8	160
53	1	8	76.3419315404388	36.3253554060917	50.879709972075	50.9002931624696	40	8	160
54	1	8	76.3419315404388	36.3253554060917	50.879709972075	50.9009220932872	40	8	160
55	1	8	76.3419315404388	36.3253554060917	50.879709972075	50.9015281538932	40	8	160
56	1	8	76.3419315404388	36.3253554060917	50.879709972075	50.9021125694776	40	8	160
57	1	8	76.3419315404388	36.3253554060917	50.879709972075	50.9026764792521	40	8	160
58	1	8	76.3419315404388	36.3253554060917	50.879709972075	50.9032209438619	40	8	160
59	1	8	76.3419315404388	36.3253554060917	50.879709972075	50.9037469520442	40	8	160
60	1	8	76.3419315404388	36.3253554060917	50.879709972075	50.9042554266205	40	8	160
61	1	8	76.3419315404388	36.3253554060917	50.879709972075	50.9047472298992	40	8	160
62	1	8	76.3419315404388	36.3253554060917	50.879709972075	50.905223168556	40	8	160
63	1	8	76.3419315404388	36.3253554060917	50.879709972075	50.9056839980491	40	8	160
64	1	8	76.3419315404388	36.3253554060917	50.879709972075	50.9061304266205	40	8	160
65	1	8	76.3419315404388	36.3253554060917	50.879709972075	50.9065631189282	40	8	160
66	1	8	76.3419315404388	36.3253554060917	50.879709972075	50.9069826993478	40	8	160
67	1	8	76.3419315404388	36.3253554060917	50.879709972075	50.9073897549787	40	8	160
68	1	8	76.3419315404388	36.3253554060917	50.879709972075	50.9077848383852	40	8	160
69	1	8	76.3419315404388	36.3253554060917	50.879709972075	50.9081684700988	40	8	160
70	1	8	76.3419315404388	36.3253554060917	50.879709972075	50.9085411409062	40	8	160
71	1	8	76.3419315404388	36.3253554060917	50.879709972075	50.9089033139444	40	8	160
72	1	8	76.3419315404388	36.3253554060917	50.879709972075	50.9092554266205	40	8	160
73	1	8	76.3419315404388	36.3253554060917	50.879709972075	50.9095978923739	40	8	160
74	1	8	76.3419315404388	36.3253554060917	50.879709972075	50.9099311022962	40	8	160
75	1	8	76.3419315404388	36.3253554060917	50.879709972075	50.9102554266205	40	8	160
76	1	8	76.3419315404388	36.3253554060917	50.879709972075	50.9105712160942	40	8	152
77	1	8	76.3419315404388	36.3253554060917	50.879709972075	50.9108788032439	40	8	152
78	1	8	76.3419315404388	36.3253554060917	50.879709972075	50.9111785035436	40	8	152
79	1	8	76.3419315404388	36.3253554060917	50.879709972075	50.9114706164939	40	8	152
80	1	8	76.3419315404388	36.3253554060917	50.879709972075	50.9117554266205	40	8	152
81	1	8	76.3419315404388	36.3253554060917	50.879709972075	50.9120332043983	40	8	152
82	1	8	76.3419315404388	36.3253554060917	50.879709972075	50.9123042071083	40	8	152
83	1	8	76.3419315404388	36.3253554060917	50.879709972075	50.9125686796325	40	8	152
84	1	8	76.3419315404388	36.3253554060917	50.879709972075	50.9128268551919	40	8	152
85	1	8	76.3419315404388	36.3253554060917	50.879709972075	50.9130789560323	40	8	152
86	1	8	76.3419315404388	36.3253554060917	50.879709972075	50.9133251940624	40	8	152
87	1	8	76.3419315404388	36.3253554060917	50.879709972075	50.9135657714481	40	8	152
88	1	8	76.3419315404388	36.3253554060917	50.879709972075	50.913800881166	40	8	152
89	1	8	76.3419315404388	36.3253554060917	50.879709972075	44.0128294121905	40	8	120
90	1	8	76.3419315404388	36.3253554060917	50.879709972075	44.0129979515163	40	8	120
91	1	8	76.3419315404388	36.3253554060917	50.879709972075	44.0131627866812	40	8	120
92	1	8	76.3419315404388	36.3253554060917	50.879709972075	44.0133240384729	40	8	120
93	1	8	76.3419315404388	36.3253554060917	50.879709972075	44.0134818224841	40	8	114
94	1	8	76.3419315404388	36.3253554060917	50.879709972075	44.0136362493887	40	8	120
95	1	8	76.3419315404388	36.3253554060917	50.879709972075	44.0137874252005	40	8	120
96	1	8	76.3419315404388	36.3253554060917	50.879709972075	44.0139354515163	40	8	120
97	1	8	76.3419315404388	36.3253554060917	50.879709972075	44.0140804257431	40	8	120
98	1	8	76.3419315404388	36.3253554060917	50.879709972075	44.0142224413122	40	8	120
99	1	8	76.3419315404388	36.3253554060917	50.879709972075	44.01436158788	40	8	120
100	1	8	76.3419315404388	36.3253554060917	50.879709972075	44.0144979515163	40	8	120
101	1	8	76.3419315404388	36.3253554060917	50.879709972075	44.0146316148827	40	8	120
102	1	8	76.3419315404388	36.3253554060917	50.879709972075	44.0147626573987	40	8	120
103	1	8	76.3419315404388	36.3253554060917	50.879709972075	44.0148911553998	40	8	120
104	1	8	76.3419315404388	36.3253554060917	50.879709972075	44.0150171822856	40	8	120
105	1	8	76.3419315404388	36.3253554060917	50.879709972075	44.0151408086592	40	8	120
106	1	8	76.3419315404388	36.3253554060917	50.879709972075	44.0152621024597	40	8	120
107	1	8	76.3419315404388	36.3253554060917	50.879709972075	44.0153811290864	40	8	120
108	1	8	76.3419315404388	36.3253554060917	50.879709972075	44.0154979515163	40	8	120
109	1	8	76.3419315404388	36.3253554060917	50.879709972075	44.0156126304154	40	8	114
110	1	8	76.3419315404388	36.3253554060917	50.879709972075	44.0157252242436	40	8	120
111	1	8	76.3419315404388	36.3253554060917	50.879709972075	44.0158357893542	40	8	120
112	1	8	76.3419315404388	36.3253554060917	50.879709972075	44.0159443800878	40	8	120
113	1	8	76.3419315404388	36.3253554060917	50.879709972075	44.0160510488615	40	8	120
114	1	8	76.3419315404388	36.3253554060917	50.879709972075	44.0161558462532	40	8	120
115	1	8	76.3419315404388	36.3253554060917	50.879709972075	44.0162588210815	40	8	120
116	1	8	76.3419315404388	36.3253554060917	50.879709972075	44.0163600204818	40	8	120
117	1	8	76.3419315404388	36.3253554060917	50.879709972075	44.0164594899779	40	8	120
118	1	8	76.3419315404388	36.3253554060917	50.879709972075	44.0165572735502	40	8	114
119	1	8	76.3419315404388	36.3253554060917	50.879709972075	44.0166534137012	40	8	120
120	1	8	76.3419315404388	36.3253554060917	50.879709972075	44.0167479515163	40	8	114
121	1	8	76.3419315404388	36.3253554060917	50.879709972075	44.0168409267229	40	8	120
122	1	8	76.3419315404388	36.3253554060917	50.879709972075	44.0169323777458	40	8	120
123	1	8	76.3419315404388	36.3253554060917	50.879709972075	44.0170223417602	40	8	120
124	1	8	76.3419315404388	36.3253554060917	50.879709972075	44.0171108547421	40	8	120
125	1	8	76.3419315404388	36.3253554060917	50.879709972075	44.0171979515163	40	8	114
126	1	8	76.3419315404388	36.3253554060917	50.879709972075	44.017283665802	40	8	120
127	1	8	76.3419315404388	36.3253554060917	50.879709972075	44.0173680302565	40	8	120
128	1	8	76.3419315404388	36.3253554060917	50.879709972075	44.0174510765163	40	8	120
129	1	8	76.3419315404388	36.3253554060917	50.879709972075	44.0175328352373	40	8	120
130	1	8	76.3419315404388	36.3253554060917	50.879709972075	44.0176133361317	40	8	120
131	1	8	76.3419315404388	36.3253554060917	50.879709972075	44.0176926080049	40	8	120
132	1	8	76.3419315404388	36.3253554060917	50.879709972075	44.0177706787891	40	8	120
133	1	8	76.3419315404388	36.3253554060917	50.879709972075	44.0178475755765	40	8	120
134	1	8	76.3419315404388	36.3253554060917	50.879709972075	44.0179233246507	40	8	120
135	1	8	76.3419315404388	36.3253554060917	50.879709972075	44.0179979515163	40	8	114
136	1	8	76.3419315404388	36.3253554060917	50.879709972075	44.0180714809281	40	8	120
137	1	8	76.3419315404388	36.3253554060917	50.879709972075	44.0181439369178	40	8	120
138	1	8	76.3419315404388	36.3253554060917	50.879709972075	44.0182153428207	40	8	120
139	1	8	76.3419315404388	36.3253554060917	50.879709972075	44.0182857213005	40	8	120
140	1	8	76.3419315404388	36.3253554060917	50.879709972075	44.0183550943735	40	8	120
141	1	8	76.3419315404388	36.3253554060917	50.879709972075	44.0184234834312	40	8	120
142	1	8	76.3419315404388	36.3253554060917	50.879709972075	44.0184909092628	40	8	120
143	1	8	76.3419315404388	36.3253554060917	50.879709972075	44.0185573920758	40	8	120
144	1	8	76.3419315404388	36.3253554060917	50.879709972075	44.0186229515163	40	8	120
145	1	8	76.3419315404388	36.3253554060917	50.879709972075	44.0186876066887	40	8	120
146	1	8	76.3419315404388	36.3253554060917	50.879709972075	44.0187513761739	40	8	120
147	1	8	76.3419315404388	36.3253554060917	50.879709972075	44.0188142780469	40	8	120
148	1	8	76.3419315404388	36.3253554060917	50.879709972075	44.0188763298947	40	8	120
149	1	8	76.3419315404388	36.3253554060917	50.879709972075	44.0189375488318	40	8	120
150	1	8	76.3419315404388	36.3253554060917	50.879709972075	44.0189979515163	40	8	120
151	1	8	76.3419315404388	36.3253554060917	50.879709972075	44.0190575541653	40	8	120
152	1	8	76.3419315404388	36.3253554060917	50.879709972075	44.019116372569	40	8	114
153	1	8	76.3419315404388	36.3253554060917	50.879709972075	44.0191744221046	40	8	120
154	1	8	76.3419315404388	36.3253554060917	50.879709972075	44.0192317177501	40	8	120
155	1	8	76.3419315404388	36.3253554060917	50.879709972075	44.019288274097	40	8	120
156	1	8	76.3419315404388	36.3253554060917	50.879709972075	44.0193441053625	40	8	120
157	1	8	76.3419315404388	36.3253554060917	50.879709972075	44.0193992254017	40	8	120
158	1	8	76.3419315404388	36.3253554060917	50.879709972075	44.0194536477189	40	8	120
159	1	8	76.3419315404388	36.3253554060917	50.879709972075	44.0195073854786	40	8	120
160	1	8	76.3419315404388	36.3253554060917	50.879709972075	44.0195604515163	40	8	120
161	1	8	76.3419315404388	36.3253554060917	50.879709972075	44.0196128583486	40	8	120
162	1	8	76.3419315404388	36.3253554060917	50.879709972075	44.019664618183	40	8	120
163	1	8	76.3419315404388	36.3253554060917	50.879709972075	44.0197157429274	40	8	120
164	1	8	76.3419315404388	36.3253554060917	50.879709972075	44.0197662441993	40	8	120
165	1	8	76.3419315404388	36.3253554060917	50.879709972075	44.0198161333345	40	8	120
166	1	8	76.3419315404388	36.3253554060917	50.879709972075	44.0198654213958	40	8	120
167	1	8	76.3419315404388	36.3253554060917	50.879709972075	44.019914119181	40	8	120
168	1	8	76.3419315404388	36.3253554060917	50.879709972075	44.0199622372306	40	8	120
169	1	8	76.3419315404388	36.3253554060917	50.879709972075	44.0200097858359	40	8	114
170	1	8	76.3419315404388	36.3253554060917	50.879709972075	44.0200567750457	40	8	120
171	1	8	76.3419315404388	36.3253554060917	50.879709972075	44.0201032146742	40	8	120
172	1	8	76.3419315404388	36.3253554060917	50.879709972075	44.020149114307	40	8	120
173	1	8	76.3419315404388	36.3253554060917	50.879709972075	44.0201944833082	40	8	120
174	1	8	76.3419315404388	36.3253554060917	50.879709972075	44.0202393308267	40	8	120
175	1	8	76.3419315404388	36.3253554060917	50.879709972075	44.020283665802	40	8	120
176	1	8	76.3419315404388	36.3253554060917	50.879709972075	44.0203274969709	40	8	120
177	1	8	76.3419315404388	36.3253554060917	50.879709972075	44.0203708328723	40	8	120
178	1	8	76.3419315404388	36.3253554060917	50.879709972075	44.0204136818534	40	8	120
179	1	8	76.3419315404388	36.3253554060917	50.879709972075	44.020456052075	40	8	114
180	1	8	76.3419315404388	36.3253554060917	50.879709972075	44.0204979515163	40	8	120
181	1	8	76.3419315404388	36.3253554060917	50.879709972075	44.0205393879804	40	8	120
182	1	8	76.3419315404388	36.3253554060917	50.879709972075	44.0205803690988	40	8	120
183	1	8	76.3419315404388	36.3253554060917	50.879709972075	44.020620902336	40	8	120
184	1	8	76.3419315404388	36.3253554060917	50.879709972075	44.0206609949946	40	8	120
185	1	8	76.3419315404388	36.3253554060917	50.879709972075	44.020700654219	40	8	114
186	1	8	76.3419315404388	36.3253554060917	50.879709972075	44.0207398870002	40	8	120
187	1	8	76.3419315404388	36.3253554060917	50.879709972075	44.0207787001794	40	8	120
188	1	8	76.3419315404388	36.3253554060917	50.879709972075	44.0208171004525	40	8	120
189	1	8	76.3419315404388	36.3253554060917	50.879709972075	44.0208550943735	40	8	120
190	1	8	76.3419315404388	36.3253554060917	50.879709972075	44.0208926883584	40	8	120
191	1	8	76.3419315404388	36.3253554060917	50.879709972075	44.0209298886891	40	8	120
192	1	8	76.3419315404388	36.3253554060917	50.879709972075	44.0209667015163	40	8	120
193	1	8	76.3419315404388	36.3253554060917	50.879709972075	44.0210031328635	40	8	120
194	1	8	76.3419315404388	36.3253554060917	50.879709972075	44.0210391886297	40	8	120
195	1	8	76.3419315404388	36.3253554060917	50.879709972075	44.0210748745933	40	8	120
196	1	8	76.3419315404388	36.3253554060917	50.879709972075	44.0211101964143	40	8	120
197	1	8	76.3419315404388	36.3253554060917	50.879709972075	44.0211451596382	40	8	120
198	1	8	76.3419315404388	36.3253554060917	50.879709972075	44.0211797696982	40	8	120
199	1	8	76.3419315404388	36.3253554060917	50.879709972075	44.0212140319183	40	8	120
200	1	8	76.3419315404388	36.3253554060917	50.879709972075	44.0212479515163	40	8	120
201	1	8	76.3419315404388	36.3253554060917	50.879709972075	44.0212815336059	40	8	120
202	1	8	76.3419315404388	36.3253554060917	50.879709972075	44.0213147831995	40	8	120
203	1	8	76.3419315404388	36.3253554060917	50.879709972075	44.0213477052109	40	8	114
204	1	8	76.3419315404388	36.3253554060917	50.879709972075	44.0213803044575	40	8	120
205	1	8	76.3419315404388	36.3253554060917	50.879709972075	44.0214125856627	40	8	114
206	1	8	76.3419315404388	36.3253554060917	50.879709972075	44.0214445534581	40	8	120
207	1	8	76.3419315404388	36.3253554060917	50.879709972075	44.0214762123859	40	8	120
208	1	8	76.3419315404388	36.3253554060917	50.879709972075	44.021507566901	40	8	114
209	1	8	76.3419315404388	36.3253554060917	50.879709972075	44.0215386213728	40	8	120
210	1	8	76.3419315404388	36.3253554060917	50.879709972075	44.0215693800878	40	8	120
211	1	8	76.3419315404388	36.3253554060917	50.879709972075	44.0215998472509	40	8	120
212	1	8	76.3419315404388	36.3253554060917	50.879709972075	44.021630026988	40	8	120
213	1	8	76.3419315404388	36.3253554060917	50.879709972075	44.0216599233473	40	8	120
214	1	8	76.3419315404388	36.3253554060917	50.879709972075	44.0216895403014	40	8	120
215	1	8	76.3419315404388	36.3253554060917	50.879709972075	44.0217188817489	40	8	120
216	1	8	76.3419315404388	36.3253554060917	50.879709972075	44.0217479515163	40	8	120
217	1	8	76.3419315404388	36.3253554060917	50.879709972075	44.0217767533597	40	8	114
218	1	8	76.3419315404388	36.3253554060917	50.879709972075	44.0218052909659	40	8	120
219	1	8	76.3419315404388	36.3253554060917	50.879709972075	44.0218335679547	40	8	120
220	1	8	76.3419315404388	36.3253554060917	50.879709972075	44.02186158788	40	8	120
221	1	8	76.3419315404388	36.3253554060917	50.879709972075	44.0218893542313	40	8	120
222	1	8	76.3419315404388	36.3253554060917	50.879709972075	44.0219168704352	40	8	120
223	1	8	76.3419315404388	36.3253554060917	50.879709972075	44.0219441398571	40	8	120
224	1	8	76.3419315404388	36.3253554060917	50.879709972075	44.021971165802	40	8	120
225	1	8	76.3419315404388	36.3253554060917	50.879709972075	44.0219979515163	40	8	120
226	1	8	76.3419315404388	36.3253554060917	50.879709972075	44.0220245001889	40	8	120
227	1	8	76.3419315404388	36.3253554060917	50.879709972075	44.0220508149525	40	8	120
228	1	8	76.3419315404388	36.3253554060917	50.879709972075	44.0220768988848	40	8	120
229	1	8	76.3419315404388	36.3253554060917	50.879709972075	44.0221027550098	40	8	120
230	1	8	76.3419315404388	36.3253554060917	50.879709972075	44.0221283862989	40	8	120
231	1	8	76.3419315404388	36.3253554060917	50.879709972075	44.0221537956722	40	8	120
232	1	8	76.3419315404388	36.3253554060917	50.879709972075	44.0221789859991	40	8	120
233	1	8	76.3419315404388	36.3253554060917	50.879709972075	44.0222039601	40	8	120
234	1	8	76.3419315404388	36.3253554060917	50.879709972075	44.0222287207471	40	8	120
235	1	8	76.3419315404388	36.3253554060917	50.879709972075	44.0222532706653	40	8	120
236	1	8	76.3419315404388	36.3253554060917	50.879709972075	44.0222776125333	40	8	120
237	1	8	76.3419315404388	36.3253554060917	50.879709972075	44.0223017489847	40	8	120
238	1	8	76.3419315404388	36.3253554060917	50.879709972075	44.0223256826088	40	8	120
239	1	8	76.3419315404388	36.3253554060917	50.879709972075	44.0223494159515	40	8	120
240	1	8	76.3419315404388	36.3253554060917	50.879709972075	44.0223729515163	40	8	120
241	1	8	76.3419315404388	36.3253554060917	50.879709972075	44.0223962917653	40	8	120
242	1	8	76.3419315404388	36.3253554060917	50.879709972075	44.0224194391196	40	8	114
243	1	8	76.3419315404388	36.3253554060917	50.879709972075	44.0224423959608	40	8	114
244	1	8	76.3419315404388	36.3253554060917	50.879709972075	44.0224651646311	40	8	114
245	1	8	76.3419315404388	36.3253554060917	50.879709972075	44.0224877474347	40	8	114
246	1	8	76.3419315404388	36.3253554060917	50.879709972075	44.0225101466383	40	8	114
247	1	8	76.3419315404388	36.3253554060917	50.879709972075	44.0225323644718	40	8	114
248	1	8	76.3419315404388	36.3253554060917	50.879709972075	44.0225544031292	40	8	114
249	1	8	76.3419315404388	36.3253554060917	50.879709972075	44.0225762647693	40	8	114
250	1	8	76.3419315404388	36.3253554060917	50.879709972075	44.0225979515163	40	8	114
251	1	8	76.3419315404388	36.3253554060917	50.879709972075	44.0226194654606	40	8	120
252	1	8	76.3419315404388	36.3253554060917	50.879709972075	44.0226408086592	40	8	120
253	1	8	76.3419315404388	36.3253554060917	50.879709972075	44.0226619831369	40	8	120
254	1	8	76.3419315404388	36.3253554060917	50.879709972075	44.0226829908864	40	8	120
255	1	8	76.3419315404388	36.3253554060917	50.879709972075	44.0227038338693	40	8	120
256	1	8	76.3419315404388	36.3253554060917	50.879709972075	44.0227245140163	40	8	120
257	1	8	76.3419315404388	36.3253554060917	50.879709972075	44.0227450332284	40	8	120
258	1	8	76.3419315404388	36.3253554060917	50.879709972075	44.0227653933768	40	8	120
259	1	8	76.3419315404388	36.3253554060917	50.879709972075	44.022785596304	40	8	120
260	1	8	76.3419315404388	36.3253554060917	50.879709972075	44.022805643824	40	8	120
261	1	8	76.3419315404388	36.3253554060917	50.879709972075	44.0228255377232	40	8	120
262	1	8	76.3419315404388	36.3253554060917	50.879709972075	44.0228452797606	40	8	114
263	1	8	76.3419315404388	36.3253554060917	50.879709972075	44.0228648716684	40	8	120
264	1	8	76.3419315404388	36.3253554060917	50.879709972075	44.0228843151527	40	8	114
265	1	8	76.3419315404388	36.3253554060917	50.879709972075	44.0229036118937	40	8	120
266	1	8	76.3419315404388	36.3253554060917	50.879709972075	44.0229227635464	40	8	120
267	1	8	76.3419315404388	36.3253554060917	50.879709972075	44.0229417717411	40	8	120
268	1	8	76.3419315404388	36.3253554060917	50.879709972075	44.0229606380835	40	8	120
269	1	8	76.3419315404388	36.3253554060917	50.879709972075	44.0229793641557	40	8	120
270	1	8	76.3419315404388	36.3253554060917	50.879709972075	44.0229979515163	40	8	120
271	1	8	76.3419315404388	36.3253554060917	50.879709972075	44.0230164017008	40	8	114
272	1	8	76.3419315404388	36.3253554060917	50.879709972075	44.0230347162222	40	8	120
273	1	8	76.3419315404388	36.3253554060917	50.879709972075	44.0230528965713	40	8	114
274	1	8	76.3419315404388	36.3253554060917	50.879709972075	44.0230709442171	40	8	120
275	1	8	76.3419315404388	36.3253554060917	50.879709972075	44.0230888606072	40	8	120
276	1	8	76.3419315404388	36.3253554060917	50.879709972075	44.0231066471685	40	8	120
277	1	8	76.3419315404388	36.3253554060917	50.879709972075	44.0231243053069	40	8	114
278	1	8	76.3419315404388	36.3253554060917	50.879709972075	44.0231418364084	40	8	120
279	1	8	76.3419315404388	36.3253554060917	50.879709972075	44.0231592418389	40	8	114
280	1	8	76.3419315404388	36.3253554060917	50.879709972075	44.0231765229449	40	8	120
281	1	8	76.3419315404388	36.3253554060917	50.879709972075	44.0231936810537	40	8	120
282	1	8	76.3419315404388	36.3253554060917	50.879709972075	44.0232107174738	40	8	120
283	1	8	76.3419315404388	36.3253554060917	50.879709972075	44.0232276334951	40	8	120
284	1	8	76.3419315404388	36.3253554060917	50.879709972075	44.0232444303896	40	8	120
285	1	8	76.3419315404388	36.3253554060917	50.879709972075	44.0232611094111	40	8	120
286	1	8	76.3419315404388	36.3253554060917	50.879709972075	44.0232776717961	40	8	120
287	1	8	76.3419315404388	36.3253554060917	50.879709972075	44.0232941187637	40	8	120
288	1	8	76.3419315404388	36.3253554060917	50.879709972075	44.0233104515163	40	8	120
289	1	8	76.3419315404388	36.3253554060917	50.879709972075	44.0233266712395	40	8	120
290	1	8	76.3419315404388	36.3253554060917	50.879709972075	44.0233427791025	40	8	120
291	1	8	76.3419315404388	36.3253554060917	50.879709972075	44.0233587762586	40	8	120
292	1	8	76.3419315404388	36.3253554060917	50.879709972075	44.0233746638451	40	8	120
293	1	8	76.3419315404388	36.3253554060917	50.879709972075	44.0233904429839	40	8	120
294	1	8	76.3419315404388	36.3253554060917	50.879709972075	44.0234061147816	40	8	120
295	1	8	76.3419315404388	36.3253554060917	50.879709972075	44.0234216803299	40	8	120
296	1	8	76.3419315404388	36.3253554060917	50.879709972075	44.0234371407055	40	8	114
297	1	8	76.3419315404388	36.3253554060917	50.879709972075	44.0234524969709	40	8	120
298	1	8	76.3419315404388	36.3253554060917	50.879709972075	44.023467750174	40	8	120
299	1	8	76.3419315404388	36.3253554060917	50.879709972075	44.0234829013491	40	8	120
300	1	8	76.3419315404388	36.3253554060917	50.879709972075	44.0234979515163	40	8	120
301	1	8	76.3419315404388	36.3253554060917	50.879709972075	44.0235129016824	40	8	120
302	1	8	76.3419315404388	36.3253554060917	50.879709972075	44.0235277528408	40	8	120
303	1	8	76.3419315404388	36.3253554060917	50.879709972075	44.0235425059718	40	8	120
304	1	8	76.3419315404388	36.3253554060917	50.879709972075	44.0235571620426	40	8	120
305	1	8	76.3419315404388	36.3253554060917	50.879709972075	44.0235717220081	40	8	120
306	1	8	76.3419315404388	36.3253554060917	50.879709972075	44.0235861868104	40	8	120
307	1	8	76.3419315404388	36.3253554060917	50.879709972075	44.0236005573795	40	8	120
308	1	8	76.3419315404388	36.3253554060917	50.879709972075	44.0236148346332	40	8	114
309	1	8	76.3419315404388	36.3253554060917	50.879709972075	44.0236290194775	40	8	114
310	1	8	76.3419315404388	36.3253554060917	50.879709972075	44.0236431128067	40	8	120
311	1	8	76.3419315404388	36.3253554060917	50.879709972075	44.0236571155035	40	8	114
312	1	8	76.3419315404388	36.3253554060917	50.879709972075	44.0236710284394	40	8	120
313	1	8	76.3419315404388	36.3253554060917	50.879709972075	44.0236848524748	40	8	114
314	1	8	76.3419315404388	36.3253554060917	50.879709972075	44.023698588459	40	8	120
315	1	8	76.3419315404388	36.3253554060917	50.879709972075	44.0237122372306	40	8	120
316	1	8	76.3419315404388	36.3253554060917	50.879709972075	44.0237257996176	40	8	120
317	1	8	76.3419315404388	36.3253554060917	50.879709972075	44.0237392764375	40	8	120
318	1	8	76.3419315404388	36.3253554060917	50.879709972075	44.0237526684975	40	8	120
319	1	8	76.3419315404388	36.3253554060917	50.879709972075	44.0237659765947	40	8	120
320	1	8	76.3419315404388	36.3253554060917	50.879709972075	44.0237792015163	40	8	120
321	1	8	76.3419315404388	36.3253554060917	50.879709972075	44.0237923440397	40	8	120
322	1	8	76.3419315404388	36.3253554060917	50.879709972075	44.0238054049325	40	8	120
323	1	8	76.3419315404388	36.3253554060917	50.879709972075	44.0238183849529	40	8	120
324	1	8	76.3419315404388	36.3253554060917	50.879709972075	44.0238312848497	40	8	120
325	1	8	76.3419315404388	36.3253554060917	50.879709972075	44.0238441053625	40	8	120
326	1	8	76.3419315404388	36.3253554060917	50.879709972075	44.0238568472219	40	8	120
327	1	8	76.3419315404388	36.3253554060917	50.879709972075	44.0238695111494	40	8	120
328	1	8	76.3419315404388	36.3253554060917	50.879709972075	44.0238820978578	40	8	120
329	1	8	76.3419315404388	36.3253554060917	50.879709972075	44.0238946080513	40	8	120
330	1	8	76.3419315404388	36.3253554060917	50.879709972075	44.0239070424254	40	8	120
331	1	8	76.3419315404388	36.3253554060917	50.879709972075	44.0239194016674	40	8	120
332	1	8	76.3419315404388	36.3253554060917	50.879709972075	44.0239316864561	40	8	120
333	1	8	76.3419315404388	36.3253554060917	50.879709972075	44.0239438974623	40	8	120
334	1	8	76.3419315404388	36.3253554060917	50.879709972075	44.0239560353487	40	8	120
335	1	8	76.3419315404388	36.3253554060917	50.879709972075	44.0239681007701	40	8	120
336	1	8	76.3419315404388	36.3253554060917	50.879709972075	44.0239800943735	40	8	120
337	1	8	76.3419315404388	36.3253554060917	50.879709972075	44.0239920167982	40	8	120
338	1	8	76.3419315404388	36.3253554060917	50.879709972075	44.0240038686761	40	8	120
339	1	8	76.3419315404388	36.3253554060917	50.879709972075	44.0240156506314	40	8	120
340	1	8	76.3419315404388	36.3253554060917	50.879709972075	44.024027363281	40	8	120
341	1	8	76.3419315404388	36.3253554060917	50.879709972075	44.0240390072348	40	8	120
342	1	8	76.3419315404388	36.3253554060917	50.879709972075	44.0240505830953	40	8	120
343	1	8	76.3419315404388	36.3253554060917	50.879709972075	44.024062091458	40	8	114
344	1	8	76.3419315404388	36.3253554060917	50.879709972075	44.0240735329117	40	8	120
345	1	8	76.3419315404388	36.3253554060917	50.879709972075	44.0240849080381	40	8	114
346	1	8	76.3419315404388	36.3253554060917	50.879709972075	44.0240962174123	40	8	120
347	1	8	76.3419315404388	36.3253554060917	50.879709972075	44.0241074616028	40	8	120
348	1	8	76.3419315404388	36.3253554060917	50.879709972075	44.0241186411715	40	8	120
349	1	8	76.3419315404388	36.3253554060917	50.879709972075	44.0241297566739	40	8	120
350	1	8	76.3419315404388	36.3253554060917	50.879709972075	44.0241408086592	40	8	120
351	1	8	76.3419315404388	36.3253554060917	50.879709972075	44.0241517976702	40	8	120
352	1	8	76.3419315404388	36.3253554060917	50.879709972075	44.0241627242436	40	8	120
353	1	8	76.3419315404388	36.3253554060917	50.879709972075	44.0241735889101	40	8	120
354	1	8	76.3419315404388	36.3253554060917	50.879709972075	44.0241843921943	40	8	120
355	1	8	76.3419315404388	36.3253554060917	50.879709972075	44.0241951346149	40	8	120
356	1	8	76.3419315404388	36.3253554060917	50.879709972075	44.0242058166849	40	8	120
357	1	8	76.3419315404388	36.3253554060917	50.879709972075	44.0242164389113	40	8	120
358	1	8	76.3419315404388	36.3253554060917	50.879709972075	44.0242270017957	40	8	120
359	1	8	76.3419315404388	36.3253554060917	50.879709972075	44.0242375058339	40	8	120
360	1	8	76.3419315404388	36.3253554060917	50.879709972075	44.0242479515163	40	8	120
361	1	8	76.3419315404388	36.3253554060917	50.879709972075	44.024258339328	40	8	120
362	1	8	76.3419315404388	36.3253554060917	50.879709972075	44.0242686697484	40	8	120
363	1	8	76.3419315404388	36.3253554060917	50.879709972075	44.0242789432519	40	8	120
364	1	8	76.3419315404388	36.3253554060917	50.879709972075	44.0242891603075	40	8	120
365	1	8	76.3419315404388	36.3253554060917	50.879709972075	44.0242993213793	40	8	120
366	1	8	76.3419315404388	36.3253554060917	50.879709972075	44.0243094269262	40	8	114
367	1	8	76.3419315404388	36.3253554060917	50.879709972075	44.0243194774019	40	8	120
368	1	8	76.3419315404388	36.3253554060917	50.879709972075	44.0243294732555	40	8	120
369	1	8	76.3419315404388	36.3253554060917	50.879709972075	44.024339414931	40	8	120
370	1	8	76.3419315404388	36.3253554060917	50.879709972075	44.0243493028677	40	8	120
371	1	8	76.3419315404388	36.3253554060917	50.879709972075	44.0243591375002	40	8	120
372	1	8	76.3419315404388	36.3253554060917	50.879709972075	44.0243689192583	40	8	120
373	1	8	76.3419315404388	36.3253554060917	50.879709972075	44.0243786485673	40	8	120
374	1	8	76.3419315404388	36.3253554060917	50.879709972075	44.0243883258479	0	8	120
375	1	8	76.3419315404388	36.3253554060917	50.879709972075	44.0243979515163	0	8	120
376	1	8	76.3419315404388	36.3253554060917	50.879709972075	44.0244075259844	0	8	120
377	1	8	76.3419315404388	36.3253554060917	50.879709972075	44.0244170496596	0	8	120
378	1	8	76.3419315404388	36.3253554060917	50.879709972075	44.0244265229449	0	8	120
379	1	8	76.3419315404388	36.3253554060917	50.879709972075	44.0244359462393	0	8	120
380	1	8	76.3419315404388	36.3253554060917	50.879709972075	44.0244453199374	0	8	120
381	1	8	76.3419315404388	36.3253554060917	50.879709972075	44.0244546444297	0	8	120
382	1	8	76.3419315404388	36.3253554060917	50.879709972075	44.0244639201027	0	8	120
383	1	8	76.3419315404388	36.3253554060917	50.879709972075	44.0244731473388	0	8	114
384	1	8	76.3419315404388	36.3253554060917	50.879709972075	44.0244823265163	0	8	120
385	1	8	76.3419315404388	36.3253554060917	50.879709972075	44.0244914580098	0	8	114
386	1	8	76.3419315404388	36.3253554060917	50.879709972075	44.0245005421899	0	8	114
387	1	8	76.3419315404388	36.3253554060917	50.879709972075	44.0245095794233	0	8	114
388	1	8	76.3419315404388	36.3253554060917	50.879709972075	44.024518570073	0	8	114
389	1	8	76.3419315404388	36.3253554060917	50.879709972075	44.0245275144983	0	8	120
390	1	8	76.3419315404388	36.3253554060917	50.879709972075	44.0245364130548	0	8	114
391	1	8	76.3419315404388	36.3253554060917	50.879709972075	44.0245452660943	0	8	120
392	1	8	76.3419315404388	36.3253554060917	50.879709972075	44.0245540739653	0	8	120
393	1	8	76.3419315404388	36.3253554060917	50.879709972075	44.0245628370125	0	8	120
394	1	8	76.3419315404388	36.3253554060917	50.879709972075	44.0245715555772	0	8	120
395	1	8	76.3419315404388	36.3253554060917	50.879709972075	44.0245802299973	0	8	120
396	1	8	76.3419315404388	36.3253554060917	50.879709972075	44.0245888606072	0	8	120
397	1	8	76.3419315404388	36.3253554060917	50.879709972075	44.024597447738	0	8	120
398	1	8	76.3419315404388	36.3253554060917	50.879709972075	44.0246059917173	0	8	120
399	1	8	76.3419315404388	36.3253554060917	50.879709972075	44.0246144928697	0	8	114
400	1	8	76.3419315404388	36.3253554060917	50.879709972075	44.0246229515163	0	8	120
401	1	8	76.3419315404388	36.3253554060917	50.879709972075	44.0246313679752	0	8	120
402	1	8	76.3419315404388	36.3253554060917	50.879709972075	44.0246397425611	0	8	120
403	1	8	76.3419315404388	36.3253554060917	50.879709972075	44.0246480755858	0	8	120
404	1	8	76.3419315404388	36.3253554060917	50.879709972075	44.0246563673579	0	8	114
405	1	8	76.3419315404388	36.3253554060917	50.879709972075	44.024664618183	0	8	120
406	1	8	76.3419315404388	36.3253554060917	50.879709972075	44.0246728283636	0	8	120
407	1	8	76.3419315404388	36.3253554060917	50.879709972075	44.0246809981994	0	8	120
408	1	8	76.3419315404388	36.3253554060917	50.879709972075	44.0246891279869	0	8	114
409	1	8	76.3419315404388	36.3253554060917	50.879709972075	44.02469721802	0	8	114
410	1	8	76.3419315404388	36.3253554060917	50.879709972075	44.0247052685895	0	8	114
411	1	8	76.3419315404388	36.3253554060917	50.879709972075	44.0247132799835	0	8	120
412	1	8	76.3419315404388	36.3253554060917	50.879709972075	44.0247212524872	0	8	120
413	1	8	76.3419315404388	36.3253554060917	50.879709972075	44.0247291863832	0	8	120
414	1	8	76.3419315404388	36.3253554060917	50.879709972075	44.0247370819511	0	8	120
415	1	8	76.3419315404388	36.3253554060917	50.879709972075	44.0247449394681	0	8	120
416	1	8	76.3419315404388	36.3253554060917	50.879709972075	44.0247527592086	0	8	120
417	1	8	76.3419315404388	36.3253554060917	50.879709972075	44.0247605414444	0	8	120
418	1	8	76.3419315404388	36.3253554060917	50.879709972075	44.0247682864446	0	8	120
419	1	8	76.3419315404388	36.3253554060917	50.879709972075	44.0247759944758	0	8	114
420	1	8	76.3419315404388	36.3253554060917	50.879709972075	44.024783665802	0	8	114
421	1	8	76.3419315404388	36.3253554060917	50.879709972075	44.024791300685	0	8	120
422	1	8	76.3419315404388	36.3253554060917	50.879709972075	44.0247988993836	0	8	120
423	1	8	76.3419315404388	36.3253554060917	50.879709972075	44.0248064621546	0	8	120
424	1	8	76.3419315404388	36.3253554060917	50.879709972075	44.0248139892522	0	8	120
425	1	8	76.3419315404388	36.3253554060917	50.879709972075	44.0248214809281	0	8	120
426	1	8	76.3419315404388	36.3253554060917	50.879709972075	44.0248289374318	0	8	120
427	1	8	76.3419315404388	36.3253554060917	50.879709972075	44.0248363590105	0	8	120
428	1	8	76.3419315404388	36.3253554060917	50.879709972075	44.0248437459089	0	8	120
429	1	8	76.3419315404388	36.3253554060917	50.879709972075	44.0248510983695	0	8	120
430	1	8	76.3419315404388	36.3253554060917	50.879709972075	44.0248584166326	0	8	114
431	1	8	76.3419315404388	36.3253554060917	50.879709972075	44.0248657009363	0	8	120
432	1	8	76.3419315404388	36.3253554060917	50.879709972075	44.0248729515163	0	8	120
433	1	8	76.3419315404388	36.3253554060917	50.879709972075	44.0248801686064	0	8	120
434	1	8	76.3419315404388	36.3253554060917	50.879709972075	44.024887352438	0	8	120
435	1	8	76.3419315404388	36.3253554060917	50.879709972075	44.0248945032405	0	8	120
436	1	8	76.3419315404388	36.3253554060917	50.879709972075	44.0249016212411	0	8	114
437	1	8	76.3419315404388	36.3253554060917	50.879709972075	44.0249087066651	0	8	120
438	1	8	76.3419315404388	36.3253554060917	50.879709972075	44.0249157597355	0	8	114
439	1	8	76.3419315404388	36.3253554060917	50.879709972075	44.0249227806735	0	8	120
440	1	8	76.3419315404388	36.3253554060917	50.879709972075	44.0249297696981	0	8	120
441	1	8	76.3419315404388	36.3253554060917	50.879709972075	44.0249367270265	0	8	114
442	1	8	76.3419315404388	36.3253554060917	50.879709972075	44.0249436528738	0	8	114
443	1	8	76.3419315404388	36.3253554060917	50.879709972075	44.0249505474531	0	8	114
444	1	8	76.3419315404388	36.3253554060917	50.879709972075	44.0249574109758	0	8	114
445	1	8	76.3419315404388	36.3253554060917	50.879709972075	44.0249642436512	0	8	114
446	1	8	76.3419315404388	36.3253554060917	50.879709972075	44.0249710456867	0	8	120
447	1	8	76.3419315404388	36.3253554060917	50.879709972075	44.0249778172881	0	8	120
448	1	8	76.3419315404388	36.3253554060917	50.879709972075	44.0249845586592	0	8	120
449	1	8	76.3419315404388	36.3253554060917	50.879709972075	44.0249912700019	0	8	120
450	1	8	76.3419315404388	36.3253554060917	50.879709972075	44.0249979515163	0	8	120
451	1	8	76.3419315404388	36.3253554060917	50.879709972075	44.025004603401	0	8	114
452	1	8	76.3419315404388	36.3253554060917	50.879709972075	44.0250112258526	0	8	114
453	1	8	76.3419315404388	36.3253554060917	50.879709972075	44.025017819066	0	8	114
454	1	8	76.3419315404388	36.3253554060917	50.879709972075	44.0250243832344	0	8	114
455	1	8	76.3419315404388	36.3253554060917	50.879709972075	44.0250309185493	0	8	114
456	1	8	76.3419315404388	36.3253554060917	50.879709972075	44.0250374252005	0	8	114
457	1	8	76.3419315404388	36.3253554060917	50.879709972075	44.0250439033763	0	8	114
458	1	8	76.3419315404388	36.3253554060917	50.879709972075	44.0250503532631	0	8	114
459	1	8	76.3419315404388	36.3253554060917	50.879709972075	44.0250567750457	0	8	114
460	1	8	76.3419315404388	36.3253554060917	50.879709972075	44.0250631689076	0	8	114
461	1	8	76.3419315404388	36.3253554060917	50.879709972075	44.0250695350304	0	8	114
462	1	8	76.3419315404388	36.3253554060917	50.879709972075	44.0250758735943	0	8	114
463	1	8	76.3419315404388	36.3253554060917	50.879709972075	44.0250821847777	0	8	114
464	1	8	76.3419315404388	36.3253554060917	50.879709972075	44.0250884687577	0	8	114
465	1	8	76.3419315404388	36.3253554060917	50.879709972075	44.0250947257099	0	8	114
466	1	8	76.3419315404388	36.3253554060917	50.879709972075	44.0251009558082	0	8	114
467	1	8	76.3419315404388	36.3253554060917	50.879709972075	44.0251071592251	0	8	114
468	1	8	76.3419315404388	36.3253554060917	50.879709972075	44.0251133361317	0	8	114
469	1	8	76.3419315404388	36.3253554060917	50.879709972075	44.0251194866976	0	8	114
470	1	8	76.3419315404388	36.3253554060917	50.879709972075	44.0251256110908	0	8	114
471	1	8	76.3419315404388	36.3253554060917	50.879709972075	44.0251317094781	0	8	114
472	1	8	76.3419315404388	36.3253554060917	50.879709972075	44.0251377820248	0	8	114
473	1	8	76.3419315404388	36.3253554060917	50.879709972075	44.0251438288948	0	8	114
474	1	8	76.3419315404388	36.3253554060917	50.879709972075	44.0251498502505	0	8	114
475	1	8	76.3419315404388	36.3253554060917	50.879709972075	44.0251558462532	0	8	114
476	1	8	76.3419315404388	36.3253554060917	50.879709972075	44.0251618170626	0	8	114
477	1	8	76.3419315404388	36.3253554060917	50.879709972075	44.0251677628371	0	8	114
478	1	8	76.3419315404388	36.3253554060917	50.879709972075	44.0251736837339	0	8	114
479	1	8	76.3419315404388	36.3253554060917	50.879709972075	44.0251795799088	0	8	114
480	1	8	76.3419315404388	36.3253554060917	50.879709972075	44.0251854515163	0	8	114
481	1	8	76.3419315404388	36.3253554060917	50.879709972075	44.0251912987097	0	8	114
482	1	8	76.3419315404388	36.3253554060917	50.879709972075	44.0251971216408	0	8	114
483	1	8	76.3419315404388	36.3253554060917	50.879709972075	44.0252029204604	0	8	114
484	1	8	76.3419315404388	36.3253554060917	50.879709972075	44.025208695318	0	8	114
485	1	8	76.3419315404388	36.3253554060917	50.879709972075	44.0252144463617	0	8	114
486	1	8	76.3419315404388	36.3253554060917	50.879709972075	44.0252201737386	0	8	114
487	1	8	76.3419315404388	36.3253554060917	50.879709972075	44.0252258775944	0	8	114
488	1	8	76.3419315404388	36.3253554060917	50.879709972075	44.0252315580737	0	8	114
489	1	8	76.3419315404388	36.3253554060917	50.879709972075	44.02523721532	0	8	114
490	1	8	76.3419315404388	36.3253554060917	50.879709972075	44.0252428494755	0	8	114
491	1	8	76.3419315404388	36.3253554060917	50.879709972075	44.0252484606813	0	8	114
492	1	8	76.3419315404388	36.3253554060917	50.879709972075	44.0252540490773	0	8	114
493	1	8	76.3419315404388	36.3253554060917	50.879709972075	44.0252596148023	0	8	114
494	1	8	76.3419315404388	36.3253554060917	50.879709972075	44.0252651579941	0	8	114
495	1	8	76.3419315404388	36.3253554060917	50.879709972075	50.3615666802215	0	8	8
496	1	8	76.3419315404388	36.3253554060917	50.879709972075	44.0252761773228	0	8	114
497	1	8	76.3419315404388	36.3253554060917	50.879709972075	44.0252816537296	0	8	114
498	1	8	76.3419315404388	36.3253554060917	50.879709972075	44.0252871081428	0	8	114
499	1	8	76.3419315404388	36.3253554060917	50.879709972075	44.0252925406947	0	8	114
500	1	8	76.3419315404388	36.3253554060917	50.879709972075	44.0252979515163	0	8	114
501	1	8	76.3419315404388	36.3253554060917	50.879709972075	44.0253033407379	0	8	114
502	1	8	76.3419315404388	36.3253554060917	50.879709972075	44.0253087084884	0	8	114
503	1	8	76.3419315404388	36.3253554060917	50.879709972075	44.0253140548961	0	8	114
504	1	8	76.3419315404388	36.3253554060917	50.879709972075	44.0253193800878	0	8	114
505	1	8	76.3419315404388	36.3253554060917	50.879709972075	44.0253246841896	0	8	114
506	1	8	76.3419315404388	36.3253554060917	50.879709972075	44.0253299673266	0	8	114
507	1	8	76.3419315404388	36.3253554060917	50.879709972075	44.0253352296228	0	8	114
508	1	8	76.3419315404388	36.3253554060917	50.879709972075	44.0253404712014	0	8	114
509	1	8	76.3419315404388	36.3253554060917	50.879709972075	44.0253456921843	0	8	114
510	1	8	76.3419315404388	36.3253554060917	50.879709972075	44.0253508926928	0	8	114
511	1	8	76.3419315404388	36.3253554060917	50.879709972075	44.0253560728471	0	8	114
512	1	8	76.3419315404388	36.3253554060917	50.879709972075	44.0253612327663	0	8	114
513	1	8	76.3419315404388	36.3253554060917	50.879709972075	44.025366372569	0	8	114
514	1	8	76.3419315404388	36.3253554060917	50.879709972075	44.0253714923724	0	8	114
515	1	8	76.3419315404388	36.3253554060917	50.879709972075	44.025376592293	0	8	114
516	1	8	76.3419315404388	36.3253554060917	50.879709972075	44.0253816724466	0	8	114
517	1	8	76.3419315404388	36.3253554060917	50.879709972075	44.0253867329477	0	8	114
518	1	8	76.3419315404388	36.3253554060917	50.879709972075	44.0253917739102	0	8	114
519	1	8	76.3419315404388	36.3253554060917	50.879709972075	44.025396795447	0	8	114
520	1	8	76.3419315404388	36.3253554060917	50.879709972075	44.0254017976702	0	8	114
521	1	8	76.3419315404388	36.3253554060917	50.879709972075	44.025406780691	0	8	114
522	1	8	76.3419315404388	36.3253554060917	50.879709972075	44.0254117446198	0	8	114
523	1	8	76.3419315404388	36.3253554060917	50.879709972075	44.025416689566	0	8	114
524	1	8	76.3419315404388	36.3253554060917	50.879709972075	44.0254216156385	0	8	114
525	1	8	76.3419315404388	36.3253554060917	50.879709972075	44.0254265229449	0	8	114
526	1	8	76.3419315404388	36.3253554060917	50.879709972075	44.0254314115924	0	8	114
527	1	8	76.3419315404388	36.3253554060917	50.879709972075	44.0254362816871	0	8	114
528	1	8	76.3419315404388	36.3253554060917	50.879709972075	44.0254411333345	0	8	114
529	1	8	76.3419315404388	36.3253554060917	50.879709972075	44.0254459666392	0	8	114
530	1	8	76.3419315404388	36.3253554060917	50.879709972075	44.025450781705	0	8	114
531	1	8	76.3419315404388	36.3253554060917	50.879709972075	44.025455578635	0	8	114
532	1	8	76.3419315404388	36.3253554060917	50.879709972075	44.0254603575314	0	8	114
533	1	8	76.3419315404388	36.3253554060917	50.879709972075	44.0254651184957	0	8	114
534	1	8	76.3419315404388	36.3253554060917	50.879709972075	44.0254698616287	0	8	114
535	1	8	76.3419315404388	36.3253554060917	50.879709972075	44.0254745870304	0	8	114
536	1	8	76.3419315404388	36.3253554060917	50.879709972075	44.0254792947999	0	8	114
537	1	8	76.3419315404388	36.3253554060917	50.879709972075	44.0254839850359	0	8	114
538	1	8	76.3419315404388	36.3253554060917	50.879709972075	44.025488657836	0	8	114
