"Iteration #"	"Inertia"	"Number of features"	"CV best"	"Permuted CV best"	"Global best fitness"	"Current best fitness"	"Number of features in current best agent"	"Number of features in global best"	"Number of features in local best"
1	1	40	81.6564595199869	39.0829443490723	42.8426169289729	42.8426169289729	40	40	800
2	1	40	81.6564595199869	39.0829443490723	47.3426169289729	47.3426169289729	40	40	760
3	1	36	81.6564595199869	39.0829443490723	48.8426169289729	48.8426169289729	40	40	760
4	1	36	81.6564595199869	39.0829443490723	49.5926169289729	49.5926169289729	40	40	760
5	1	36	81.6564595199869	39.0829443490723	50.0426169289729	50.0426169289729	40	40	760
6	1	40	81.6564595199869	39.0829443490723	50.3426169289729	50.3426169289729	40	40	760
7	1	40	81.6564595199869	39.0829443490723	50.5569026432587	50.5569026432587	40	40	760
8	1	36	81.6564595199869	39.0829443490723	50.7176169289729	50.7176169289729	40	40	760
9	1	38	81.6564595199869	39.0829443490723	50.8426169289729	50.8426169289729	40	40	760
10	1	38	81.6564595199869	39.0829443490723	50.8426169289729	50.9426169289729	40	40	760
11	1	38	81.6564595199869	39.0829443490723	51.0244351107911	51.0244351107911	40	40	760
12	1	38	81.6564595199869	39.0829443490723	51.0244351107911	51.0926169289729	40	40	760
13	1	38	81.6564595199869	39.0829443490723	51.1503092366652	51.1503092366652	40	40	760
14	1	38	81.6564595199869	39.0829443490723	51.1503092366652	51.1997597861158	40	40	760
15	1	38	81.6564595199869	39.0829443490723	51.1503092366652	51.2426169289729	40	40	760
16	1	38	81.6564595199869	39.0829443490723	51.2801169289729	51.2801169289729	40	40	760
17	1	38	81.6564595199869	39.0829443490723	51.2801169289729	51.3132051642671	40	40	760
18	1	38	81.6564595199869	39.0829443490723	51.2801169289729	51.3426169289729	40	40	760
19	1	38	81.6564595199869	39.0829443490723	51.2801169289729	51.3689327184466	40	40	760
20	1	38	81.6564595199869	39.0829443490723	51.3926169289729	51.3926169289729	40	40	760
21	1	38	81.6564595199869	39.0829443490723	51.3926169289729	51.4140455004015	40	40	760
22	1	38	81.6564595199869	39.0829443490723	51.3926169289729	51.433526019882	40	40	760
23	1	38	81.6564595199869	39.0829443490723	51.3926169289729	51.4513125811469	40	40	760
24	1	38	81.6564595199869	39.0829443490723	51.3926169289729	51.4676169289729	40	40	760
25	1	38	81.6564595199869	39.0829443490723	51.3926169289729	51.4826169289729	40	40	760
26	1	38	81.6564595199869	39.0829443490723	51.4964630828191	51.4964630828191	40	40	760
27	1	38	81.6564595199869	39.0829443490723	51.4964630828191	51.5092835956396	40	40	760
28	1	38	81.6564595199869	39.0829443490723	51.4964630828191	51.5211883575444	40	40	760
29	1	38	81.6564595199869	39.0829443490723	51.4964630828191	51.5322721013867	40	40	760
30	1	38	81.6564595199869	39.0829443490723	51.4964630828191	51.5426169289729	40	40	760
31	1	38	81.6564595199869	39.0829443490723	51.4964630828191	51.5522943483278	40	40	760
32	1	38	81.6564595199869	39.0829443490723	51.4964630828191	51.5613669289729	40	40	760
33	1	38	81.6564595199869	39.0829443490723	51.4964630828191	51.5698896562457	40	40	760
34	1	38	81.6564595199869	39.0829443490723	51.4964630828191	51.57791104662	40	40	760
35	1	38	81.6564595199869	39.0829443490723	51.4964630828191	51.5854740718301	40	40	760
36	1	38	81.6564595199869	39.0829443490723	51.4964630828191	51.5926169289729	40	40	760
37	1	38	81.6564595199869	39.0829443490723	51.5993736857297	51.5993736857297	40	40	760
38	1	38	81.6564595199869	39.0829443490723	51.5993736857297	51.6057748237098	40	40	760
39	1	38	81.6564595199869	39.0829443490723	51.5993736857297	51.6118476982037	40	40	760
40	1	38	81.6564595199869	39.0829443490723	51.5993736857297	51.6176169289729	40	40	760
41	1	38	81.6564595199869	39.0829443490723	51.5993736857297	51.623104733851	40	40	760
42	1	38	81.6564595199869	39.0829443490723	51.5993736857297	51.6283312146872	40	40	760
43	1	38	81.6564595199869	39.0829443490723	51.5993736857297	51.6333146033915	40	40	760
44	1	38	81.6564595199869	39.0829443490723	51.5993736857297	51.6380714744275	40	40	760
45	1	38	81.6564595199869	39.0829443490723	51.5993736857297	51.6426169289729	40	40	760
46	1	39	81.1128822939221	36.998724737154	52.7281268682019	52.7281268682019	40	39	39
47	1	39	81.1128822939221	36.998724737154	52.7281268682019	52.7321856101076	40	39	39
48	1	39	81.1128822939221	36.998724737154	52.7281268682019	52.7360752377671	40	39	39
49	1	39	81.1128822939221	36.998724737154	52.7281268682019	52.7398061051141	40	39	39
50	1	39	81.1128822939221	36.998724737154	52.7281268682019	52.7433877377671	40	39	39
51	1	39	81.1128822939221	36.998724737154	52.7281268682019	51.6661463407376	40	39	760
52	1	39	81.1128822939221	36.998724737154	52.7281268682019	51.669540005896	40	39	760
53	1	39	81.1128822939221	36.998724737154	52.7281268682019	51.7818629332834	40	39	39
54	1	39	81.1128822939221	36.998724737154	52.7281268682019	51.6759502623063	40	39	760
55	1	26	87.3309804556393	45.3279017260512	55.9984516082411	55.9984516082411	40	26	26
56	1	26	87.3309804556393	45.3279017260512	55.9984516082411	56.0003509588905	40	26	26
57	1	26	87.3309804556393	45.3279017260512	55.9984516082411	56.0021836656574	40	26	26
58	1	26	87.3309804556393	45.3279017260512	55.9984516082411	56.0039531756392	40	26	26
59	1	26	87.3309804556393	45.3279017260512	55.9984516082411	56.0056627022319	40	26	26
60	1	26	87.3309804556393	45.3279017260512	55.9984516082411	56.0073152446048	40	26	26
61	1	26	87.3309804556393	45.3279017260512	55.9984516082411	56.0089136052605	40	26	26
62	1	26	87.3309804556393	45.3279017260512	55.9984516082411	56.0104604058951	40	26	26
63	1	26	87.3309804556393	45.3279017260512	55.9984516082411	56.0119581017476	40	26	26
64	1	26	87.3309804556393	45.3279017260512	55.9984516082411	56.0134089946048	40	26	26
65	1	26	87.3309804556393	45.3279017260512	55.9984516082411	56.0148152446048	40	26	26
66	1	26	87.3309804556393	45.3279017260512	55.9984516082411	56.0161788809684	40	26	26
67	1	26	87.3309804556393	45.3279017260512	55.9984516082411	56.0175018117689	40	26	494
68	1	26	87.3309804556393	45.3279017260512	55.9984516082411	56.0187858328401	40	26	494
69	1	26	87.3309804556393	45.3279017260512	55.9984516082411	56.0200326359091	40	26	494
70	1	26	87.3309804556393	45.3279017260512	55.9984516082411	56.0212438160333	40	26	494
71	1	26	87.3309804556393	45.3279017260512	55.9984516082411	56.0224208784076	40	26	520
72	1	26	87.3309804556393	45.3279017260512	55.9984516082411	56.0235652446048	40	26	520
73	1	26	87.3309804556393	45.3279017260512	55.9984516082411	56.0246782583034	40	26	520
74	1	26	87.3309804556393	45.3279017260512	55.9984516082411	56.0257611905507	40	26	520
75	1	26	87.3309804556393	45.3279017260512	55.9984516082411	56.0268152446048	40	26	520
76	1	26	87.3309804556393	45.3279017260512	55.9984516082411	56.0278415603942	40	26	520
77	1	26	87.3309804556393	45.3279017260512	55.9984516082411	56.0288412186307	40	26	520
78	1	26	87.3309804556393	45.3279017260512	55.9984516082411	56.0298152446048	40	26	520
79	1	26	87.3309804556393	45.3279017260512	55.9984516082411	56.0307646116934	40	26	520
80	1	26	87.3309804556393	45.3279017260512	55.9984516082411	56.0316902446048	40	26	520
81	1	26	87.3309804556393	45.3279017260512	55.9984516082411	56.0325930223825	40	26	494
82	1	26	87.3309804556393	45.3279017260512	55.9984516082411	56.0334737811901	40	26	494
83	1	26	87.3309804556393	45.3279017260512	55.9984516082411	56.0343333168939	40	26	494
84	1	26	87.3309804556393	45.3279017260512	55.9984516082411	56.0351723874619	40	26	494
85	1	26	87.3309804556393	45.3279017260512	55.9984516082411	56.035991715193	40	26	494
86	1	17	87.5734178903118	37.5106884185505	58.3281047805625	58.3281047805625	40	17	17
87	1	17	87.5734178903118	37.5106884185505	58.3281047805625	56.0375738652944	40	17	494
88	1	17	87.5734178903118	37.5106884185505	58.3281047805625	56.0383379718775	40	17	494
89	1	17	87.5734178903118	37.5106884185505	58.3281047805625	56.0390849075261	40	17	494
90	1	17	87.5734178903118	37.5106884185505	58.3281047805625	56.0398152446048	40	17	494
91	1	17	87.5734178903118	37.5106884185505	58.3281047805625	56.040529530319	40	17	494
92	1	17	87.5734178903118	37.5106884185505	58.3281047805625	56.041228288083	40	17	494
93	1	17	87.5734178903118	37.5106884185505	58.3281047805625	56.0419120187983	40	17	494
94	1	17	87.5734178903118	37.5106884185505	58.3281047805625	56.0425812020516	40	17	494
95	1	17	87.5734178903118	37.5106884185505	58.3281047805625	56.0432362972363	40	17	494
96	1	17	87.5734178903118	37.5106884185505	58.3281047805625	58.3327377747485	40	17	17
97	1	17	87.5734178903118	37.5106884185505	58.3281047805625	58.3331485350578	40	17	17
98	1	17	87.5734178903118	37.5106884185505	58.3281047805625	58.3335509125036	40	17	340
99	1	17	87.5734178903118	37.5106884185505	58.3281047805625	58.3339451611122	40	17	340
100	1	17	87.5734178903118	37.5106884185505	58.3281047805625	58.3343315247485	40	17	340
101	1	17	87.5734178903118	37.5106884185505	58.3281047805625	58.3347102376198	40	17	340
102	1	17	87.5734178903118	37.5106884185505	58.3281047805625	58.3350815247485	40	17	340
103	1	17	87.5734178903118	37.5106884185505	58.3281047805625	58.3354456024184	40	17	340
104	1	17	87.5734178903118	37.5106884185505	58.3281047805625	58.3358026785947	40	17	340
105	1	17	87.5734178903118	37.5106884185505	58.3281047805625	58.33615295332	40	17	340
106	1	17	87.5734178903118	37.5106884185505	58.3281047805625	58.3364966190882	40	17	340
107	1	17	87.5734178903118	37.5106884185505	58.3281047805625	58.3368338611971	40	17	340
108	1	17	87.5734178903118	37.5106884185505	58.3281047805625	58.3371648580819	40	17	340
109	1	17	87.5734178903118	37.5106884185505	58.3281047805625	58.3374897816293	40	17	323
110	1	17	87.5734178903118	37.5106884185505	58.3281047805625	58.3378087974758	40	17	323
111	1	17	87.5734178903118	37.5106884185505	58.3281047805625	58.3381220652891	40	17	340
112	1	17	87.5734178903118	37.5106884185505	58.3281047805625	58.3384297390343	40	17	340
113	1	17	87.5734178903118	37.5106884185505	58.3281047805625	58.3387319672264	40	17	340
114	1	17	87.5734178903118	37.5106884185505	58.3281047805625	58.3390288931696	40	17	340
115	1	17	87.5734178903118	37.5106884185505	58.3281047805625	58.3393206551833	40	17	340
116	1	17	87.5734178903118	37.5106884185505	58.3281047805625	58.3396073868175	40	17	340
117	1	17	87.5734178903118	37.5106884185505	58.3281047805625	58.3398892170562	40	17	340
118	1	17	87.5734178903118	37.5106884185505	58.3281047805625	58.3401662705113	40	17	340
119	1	17	87.5734178903118	37.5106884185505	58.3281047805625	58.3404386676057	40	17	340
120	1	17	87.5734178903118	37.5106884185505	58.3281047805625	58.3407065247485	40	17	323
121	1	17	87.5734178903118	37.5106884185505	58.3281047805625	58.3409699545006	40	17	340
122	1	17	87.5734178903118	37.5106884185505	58.3281047805625	58.3412290657322	40	17	340
123	1	17	87.5734178903118	37.5106884185505	58.3281047805625	58.3414839637729	40	17	340
124	1	17	87.5734178903118	37.5106884185505	58.3281047805625	58.341734750555	40	17	340
125	1	17	87.5734178903118	37.5106884185505	58.3281047805625	58.3419815247485	40	17	340
126	1	17	87.5734178903118	37.5106884185505	58.3281047805625	58.3422243818914	40	17	323
127	1	17	87.5734178903118	37.5106884185505	58.3281047805625	58.3424634145123	40	17	323
128	1	17	87.5734178903118	37.5106884185505	58.3281047805625	58.3426987122485	40	17	323
129	1	17	87.5734178903118	37.5106884185505	58.3281047805625	58.3429303619578	40	17	323
130	1	17	87.5734178903118	37.5106884185505	58.3281047805625	58.3431584478255	40	17	323
131	1	17	87.5734178903118	37.5106884185505	58.3281047805625	58.3433830514661	40	17	323
132	1	17	87.5734178903118	37.5106884185505	58.3281047805625	58.3436042520213	40	17	323
133	1	17	87.5734178903118	37.5106884185505	58.3281047805625	58.3438221262523	40	17	323
134	1	17	87.5734178903118	37.5106884185505	58.3281047805625	58.3440367486291	40	17	323
135	1	17	87.5734178903118	37.5106884185505	58.3281047805625	58.3442481914152	40	17	323
136	1	17	87.5734178903118	37.5106884185505	58.3281047805625	58.3444565247485	40	17	323
137	1	17	87.5734178903118	37.5106884185505	58.3281047805625	58.3446618167193	40	17	323
138	1	17	87.5734178903118	37.5106884185505	58.3281047805625	58.3448641334442	40	17	323
139	1	17	87.5734178903118	37.5106884185505	58.3281047805625	58.345063539137	40	17	323
140	1	17	87.5734178903118	37.5106884185505	58.3281047805625	58.3452600961771	40	17	323
141	1	17	87.5734178903118	37.5106884185505	58.3281047805625	58.3454538651741	40	17	323
142	1	17	87.5734178903118	37.5106884185505	58.3281047805625	41.618685062208	40	17	180
143	1	17	87.5734178903118	37.5106884185505	58.3281047805625	41.6187847864275	40	17	180
144	1	17	87.5734178903118	37.5106884185505	58.3281047805625	41.6188831255883	40	17	180
145	1	17	87.5734178903118	37.5106884185505	58.3281047805625	41.6189801083469	40	17	180
146	1	17	87.5734178903118	37.5106884185505	58.3281047805625	41.6190757625746	40	17	180
147	1	17	87.5734178903118	37.5106884185505	58.3281047805625	41.6191701153842	40	17	180
148	1	17	87.5734178903118	37.5106884185505	58.3281047805625	41.6192631931559	40	17	180
149	1	17	87.5734178903118	37.5106884185505	58.3281047805625	41.6193550215615	40	17	180
150	1	17	87.5734178903118	37.5106884185505	58.3281047805625	41.6194456255883	40	17	180
151	1	17	87.5734178903118	37.5106884185505	58.3281047805625	46.3718297711308	40	17	10
152	1	17	87.5734178903118	37.5106884185505	58.3281047805625	55.8650615924952	40	17	14
153	1	17	87.5734178903118	37.5106884185505	58.3281047805625	55.8651970414116	40	17	14
154	1	17	87.5734178903118	37.5106884185505	58.3281047805625	55.8653307312512	40	17	14
155	1	17	87.5734178903118	37.5106884185505	58.3281047805625	55.8654626960606	40	17	14
156	1	17	87.5734178903118	37.5106884185505	58.3281047805625	55.8655929690134	40	17	14
157	1	17	87.5734178903118	37.5106884185505	58.3281047805625	55.8657215824382	40	17	14
158	1	17	87.5734178903118	37.5106884185505	58.3281047805625	55.865848567845	40	17	14
159	1	17	87.5734178903118	37.5106884185505	58.3281047805625	55.865973955951	40	17	14
160	1	17	87.5734178903118	37.5106884185505	58.3281047805625	55.8660977767057	40	17	14
161	1	17	87.5734178903118	37.5106884185505	58.3281047805625	55.8662200593144	40	17	14
162	1	17	87.5734178903118	37.5106884185505	58.3281047805625	55.8663408322613	40	17	14
163	1	17	87.5734178903118	37.5106884185505	58.3281047805625	55.8664601233315	40	17	14
164	1	17	87.5734178903118	37.5106884185505	58.3281047805625	55.8665779596326	40	17	14
165	1	17	87.5734178903118	37.5106884185505	58.3281047805625	55.8666943676148	40	17	14
166	1	17	87.5734178903118	37.5106884185505	58.3281047805625	55.8668093730913	40	17	14
167	1	17	87.5734178903118	37.5106884185505	58.3281047805625	55.8669230012566	40	17	14
168	1	17	87.5734178903118	37.5106884185505	58.3281047805625	55.8670352767057	40	17	14
169	1	17	87.5734178903118	37.5106884185505	58.3281047805625	55.8671462234513	40	17	14
170	1	17	87.5734178903118	37.5106884185505	58.3281047805625	55.867255864941	40	17	14
171	1	17	87.5734178903118	37.5106884185505	58.3281047805625	55.8673642240741	40	17	14
172	1	17	87.5734178903118	37.5106884185505	58.3281047805625	55.8674713232173	40	17	14
173	1	17	87.5734178903118	37.5106884185505	58.3281047805625	55.8675771842202	40	17	14
174	1	17	87.5734178903118	37.5106884185505	58.3281047805625	55.8676818284299	40	17	14
175	1	17	87.5734178903118	37.5106884185505	58.3281047805625	41.7783073404006	40	17	8
176	1	17	87.5734178903118	37.5106884185505	58.3281047805625	55.867887549433	40	17	14
177	1	17	87.5734178903118	37.5106884185505	58.3281047805625	55.8679886665362	40	17	14
178	1	17	87.5734178903118	37.5106884185505	58.3281047805625	55.8680886474922	40	17	14
179	1	17	87.5734178903118	37.5106884185505	58.3281047805625	55.6808973163867	40	17	14
180	1	15	86.219904188545	34.3789889174886	59.5114414547223	59.5114414547223	40	15	15
181	1	15	86.219904188545	34.3789889174886	59.5114414547223	59.5115450458825	40	15	15
182	1	15	86.219904188545	34.3789889174886	59.5114414547223	59.5116474986784	40	15	15
183	1	15	86.219904188545	34.3789889174886	59.5114414547223	59.5117488317715	40	15	15
184	1	15	86.219904188545	34.3789889174886	59.5114414547223	59.511849063418	40	15	15
185	1	15	86.219904188545	34.3789889174886	59.5114414547223	59.5119482114791	40	15	15
186	1	15	86.219904188545	34.3789889174886	59.5114414547223	59.512046293432	40	15	15
187	1	15	86.219904188545	34.3789889174886	59.5114414547223	59.5121433263801	40	15	15
188	1	15	86.219904188545	34.3789889174886	59.5114414547223	59.5122393270627	40	15	15
189	1	15	86.219904188545	34.3789889174886	59.5114414547223	59.5123343118652	40	15	15
190	1	15	86.219904188545	34.3789889174886	59.5114414547223	59.5124282968276	40	15	15
191	1	15	86.219904188545	34.3789889174886	59.5114414547223	59.5125212976542	40	15	15
192	1	15	86.219904188545	34.3789889174886	59.5114414547223	59.5126133297223	40	15	15
193	1	15	86.219904188545	34.3789889174886	59.5114414547223	59.5127044080902	40	15	15
194	1	15	86.219904188545	34.3789889174886	59.5114414547223	59.5127945475058	40	15	15
195	1	15	86.219904188545	34.3789889174886	59.5114414547223	59.5128837624146	40	15	15
196	1	15	86.219904188545	34.3789889174886	59.5114414547223	59.5129720669672	40	15	15
197	1	15	86.219904188545	34.3789889174886	59.5114414547223	59.5130594750269	40	15	15
198	1	15	86.219904188545	34.3789889174886	59.5114414547223	59.5131460001769	40	15	15
199	1	15	86.219904188545	34.3789889174886	59.5114414547223	59.5132316557273	40	15	15
200	1	15	86.219904188545	34.3789889174886	59.5114414547223	59.5133164547223	40	15	15
201	1	15	86.219904188545	34.3789889174886	59.5114414547223	59.5134004099462	40	15	15
202	1	15	86.219904188545	34.3789889174886	59.5114414547223	59.5134835339302	40	15	15
203	1	15	86.219904188545	34.3789889174886	59.5114414547223	59.5135658389588	40	15	15
204	1	15	86.219904188545	34.3789889174886	59.5114414547223	59.5136473370752	40	15	15
205	1	15	86.219904188545	34.3789889174886	59.5114414547223	59.5137280400882	40	15	15
206	1	15	86.219904188545	34.3789889174886	59.5114414547223	59.5138079595767	40	15	15
207	1	15	86.219904188545	34.3789889174886	59.5114414547223	59.5138871068962	40	15	15
208	1	15	86.219904188545	34.3789889174886	59.5114414547223	59.5139654931838	40	15	15
209	1	15	86.219904188545	34.3789889174886	59.5114414547223	59.5140431293635	40	15	15
210	1	15	86.219904188545	34.3789889174886	59.5114414547223	59.5141200261509	40	15	15
211	1	15	86.219904188545	34.3789889174886	59.5114414547223	59.5141961940588	40	15	15
212	1	15	86.219904188545	34.3789889174886	59.5114414547223	59.5142716434015	40	15	15
213	1	15	86.219904188545	34.3789889174886	59.5114414547223	59.5143463842998	40	15	15
214	1	15	86.219904188545	34.3789889174886	59.5114414547223	59.5144204266849	40	15	15
215	1	15	86.219904188545	34.3789889174886	59.5114414547223	59.5144937803037	40	15	15
216	1	15	86.219904188545	34.3789889174886	59.5114414547223	41.6235706255883	40	15	171
217	1	15	86.219904188545	34.3789889174886	59.5114414547223	53.9098978106148	40	15	15
218	1	15	86.219904188545	34.3789889174886	59.5114414547223	41.6236566347626	40	15	171
219	1	15	86.219904188545	34.3789889174886	59.5114414547223	44.9768882197313	40	15	15
220	1	15	86.219904188545	34.3789889174886	59.5114414547223	56.1384858928771	40	15	15
221	1	15	86.219904188545	34.3789889174886	59.5114414547223	59.5149199615096	40	15	15
222	1	15	86.219904188545	34.3789889174886	59.5114414547223	59.5149887520196	40	15	15
223	1	15	86.219904188545	34.3789889174886	59.5114414547223	59.5150569255743	40	15	15
224	1	15	86.219904188545	34.3789889174886	59.5114414547223	59.5151244904366	40	15	15
225	1	15	86.219904188545	34.3789889174886	59.5114414547223	42.0676345064708	40	15	12
226	1	15	86.219904188545	34.3789889174886	59.5114414547223	42.0676876038159	40	15	12
227	1	15	86.219904188545	34.3789889174886	59.5114414547223	42.067740233343	40	15	12
228	1	15	86.219904188545	34.3789889174886	59.5114414547223	42.0677924012076	40	15	12
229	1	15	86.219904188545	34.3789889174886	59.5114414547223	42.0678441134577	40	15	12
230	1	15	86.219904188545	34.3789889174886	59.5114414547223	42.067895376036	40	15	12
231	1	15	86.219904188545	34.3789889174886	59.5114414547223	42.0679461947825	40	15	12
232	1	15	86.219904188545	34.3789889174886	59.5114414547223	42.0679965754363	40	15	12
233	1	15	86.219904188545	34.3789889174886	59.5114414547223	42.0680465236382	40	15	12
234	1	15	86.219904188545	34.3789889174886	59.5114414547223	42.0680960449323	40	15	12
235	1	15	86.219904188545	34.3789889174886	59.5114414547223	42.0681451447687	40	15	12
236	1	15	86.219904188545	34.3789889174886	59.5114414547223	42.0681938285047	40	15	12
237	1	15	86.219904188545	34.3789889174886	59.5114414547223	42.0682421014075	40	15	12
238	1	15	86.219904188545	34.3789889174886	59.5114414547223	42.0682899686557	40	15	12
239	1	15	86.219904188545	34.3789889174886	59.5114414547223	42.0683374353411	40	15	12
240	1	15	86.219904188545	34.3789889174886	59.5114414547223	42.0683845064708	40	15	12
241	1	15	86.219904188545	34.3789889174886	59.5114414547223	42.0684311869687	40	15	12
242	1	15	86.219904188545	34.3789889174886	59.5114414547223	42.0684774816774	40	15	12
243	1	15	86.219904188545	34.3789889174886	59.5114414547223	42.0685233953597	40	15	12
244	1	15	86.219904188545	34.3789889174886	59.5114414547223	42.0685689327003	40	15	12
245	1	15	86.219904188545	34.3789889174886	59.5114414547223	42.0686140983075	40	15	12
246	1	15	86.219904188545	34.3789889174886	59.5114414547223	42.0686588967147	40	15	12
247	1	15	86.219904188545	34.3789889174886	59.5114414547223	42.0687033323817	40	15	12
248	1	15	86.219904188545	34.3789889174886	59.5114414547223	42.0687474096966	40	15	12
249	1	15	86.219904188545	34.3789889174886	59.5114414547223	42.0687911329768	40	15	12
250	1	15	86.219904188545	34.3789889174886	59.5114414547223	42.0688345064708	40	15	12
251	1	15	86.219904188545	34.3789889174886	59.5114414547223	42.0688775343592	40	15	12
252	1	15	86.219904188545	34.3789889174886	59.5114414547223	42.0689202207565	40	15	12
253	1	15	86.219904188545	34.3789889174886	59.5114414547223	42.0689625697119	40	15	12
254	1	15	86.219904188545	34.3789889174886	59.5114414547223	42.069004585211	40	15	12
255	1	15	86.219904188545	34.3789889174886	59.5114414547223	42.0690462711767	40	15	12
256	1	15	86.219904188545	34.3789889174886	59.5114414547223	41.6250354693383	40	15	171
257	1	15	86.219904188545	34.3789889174886	59.5114414547223	42.1071381367089	40	15	11
258	1	15	86.219904188545	34.3789889174886	59.5114414547223	42.1071754636476	40	15	11
259	1	15	86.219904188545	34.3789889174886	59.5114414547223	42.1072125023474	40	15	11
260	1	15	86.219904188545	34.3789889174886	59.5114414547223	42.1072492561342	40	15	11
261	1	15	86.219904188545	34.3789889174886	59.5114414547223	42.1072857282827	40	15	11
262	1	15	86.219904188545	34.3789889174886	59.5114414547223	42.1073219220179	40	15	11
263	1	15	86.219904188545	34.3789889174886	59.5114414547223	49.6846729834663	40	15	13
264	1	15	86.219904188545	34.3789889174886	59.5114414547223	53.9829116074226	40	15	14
265	1	15	86.219904188545	34.3789889174886	59.5114414547223	53.9829566331516	40	15	14
266	1	15	86.219904188545	34.3789889174886	59.5114414547223	53.9830013203413	40	15	14
267	1	15	86.219904188545	34.3789889174886	59.5114414547223	53.9830456727954	40	15	14
268	1	15	86.219904188545	34.3789889174886	59.5114414547223	53.9830896942611	40	15	14
269	1	15	86.219904188545	34.3789889174886	59.5114414547223	43.3357977748173	40	15	11
270	1	15	86.219904188545	34.3789889174886	59.5114414547223	41.7819263880196	40	15	163
271	1	15	86.219904188545	34.3789889174886	59.5114414547223	41.7819509882656	40	15	152
272	1	15	86.219904188545	34.3789889174886	59.5114414547223	43.3358992536058	40	15	11
273	1	15	86.219904188545	34.3789889174886	59.5114414547223	41.7819996480929	40	15	152
274	1	15	86.219904188545	34.3789889174886	59.5114414547223	41.7820237116206	40	15	152
275	1	15	86.219904188545	34.3789889174886	59.5114414547223	43.3359985183117	40	15	11
276	1	15	86.219904188545	34.3789889174886	59.5114414547223	43.3360311270074	40	15	11
277	1	15	86.219904188545	34.3789889174886	59.5114414547223	43.3360635002612	40	15	11
278	1	15	86.219904188545	34.3789889174886	59.5114414547223	43.3360956406139	40	15	11
279	1	15	86.219904188545	34.3789889174886	59.5114414547223	43.3361275505698	40	15	11
280	1	15	86.219904188545	34.3789889174886	59.5114414547223	43.3361592325974	40	15	11
281	1	15	86.219904188545	34.3789889174886	59.5114414547223	43.3361906891302	40	15	11
282	1	15	86.219904188545	34.3789889174886	59.5114414547223	43.336221922567	40	15	11
283	1	15	86.219904188545	34.3789889174886	59.5114414547223	43.3362529352728	40	15	11
284	1	15	86.219904188545	34.3789889174886	59.5114414547223	43.3362837295793	40	15	11
285	1	15	86.219904188545	34.3789889174886	59.5114414547223	43.3363143077854	40	15	11
286	1	15	86.219904188545	34.3789889174886	59.5114414547223	43.3363446721579	40	15	11
287	1	15	86.219904188545	34.3789889174886	59.5114414547223	43.3363748249319	40	15	11
288	1	15	86.219904188545	34.3789889174886	59.5114414547223	43.3364047683117	40	15	11
289	1	15	86.219904188545	34.3789889174886	59.5114414547223	43.3364345044709	40	15	11
290	1	15	86.219904188545	34.3789889174886	59.5114414547223	43.3364640355531	40	15	11
291	1	15	86.219904188545	34.3789889174886	59.5114414547223	41.782407487676	40	15	152
292	1	15	86.219904188545	34.3789889174886	59.5114414547223	41.7824286711246	40	15	152
293	1	15	86.219904188545	34.3789889174886	59.5114414547223	41.7824497099764	40	15	152
294	1	15	86.219904188545	34.3789889174886	59.5114414547223	41.7824706057067	40	15	152
295	1	15	86.219904188545	34.3789889174886	59.5114414547223	41.782491359771	40	15	160
296	1	15	86.219904188545	34.3789889174886	59.5114414547223	41.7825119736052	40	15	160
297	1	15	86.219904188545	34.3789889174886	59.5114414547223	41.7825324486257	40	15	160
298	1	15	86.219904188545	34.3789889174886	59.5114414547223	41.7825527862299	40	15	160
299	1	15	86.219904188545	34.3789889174886	59.5114414547223	41.7825729877966	40	15	160
300	1	15	86.219904188545	34.3789889174886	59.5114414547223	41.7825930546863	40	15	160
301	1	15	86.219904188545	34.3789889174886	59.5114414547223	41.7826129882411	40	15	152
302	1	15	86.219904188545	34.3789889174886	59.5114414547223	41.7826327897856	40	15	152
303	1	15	86.219904188545	34.3789889174886	59.5114414547223	43.7864081822698	40	15	9
304	1	15	86.219904188545	34.3789889174886	59.5114414547223	43.7864301663761	40	15	9
305	1	15	86.219904188545	34.3789889174886	59.5114414547223	42.8465593526794	40	15	9
306	1	15	86.219904188545	34.3789889174886	59.5114414547223	43.7864737035278	40	15	9
307	1	15	86.219904188545	34.3789889174886	59.5114414547223	43.7864952593815	40	15	9
308	1	15	86.219904188545	34.3789889174886	59.5114414547223	43.786516675262	40	15	9
309	1	15	86.219904188545	34.3789889174886	59.5114414547223	43.7865379525284	40	15	9
310	1	15	86.219904188545	34.3789889174886	59.5114414547223	43.7865590925222	40	15	9
311	1	15	86.219904188545	34.3789889174886	59.5114414547223	49.4647926806981	40	15	12
312	1	15	86.219904188545	34.3789889174886	59.5114414547223	53.9847472717583	40	15	14
313	1	15	86.219904188545	34.3789889174886	59.5114414547223	53.9847795278408	40	15	14
314	1	15	86.219904188545	34.3789889174886	59.5114414547223	53.9848115784707	40	15	14
315	1	15	86.219904188545	34.3789889174886	59.5114414547223	53.9848434256044	40	15	14
316	1	15	86.219904188545	34.3789889174886	59.5114414547223	53.984875071174	40	15	14
317	1	15	86.219904188545	34.3789889174886	59.5114414547223	53.9849065170871	40	15	14
318	1	15	86.219904188545	34.3789889174886	59.5114414547223	53.9849377652271	40	15	14
319	1	15	86.219904188545	34.3789889174886	59.5114414547223	53.984968817454	40	15	14
320	1	15	86.219904188545	34.3789889174886	59.5114414547223	53.9849996756044	40	15	14
321	1	15	86.219904188545	34.3789889174886	59.5114414547223	53.9850303414923	40	15	14
322	1	15	86.219904188545	34.3789889174886	59.5114414547223	53.9850608169088	40	15	14
323	1	15	86.219904188545	34.3789889174886	59.5114414547223	53.985091103623	40	15	14
324	1	15	86.219904188545	34.3789889174886	59.5114414547223	43.7992963647729	40	15	12
325	1	15	86.219904188545	34.3789889174886	59.5114414547223	41.7830545931478	40	15	152
326	1	15	86.219904188545	34.3789889174886	59.5114414547223	43.7993474895173	40	15	12
327	1	15	86.219904188545	34.3789889174886	59.5114414547223	43.7993728173723	40	15	12
328	1	15	86.219904188545	34.3789889174886	59.5114414547223	43.7993979907891	40	15	12
329	1	15	86.219904188545	34.3789889174886	59.5114414547223	43.7994230111761	40	15	12
330	1	15	86.219904188545	34.3789889174886	59.5114414547223	43.7994478799244	40	15	12
331	1	15	86.219904188545	34.3789889174886	59.5114414547223	41.783154988221	40	15	152
332	1	15	86.219904188545	34.3789889174886	59.5114414547223	49.3423227253201	40	15	10
333	1	15	86.219904188545	34.3789889174886	59.5114414547223	41.7831876492809	40	15	152
334	1	15	86.219904188545	34.3789889174886	59.5114414547223	49.3423633068077	40	15	10
335	1	15	86.219904188545	34.3789889174886	59.5114414547223	49.3423834158434	40	15	10
336	1	15	86.219904188545	34.3789889174886	59.5114414547223	49.3424034051824	40	15	10
337	1	15	86.219904188545	34.3789889174886	59.5114414547223	49.3424232758903	40	15	10
338	1	15	86.219904188545	34.3789889174886	59.5114414547223	49.3424430290201	40	15	10
339	1	15	86.219904188545	34.3789889174886	59.5114414547223	49.3424626656122	40	15	10
340	1	15	86.219904188545	34.3789889174886	59.5114414547223	49.342482186695	40	15	10
341	1	15	86.219904188545	34.3789889174886	59.5114414547223	49.3425015932846	40	15	10
342	1	15	86.219904188545	34.3789889174886	59.5114414547223	49.3425208863854	40	15	10
343	1	15	86.219904188545	34.3789889174886	59.5114414547223	49.3425400669899	40	15	10
344	1	15	86.219904188545	34.3789889174886	59.5114414547223	49.3425591360794	40	15	10
345	1	15	86.219904188545	34.3789889174886	59.5114414547223	49.3425780946234	40	15	10
346	1	15	86.219904188545	34.3789889174886	59.5114414547223	43.0319132955268	40	15	9
347	1	15	86.219904188545	34.3789889174886	59.5114414547223	43.0319301618126	40	15	9
348	1	15	86.219904188545	34.3789889174886	59.5114414547223	42.0416201777794	40	15	9
349	1	15	86.219904188545	34.3789889174886	59.5114414547223	43.0319636044193	40	15	9
350	1	15	86.219904188545	34.3789889174886	59.5114414547223	38.0400473832187	40	15	142
351	1	15	86.219904188545	34.3789889174886	59.5114414547223	43.0319966659137	40	15	9
352	1	15	86.219904188545	34.3789889174886	59.5114414547223	43.0320130557738	40	15	9
353	1	15	86.219904188545	34.3789889174886	59.5114414547223	43.0320293527735	40	15	9
354	1	15	86.219904188545	34.3789889174886	59.5114414547223	43.0320455576999	40	15	9
355	1	15	86.219904188545	34.3789889174886	59.5114414547223	43.0320616713308	40	15	9
356	1	15	86.219904188545	34.3789889174886	59.5114414547223	43.0320776944357	40	15	9
357	1	15	86.219904188545	34.3789889174886	59.5114414547223	42.0417505747658	40	15	8
358	1	15	86.219904188545	34.3789889174886	59.5114414547223	42.0417646586116	40	15	8
359	1	15	86.219904188545	34.3789889174886	59.5114414547223	42.0417786639959	40	15	8
360	1	15	86.219904188545	34.3789889174886	59.5114414547223	38.0401723832187	40	15	141
361	1	15	86.219904188545	34.3789889174886	59.5114414547223	43.0321564784004	40	15	9
362	1	15	86.219904188545	34.3789889174886	59.5114414547223	49.3428843641405	40	15	10
363	1	15	86.219904188545	34.3789889174886	59.5114414547223	55.649338349035	40	15	12
364	1	15	86.219904188545	34.3789889174886	59.5114414547223	55.6493587831463	40	15	12
365	1	15	86.219904188545	34.3789889174886	59.5114414547223	55.6493791052899	40	15	12
366	1	15	86.219904188545	34.3789889174886	59.5114414547223	55.6493993163836	40	15	12
367	1	15	86.219904188545	34.3789889174886	59.5114414547223	55.649419417335	40	15	12
368	1	15	86.219904188545	34.3789889174886	59.5114414547223	55.6494394090421	40	15	12
369	1	15	86.219904188545	34.3789889174886	59.5114414547223	55.6494592923932	40	15	12
370	1	15	86.219904188545	34.3789889174886	59.5114414547223	49.0356917582431	40	15	12
371	1	15	86.219904188545	34.3789889174886	59.5114414547223	55.6494987375315	40	15	12
372	1	15	86.219904188545	34.3789889174886	59.5114414547223	55.6495183010478	40	15	12
373	1	15	86.219904188545	34.3789889174886	59.5114414547223	49.0357553405922	40	15	12
374	1	15	86.219904188545	34.3789889174886	59.5114414547223	55.649557114227	40	15	12
375	1	15	86.219904188545	34.3789889174886	59.5114414547223	55.6495763655639	40	15	12
376	1	15	86.219904188545	34.3789889174886	59.5114414547223	55.6495955145001	40	15	12
377	1	15	86.219904188545	34.3789889174886	59.5114414547223	55.6496145618504	40	15	12
378	1	15	86.219904188545	34.3789889174886	59.5114414547223	55.649633508421	40	15	12
379	1	15	86.219904188545	34.3789889174886	59.5114414547223	55.6496523550098	40	15	12
380	1	15	86.219904188545	34.3789889174886	59.5114414547223	55.649671102406	40	15	12
381	1	15	86.219904188545	34.3789889174886	59.5114414547223	55.6496897513907	40	15	12
382	1	15	86.219904188545	34.3789889174886	59.5114414547223	55.6497083027367	40	15	12
383	1	15	86.219904188545	34.3789889174886	59.5114414547223	55.6497267572088	40	15	12
384	1	15	86.219904188545	34.3789889174886	59.5114414547223	55.6497451155639	40	15	12
385	1	15	86.219904188545	34.3789889174886	59.5114414547223	55.6497633785509	40	15	12
386	1	15	86.219904188545	34.3789889174886	59.5114414547223	55.649781546911	40	15	12
387	1	15	86.219904188545	34.3789889174886	59.5114414547223	55.6497996213778	40	15	12
388	1	15	86.219904188545	34.3789889174886	59.5114414547223	49.0360585038547	40	15	12
389	1	15	86.219904188545	34.3789889174886	59.5114414547223	55.6498354915279	40	15	12
390	1	15	86.219904188545	34.3789889174886	59.5114414547223	55.6498532886408	40	15	12
391	1	15	86.219904188545	34.3789889174886	59.5114414547223	46.0312243693206	40	15	12
392	1	15	86.219904188545	34.3789889174886	59.5114414547223	56.6718012279916	40	15	10
393	1	15	86.219904188545	34.3789889174886	59.5114414547223	42.0422124389007	40	15	10
394	1	15	86.219904188545	34.3789889174886	59.5114414547223	45.6618433644256	40	15	10
395	1	15	86.219904188545	34.3789889174886	59.5114414547223	56.6718448213784	40	15	10
396	1	15	86.219904188545	34.3789889174886	59.5114414547223	56.6718592057282	40	15	10
397	1	15	86.219904188545	34.3789889174886	59.5114414547223	56.6718735176128	40	15	10
398	1	15	86.219904188545	34.3789889174886	59.5114414547223	56.6718877575784	40	15	10
399	1	15	86.219904188545	34.3789889174886	59.5114414547223	56.6719019261656	40	15	10
400	1	15	86.219904188545	34.3789889174886	59.5114414547223	56.67191602391	40	15	10
401	1	15	86.219904188545	34.3789889174886	59.5114414547223	56.6719300513414	40	15	10
402	1	15	86.219904188545	34.3789889174886	59.5114414547223	56.6719440089846	40	15	10
403	1	15	86.219904188545	34.3789889174886	59.5114414547223	56.6719578973591	40	15	10
404	1	15	86.219904188545	34.3789889174886	59.5114414547223	56.6719717169793	40	15	10
405	1	15	86.219904188545	34.3789889174886	59.5114414547223	56.6719854683545	40	15	10
406	1	15	86.219904188545	34.3789889174886	59.5114414547223	56.6719991519888	40	15	10
407	1	15	86.219904188545	34.3789889174886	59.5114414547223	56.6720127683818	40	15	10
408	1	15	86.219904188545	34.3789889174886	59.5114414547223	56.6720263180277	40	15	10
409	1	15	86.219904188545	34.3789889174886	59.5114414547223	56.6720398014161	40	15	10
410	1	15	86.219904188545	34.3789889174886	59.5114414547223	56.672053219032	40	15	10
411	1	15	86.219904188545	34.3789889174886	59.5114414547223	56.6720665713553	40	15	10
412	1	15	86.219904188545	34.3789889174886	59.5114414547223	56.6720798588615	40	15	10
413	1	15	86.219904188545	34.3789889174886	59.5114414547223	56.6720930820214	40	15	10
414	1	15	86.219904188545	34.3789889174886	59.5114414547223	55.6502546264335	40	15	10
415	1	15	86.219904188545	34.3789889174886	59.5114414547223	56.672119337163	40	15	10
416	1	15	86.219904188545	34.3789889174886	59.5114414547223	56.6721323700639	40	15	10
417	1	15	86.219904188545	34.3789889174886	59.5114414547223	56.6721453404568	40	15	10
418	1	15	86.219904188545	34.3789889174886	59.5114414547223	56.6721582487904	40	15	10
419	1	15	86.219904188545	34.3789889174886	59.5114414547223	56.6721710955091	40	15	10
420	1	15	86.219904188545	34.3789889174886	59.5114414547223	56.6721838810529	40	15	10
421	1	15	86.219904188545	34.3789889174886	59.5114414547223	38.0408062905821	40	15	143
422	1	15	86.219904188545	34.3789889174886	59.5114414547223	56.6722092703555	40	15	10
423	1	15	86.219904188545	34.3789889174886	59.5114414547223	56.6722218749738	40	15	10
424	1	15	86.219904188545	34.3789889174886	59.5114414547223	56.309199359854	40	15	10
425	1	15	86.219904188545	34.3789889174886	59.5114414547223	54.5721536873232	40	15	10
426	1	15	86.219904188545	34.3789889174886	59.5114414547223	49.756389961615	40	15	10
427	1	15	86.219904188545	34.3789889174886	59.5114414547223	54.5721809638075	40	15	10
428	1	15	86.219904188545	34.3789889174886	59.5114414547223	56.3092539137246	40	15	10
429	1	15	86.219904188545	34.3789889174886	59.5114414547223	50.8903555923415	40	15	10
430	1	15	86.219904188545	34.3789889174886	59.5114414547223	56.3092808100515	40	15	10
431	1	15	86.219904188545	34.3789889174886	59.5114414547223	42.0426162574658	40	15	10
432	1	15	86.219904188545	34.3789889174886	59.5114414547223	56.6723326905767	40	15	10
433	1	15	86.219904188545	34.3789889174886	59.5114414547223	42.0426355476926	40	15	10
434	1	15	86.219904188545	34.3789889174886	59.5114414547223	42.0426451261347	40	15	8
435	1	15	86.219904188545	34.3789889174886	59.5114414547223	42.042654660538	40	15	8
436	1	15	86.219904188545	34.3789889174886	59.5114414547223	42.0426641512055	40	15	8
437	1	15	86.219904188545	34.3789889174886	59.5114414547223	42.0426735984375	40	15	8
438	1	15	86.219904188545	34.3789889174886	59.5114414547223	42.0426830025314	40	15	8
439	1	15	86.219904188545	34.3789889174886	59.5114414547223	42.042692363782	40	15	8
440	1	15	86.219904188545	34.3789889174886	59.5114414547223	42.0427016824816	40	15	8
441	1	15	86.219904188545	34.3789889174886	59.5114414547223	56.6724389830937	40	15	10
442	1	15	86.219904188545	34.3789889174886	59.5114414547223	55.6506677682788	40	15	10
443	1	15	86.219904188545	34.3789889174886	59.5114414547223	50.0377568590885	40	15	10
444	1	15	86.219904188545	34.3789889174886	59.5114414547223	55.6506952844828	40	15	10
445	1	15	86.219904188545	34.3789889174886	59.5114414547223	45.6624323965365	40	15	9
446	1	15	86.219904188545	34.3789889174886	59.5114414547223	56.3094872966507	40	15	11
447	1	15	86.219904188545	34.3789889174886	59.5114414547223	55.6507360971075	40	15	11
448	1	15	86.219904188545	34.3789889174886	59.5114414547223	56.3095120704335	40	15	11
449	1	15	86.219904188545	34.3789889174886	59.5114414547223	49.0370826870338	40	15	11
450	1	15	86.219904188545	34.3789889174886	59.5114414547223	56.3095366240049	40	15	11
451	1	15	86.219904188545	34.3789889174886	59.5114414547223	56.3095488191269	40	15	11
452	1	15	86.219904188545	34.3789889174886	59.5114414547223	56.3095609602881	40	15	11
453	1	15	86.219904188545	34.3789889174886	59.5114414547223	56.309573047846	40	15	11
454	1	15	86.219904188545	34.3789889174886	59.5114414547223	56.3095850821547	40	15	11
455	1	15	86.219904188545	34.3789889174886	59.5114414547223	56.3095970635654	40	15	11
456	1	15	86.219904188545	34.3789889174886	59.5114414547223	56.309608992426	40	15	11
457	1	15	86.219904188545	34.3789889174886	59.5114414547223	56.3096208690815	40	15	11
458	1	15	86.219904188545	34.3789889174886	59.5114414547223	56.3096326938739	40	15	11
459	1	15	86.219904188545	34.3789889174886	59.5114414547223	56.3096444671422	40	15	11
460	1	15	86.219904188545	34.3789889174886	59.5114414547223	56.3096561892223	40	15	11
461	1	15	86.219904188545	34.3789889174886	59.5114414547223	56.3096678604475	40	15	11
462	1	15	86.219904188545	34.3789889174886	59.5114414547223	56.3096794811478	40	15	11
463	1	15	86.219904188545	34.3789889174886	59.5114414547223	56.3096910516507	40	15	11
464	1	15	86.219904188545	34.3789889174886	59.5114414547223	56.3097025722808	40	15	11
465	1	15	86.219904188545	34.3789889174886	59.5114414547223	56.3097140433598	40	15	11
466	1	15	86.219904188545	34.3789889174886	59.5114414547223	56.3097254652067	40	15	11
467	1	15	86.219904188545	34.3789889174886	59.5114414547223	56.3097368381377	40	15	11
468	1	15	86.219904188545	34.3789889174886	59.5114414547223	56.3097481624665	40	15	11
469	1	15	86.219904188545	34.3789889174886	59.5114414547223	56.3097594385039	40	15	11
470	1	15	86.219904188545	34.3789889174886	59.5114414547223	56.3097706665581	40	15	11
471	1	15	86.219904188545	34.3789889174886	59.5114414547223	56.3097818469349	40	15	11
472	1	15	86.219904188545	34.3789889174886	59.5114414547223	55.6510560265808	40	15	11
473	1	15	86.219904188545	34.3789889174886	59.5114414547223	56.3098040658654	40	15	11
474	1	15	86.219904188545	34.3789889174886	59.5114414547223	49.7570317872523	40	15	11
475	1	15	86.219904188545	34.3789889174886	59.5114414547223	55.6510921550376	40	15	11
476	1	15	86.219904188545	34.3789889174886	59.5114414547223	56.309837044173	40	15	11
477	1	15	86.219904188545	34.3789889174886	59.5114414547223	56.3098479447597	40	15	11
478	1	15	86.219904188545	34.3789889174886	59.5114414547223	56.3098587997372	40	15	11
479	1	15	86.219904188545	34.3789889174886	59.5114414547223	55.6511396223489	40	15	11
480	1	15	86.219904188545	34.3789889174886	59.5114414547223	49.757102989784	40	15	11
481	1	15	86.219904188545	34.3789889174886	59.5114414547223	48.2141796979327	40	15	11
482	1	15	86.219904188545	34.3789889174886	59.5114414547223	45.6108339060776	40	15	11
483	1	15	86.219904188545	34.3789889174886	59.5114414547223	42.0430658834979	40	15	11
484	1	15	86.219904188545	34.3789889174886	59.5114414547223	56.3099229876413	40	15	11
485	1	15	86.219904188545	34.3789889174886	59.5114414547223	42.0430812513663	40	15	11
486	1	15	86.219904188545	34.3789889174886	59.5114414547223	45.6628162916676	40	15	11
487	1	15	86.219904188545	34.3789889174886	59.5114414547223	56.3099544884813	40	15	11
488	1	15	86.219904188545	34.3789889174886	59.5114414547223	56.3099649026935	40	15	11
489	1	15	86.219904188545	34.3789889174886	59.5114414547223	41.8516537997613	40	15	8
490	1	15	86.219904188545	34.3789889174886	59.5114414547223	38.0413330975044	40	15	141
491	1	15	86.219904188545	34.3789889174886	59.5114414547223	56.3099958908074	40	15	11
492	1	15	86.219904188545	34.3789889174886	59.5114414547223	55.6512885606858	40	15	11
493	1	15	86.219904188545	34.3789889174886	59.5114414547223	56.3100163400293	40	15	11
494	1	15	86.219904188545	34.3789889174886	59.5114414547223	55.6513107785193	40	15	11
495	1	15	86.219904188545	34.3789889174886	59.5114414547223	49.7572734443294	40	15	11
496	1	15	86.219904188545	34.3789889174886	59.5114414547223	56.3100467046501	40	15	11
497	1	15	86.219904188545	34.3789889174886	59.5114414547223	56.3100567447293	40	15	11
498	1	15	86.219904188545	34.3789889174886	59.5114414547223	56.3100667444869	40	15	11
499	1	15	86.219904188545	34.3789889174886	59.5114414547223	56.3100767041653	40	15	11
500	1	15	86.219904188545	34.3789889174886	59.5114414547223	56.3100866240049	40	15	11
501	1	15	86.219904188545	34.3789889174886	59.5114414547223	56.3100965042445	40	15	11
502	1	15	86.219904188545	34.3789889174886	59.5114414547223	56.3101063451205	40	15	11
503	1	15	86.219904188545	34.3789889174886	59.5114414547223	56.3101161468678	40	15	11
504	1	15	86.219904188545	34.3789889174886	59.5114414547223	56.3101259097192	40	15	11
505	1	15	86.219904188545	34.3789889174886	59.5114414547223	56.3101356339059	40	15	11
506	1	15	86.219904188545	34.3789889174886	59.5114414547223	56.3101453196571	40	15	11
507	1	15	86.219904188545	34.3789889174886	59.5114414547223	56.3101549672002	40	15	11
508	1	15	86.219904188545	34.3789889174886	59.5114414547223	56.3101645767608	40	15	11
509	1	15	86.219904188545	34.3789889174886	59.5114414547223	56.3101741485629	40	15	11
510	1	15	86.219904188545	34.3789889174886	59.5114414547223	56.3101836828285	40	15	11
511	1	15	86.219904188545	34.3789889174886	59.5114414547223	56.3101931797779	40	15	11
512	1	15	86.219904188545	34.3789889174886	59.5114414547223	56.3102026396299	40	15	11
513	1	15	86.219904188545	34.3789889174886	59.5114414547223	56.3102120626014	40	15	11
514	1	15	86.219904188545	34.3789889174886	59.5114414547223	56.3102214489077	40	15	11
515	1	15	86.219904188545	34.3789889174886	59.5114414547223	56.3102307987622	40	15	11
516	1	15	86.219904188545	34.3789889174886	59.5114414547223	56.310240112377	40	15	11
517	1	15	86.219904188545	34.3789889174886	59.5114414547223	56.3102493899624	40	15	11
518	1	15	86.219904188545	34.3789889174886	59.5114414547223	56.310258631727	40	15	11
519	1	15	86.219904188545	34.3789889174886	59.5114414547223	56.3102678378778	40	15	11
520	1	15	86.219904188545	34.3789889174886	59.5114414547223	56.3102770086203	40	15	11
521	1	15	86.219904188545	34.3789889174886	59.5114414547223	56.3102861441585	0	15	11
522	1	15	86.219904188545	34.3789889174886	59.5114414547223	56.3102952446946	0	15	209
523	1	15	86.219904188545	34.3789889174886	59.5114414547223	56.3103043104294	0	15	209
524	1	15	86.219904188545	34.3789889174886	59.5114414547223	56.3103133415622	0	15	209
525	1	15	86.219904188545	34.3789889174886	59.5114414547223	56.3103223382907	0	15	209
526	1	15	86.219904188545	34.3789889174886	59.5114414547223	56.310331300811	0	15	209
527	1	15	86.219904188545	34.3789889174886	59.5114414547223	56.310340229318	0	15	209
528	1	15	86.219904188545	34.3789889174886	59.5114414547223	56.3103491240049	0	15	209
529	1	15	86.219904188545	34.3789889174886	59.5114414547223	56.3103579850635	0	15	209
530	1	15	86.219904188545	34.3789889174886	59.5114414547223	56.3103668126842	0	15	209
531	1	15	86.219904188545	34.3789889174886	59.5114414547223	56.3103756070558	0	15	209
532	1	15	86.219904188545	34.3789889174886	59.5114414547223	56.3103843683658	0	15	209
533	1	15	86.219904188545	34.3789889174886	59.5114414547223	56.3103930968004	0	15	209
534	1	15	86.219904188545	34.3789889174886	59.5114414547223	56.3104017925443	0	15	209
535	1	15	86.219904188545	34.3789889174886	59.5114414547223	56.3104104557806	0	15	209
536	1	15	86.219904188545	34.3789889174886	59.5114414547223	56.3104190866915	0	15	209
537	1	15	86.219904188545	34.3789889174886	59.5114414547223	56.6733510797759	0	15	10
538	1	15	86.219904188545	34.3789889174886	59.5114414547223	56.6733588677762	0	15	10
539	1	15	86.219904188545	34.3789889174886	59.5114414547223	56.6733666268785	0	15	10
540	1	15	86.219904188545	34.3789889174886	59.5114414547223	56.6733743572433	0	15	10
541	1	15	86.219904188545	34.3789889174886	59.5114414547223	56.6733820590302	0	15	10
542	1	15	86.219904188545	34.3789889174886	59.5114414547223	56.6733897323971	0	15	10
543	1	15	86.219904188545	34.3789889174886	59.5114414547223	56.6733973775012	0	15	10
544	1	15	86.219904188545	34.3789889174886	59.5114414547223	56.310486991652	0	15	209
545	1	15	86.219904188545	34.3789889174886	59.5114414547223	56.3104953396013	0	15	209
546	1	15	86.219904188545	34.3789889174886	59.5114414547223	56.6734201447891	0	15	10
547	1	15	86.219904188545	34.3789889174886	59.5114414547223	56.673427678389	0	15	10
548	1	15	86.219904188545	34.3789889174886	59.5114414547223	56.673435184494	0	15	10
549	1	15	86.219904188545	34.3789889174886	59.5114414547223	56.6734426632543	0	15	10
550	1	15	86.219904188545	34.3789889174886	59.5114414547223	56.6734501148191	0	15	10
551	1	15	86.219904188545	34.3789889174886	59.5114414547223	56.6734575393365	0	15	10
552	1	15	86.219904188545	34.3789889174886	59.5114414547223	56.6734649369535	0	15	10
553	1	15	86.219904188545	34.3789889174886	59.5114414547223	56.673472307816	0	15	10
554	1	15	86.219904188545	34.3789889174886	59.5114414547223	56.6734796520689	0	15	10
555	1	15	86.219904188545	34.3789889174886	59.5114414547223	56.3105771645455	0	15	209
556	1	15	86.219904188545	34.3789889174886	59.5114414547223	56.6734942613201	0	15	10
557	1	15	86.219904188545	34.3789889174886	59.5114414547223	56.673501526603	0	15	10
558	1	15	86.219904188545	34.3789889174886	59.5114414547223	56.6735087658455	0	15	10
559	1	15	86.219904188545	34.3789889174886	59.5114414547223	56.6735159791873	0	15	10
560	1	15	86.219904188545	34.3789889174886	59.5114414547223	56.6735231667672	0	15	10
561	1	15	86.219904188545	34.3789889174886	59.5114414547223	56.6735303287228	0	15	10
562	1	15	86.219904188545	34.3789889174886	59.5114414547223	56.6735374651911	0	15	10
563	1	15	86.219904188545	34.3789889174886	59.5114414547223	56.6735445763079	0	15	10
564	1	15	86.219904188545	34.3789889174886	59.5114414547223	56.6735516622079	0	15	10
565	1	15	86.219904188545	34.3789889174886	59.5114414547223	56.6735587230251	0	15	10
566	1	15	86.219904188545	34.3789889174886	59.5114414547223	56.3106638324855	0	15	209
567	1	15	86.219904188545	34.3789889174886	59.5114414547223	56.3106715446399	0	15	209
568	1	15	86.219904188545	34.3789889174886	59.5114414547223	56.3106792296388	0	15	209
569	1	15	86.219904188545	34.3789889174886	59.5114414547223	56.3106868876253	0	15	209
570	1	15	86.219904188545	34.3789889174886	59.5114414547223	56.3106945187418	0	15	209
571	1	15	86.219904188545	34.3789889174886	59.5114414547223	56.6736005685685	0	15	10
572	1	15	86.219904188545	34.3789889174886	59.5114414547223	56.6736074574764	0	15	10
573	1	15	86.219904188545	34.3789889174886	59.5114414547223	56.6736143223393	0	15	10
574	1	15	86.219904188545	34.3789889174886	59.5114414547223	56.6736211632828	0	15	10
575	1	15	86.219904188545	34.3789889174886	59.5114414547223	56.6736279804317	0	15	10
576	1	15	86.219904188545	34.3789889174886	59.5114414547223	56.67363477391	0	15	10
577	1	15	86.219904188545	34.3789889174886	59.5114414547223	56.3107471959287	0	15	209
578	1	15	86.219904188545	34.3789889174886	59.5114414547223	56.3107546170845	0	15	209
579	1	15	86.219904188545	34.3789889174886	59.5114414547223	56.310762012606	0	15	209
580	1	15	86.219904188545	34.3789889174886	59.5114414547223	56.3107693826256	0	15	209
581	1	15	86.219904188545	34.3789889174886	59.5114414547223	56.3107767272752	0	15	209
582	1	15	86.219904188545	34.3789889174886	59.5114414547223	56.3107840466854	0	15	209
583	1	15	86.219904188545	34.3789889174886	59.5114414547223	56.3107913409861	0	15	209
584	1	15	86.219904188545	34.3789889174886	59.5114414547223	56.3107986103063	0	15	209
585	1	15	86.219904188545	34.3789889174886	59.5114414547223	56.3108058547742	0	15	209
586	1	15	86.219904188545	34.3789889174886	59.5114414547223	56.3108130745169	0	15	209
587	1	15	86.219904188545	34.3789889174886	59.5114414547223	56.3108202696608	0	15	209
588	1	15	86.219904188545	34.3789889174886	59.5114414547223	56.3108274403315	0	15	209
589	1	15	86.219904188545	34.3789889174886	59.5114414547223	56.3108345866535	0	15	209
590	1	15	86.219904188545	34.3789889174886	59.5114414547223	56.3108417087507	0	15	209
591	1	15	86.219904188545	34.3789889174886	59.5114414547223	56.3108488067461	0	15	209
592	1	15	86.219904188545	34.3789889174886	59.5114414547223	56.3108558807617	0	15	209
593	1	15	86.219904188545	34.3789889174886	59.5114414547223	56.3108629309189	0	15	209
594	1	15	86.219904188545	34.3789889174886	59.5114414547223	56.3108699573383	0	15	209
595	1	15	86.219904188545	34.3789889174886	59.5114414547223	56.3108769601394	0	15	220
596	1	15	86.219904188545	34.3789889174886	59.5114414547223	56.3108839394412	0	15	220
597	1	15	86.219904188545	34.3789889174886	59.5114414547223	56.3108908953617	0	15	220
598	1	15	86.219904188545	34.3789889174886	59.5114414547223	56.3108978280183	0	15	220
599	1	15	86.219904188545	34.3789889174886	59.5114414547223	56.3109047375275	0	15	209
600	1	15	86.219904188545	34.3789889174886	59.5114414547223	56.3109116240049	0	15	209
601	1	15	86.219904188545	34.3789889174886	59.5114414547223	56.3109184875657	0	15	220
602	1	15	86.219904188545	34.3789889174886	59.5114414547223	56.3109253283239	0	15	220
603	1	15	86.219904188545	34.3789889174886	59.5114414547223	56.310932146393	0	15	220
604	1	15	86.219904188545	34.3789889174886	59.5114414547223	56.3109389418857	0	15	220
605	1	15	86.219904188545	34.3789889174886	59.5114414547223	56.310945714914	0	15	220
606	1	15	86.219904188545	34.3789889174886	59.5114414547223	56.3109524655891	0	15	220
607	1	15	86.219904188545	34.3789889174886	59.5114414547223	56.3109591940214	0	15	220
608	1	15	86.219904188545	34.3789889174886	59.5114414547223	56.3109659003207	0	15	220
609	1	15	86.219904188545	34.3789889174886	59.5114414547223	56.3109725845961	0	15	220
610	1	15	86.219904188545	34.3789889174886	59.5114414547223	56.3109792469558	0	15	209
611	1	15	86.219904188545	34.3789889174886	59.5114414547223	56.3109858875074	0	15	220
612	1	15	86.219904188545	34.3789889174886	59.5114414547223	56.3109925063579	0	15	220
613	1	15	86.219904188545	34.3789889174886	59.5114414547223	56.3109991036134	0	15	220
614	1	15	86.219904188545	34.3789889174886	59.5114414547223	56.3110056793795	0	15	220
615	1	15	86.219904188545	34.3789889174886	59.5114414547223	56.311012233761	0	15	220
616	1	15	86.219904188545	34.3789889174886	59.5114414547223	56.3110187668621	0	15	209
617	1	15	86.219904188545	34.3789889174886	59.5114414547223	56.3110252787861	0	15	209
618	1	15	86.219904188545	34.3789889174886	59.5114414547223	56.311031769636	0	15	209
619	1	15	86.219904188545	34.3789889174886	59.5114414547223	56.3110382395138	0	15	220
620	1	15	86.219904188545	34.3789889174886	59.5114414547223	56.3110446885211	0	15	209
621	1	15	86.219904188545	34.3789889174886	59.5114414547223	56.3110511167586	0	15	209
622	1	15	86.219904188545	34.3789889174886	59.5114414547223	56.3110575243265	0	15	209
623	1	15	86.219904188545	34.3789889174886	59.5114414547223	56.3110639113244	0	15	209
624	1	15	86.219904188545	34.3789889174886	59.5114414547223	56.3110702778511	0	15	209
625	1	15	86.219904188545	34.3789889174886	59.5114414547223	56.3110766240049	0	15	209
626	1	15	86.219904188545	34.3789889174886	59.5114414547223	56.3110829498835	0	15	209
627	1	15	86.219904188545	34.3789889174886	59.5114414547223	56.3110892555839	0	15	209
628	1	15	86.219904188545	34.3789889174886	59.5114414547223	56.3110955412024	0	15	220
629	1	15	86.219904188545	34.3789889174886	59.5114414547223	56.3111018068348	0	15	220
630	1	15	86.219904188545	34.3789889174886	59.5114414547223	56.3111080525764	0	15	220
631	1	15	86.219904188545	34.3789889174886	59.5114414547223	56.3111142785216	0	15	209
632	1	15	86.219904188545	34.3789889174886	59.5114414547223	56.3111204847644	0	15	209
633	1	15	86.219904188545	34.3789889174886	59.5114414547223	56.3111266713983	0	15	209
634	1	15	86.219904188545	34.3789889174886	59.5114414547223	56.311132838516	0	15	209
635	1	15	86.219904188545	34.3789889174886	59.5114414547223	56.3111389862097	0	15	209
636	1	15	86.219904188545	34.3789889174886	59.5114414547223	56.311145114571	0	15	209
637	1	15	86.219904188545	34.3789889174886	59.5114414547223	56.311151223691	0	15	209
638	1	15	86.219904188545	34.3789889174886	59.5114414547223	56.3111573136601	0	15	209
639	1	15	86.219904188545	34.3789889174886	59.5114414547223	56.3111633845683	0	15	209
640	1	15	86.219904188545	34.3789889174886	59.5114414547223	56.3111694365049	0	15	209
641	1	15	86.219904188545	34.3789889174886	59.5114414547223	56.3111754695588	0	15	209
642	1	15	86.219904188545	34.3789889174886	59.5114414547223	56.311181483818	0	15	209
643	1	15	86.219904188545	34.3789889174886	59.5114414547223	56.3111874793704	0	15	209
644	1	15	86.219904188545	34.3789889174886	59.5114414547223	56.3111934563031	0	15	209
645	1	15	86.219904188545	34.3789889174886	59.5114414547223	56.3111994147026	0	15	209
646	1	15	86.219904188545	34.3789889174886	59.5114414547223	56.3112053546551	0	15	209
647	1	15	86.219904188545	34.3789889174886	59.5114414547223	56.3112112762461	0	15	209
648	1	15	86.219904188545	34.3789889174886	59.5114414547223	56.3112171795605	0	15	209
649	1	15	86.219904188545	34.3789889174886	59.5114414547223	56.3112230646829	0	15	209
650	1	15	86.219904188545	34.3789889174886	59.5114414547223	56.3112289316973	0	15	209
651	1	15	86.219904188545	34.3789889174886	59.5114414547223	56.311234780687	0	15	209
652	1	15	86.219904188545	34.3789889174886	59.5114414547223	56.311240611735	0	15	220
653	1	15	86.219904188545	34.3789889174886	59.5114414547223	56.3112464249238	0	15	220
654	1	15	86.219904188545	34.3789889174886	59.5114414547223	56.3112522203352	0	15	209
655	1	15	86.219904188545	34.3789889174886	59.5114414547223	56.3112579980507	0	15	209
656	1	15	86.219904188545	34.3789889174886	59.5114414547223	56.3112637581513	0	15	220
657	1	15	86.219904188545	34.3789889174886	59.5114414547223	56.3112695007173	0	15	220
658	1	15	86.219904188545	34.3789889174886	59.5114414547223	56.3112752258287	0	15	220
659	1	15	86.219904188545	34.3789889174886	59.5114414547223	56.3112809335649	0	15	220
660	1	15	86.219904188545	34.3789889174886	59.5114414547223	56.3112866240049	0	15	220
661	1	15	86.219904188545	34.3789889174886	59.5114414547223	56.3112922972273	0	15	220
662	1	15	86.219904188545	34.3789889174886	59.5114414547223	56.3112979533101	0	15	220
663	1	15	86.219904188545	34.3789889174886	59.5114414547223	56.3113035923307	0	15	220
664	1	15	86.219904188545	34.3789889174886	59.5114414547223	56.3113092143664	0	15	220
665	1	15	86.219904188545	34.3789889174886	59.5114414547223	56.3113148194937	0	15	209
666	1	15	86.219904188545	34.3789889174886	59.5114414547223	56.3113204077887	0	15	220
667	1	15	86.219904188545	34.3789889174886	59.5114414547223	56.3113259793273	0	15	220
668	1	15	86.219904188545	34.3789889174886	59.5114414547223	56.3113315341846	0	15	220
669	1	15	86.219904188545	34.3789889174886	59.5114414547223	56.3113370724354	0	15	220
670	1	15	86.219904188545	34.3789889174886	59.5114414547223	56.3113425941542	0	15	220
671	1	15	86.219904188545	34.3789889174886	59.5114414547223	56.3113480994148	0	15	209
672	1	15	86.219904188545	34.3789889174886	59.5114414547223	56.3113535882907	0	15	220
673	1	15	86.219904188545	34.3789889174886	59.5114414547223	56.3113590608549	0	15	209
674	1	15	86.219904188545	34.3789889174886	59.5114414547223	56.31136451718	0	15	209
675	1	15	86.219904188545	34.3789889174886	59.5114414547223	56.3113699573383	0	15	209
676	1	15	86.219904188545	34.3789889174886	59.5114414547223	56.3113753814014	0	15	209
677	1	15	86.219904188545	34.3789889174886	59.5114414547223	56.3113807894407	0	15	209
678	1	15	86.219904188545	34.3789889174886	59.5114414547223	56.3113861815271	0	15	209
679	1	15	86.219904188545	34.3789889174886	59.5114414547223	56.311391557731	0	15	209
680	1	15	86.219904188545	34.3789889174886	59.5114414547223	56.3113969181226	0	15	209
681	1	15	86.219904188545	34.3789889174886	59.5114414547223	56.3114022627715	0	15	220
682	1	15	86.219904188545	34.3789889174886	59.5114414547223	56.3114075917469	0	15	220
683	1	15	86.219904188545	34.3789889174886	59.5114414547223	56.3114129051177	0	15	220
684	1	15	86.219904188545	34.3789889174886	59.5114414547223	56.3114182029523	0	15	220
685	1	15	86.219904188545	34.3789889174886	59.5114414547223	56.3114234853188	0	15	220
