"Iteration #"	"Inertia"	"Number of features"	"CV best"	"Permuted CV best"	"Global best fitness"	"Current best fitness"	"Number of features in current best agent"	"Number of features in global best"	"Number of features in local best"
1	1	40	70.2176554500753	37.2852884086184	37.6746508126347	37.6746508126347	40	40	800
2	1	40	70.2176554500753	37.2852884086184	42.1746508126347	42.1746508126347	40	40	760
3	1	36	70.2176554500753	37.2852884086184	43.6746508126347	43.6746508126347	40	40	760
4	1	36	70.2176554500753	37.2852884086184	44.4246508126347	44.4246508126347	40	40	760
5	1	36	70.2176554500753	37.2852884086184	44.8746508126347	44.8746508126347	40	40	760
6	1	37	70.2176554500753	37.2852884086184	45.1746508126347	45.1746508126347	40	40	760
7	1	37	70.2176554500753	37.2852884086184	45.3889365269204	45.3889365269204	40	40	760
8	1	37	70.2176554500753	37.2852884086184	45.5496508126347	45.5496508126347	40	40	760
9	1	38	70.2176554500753	37.2852884086184	45.6746508126347	45.6746508126347	40	40	760
10	1	38	70.2176554500753	37.2852884086184	45.6746508126347	45.7746508126347	40	40	760
11	1	38	70.2176554500753	37.2852884086184	45.8564689944529	45.8564689944529	40	40	760
12	1	38	70.2176554500753	37.2852884086184	45.8564689944529	45.9246508126347	40	40	760
13	1	38	70.2176554500753	37.2852884086184	45.982343120327	45.982343120327	40	40	760
14	1	38	70.2176554500753	37.2852884086184	45.982343120327	46.0317936697775	40	40	760
15	1	38	70.2176554500753	37.2852884086184	45.982343120327	46.0746508126347	40	40	760
16	1	38	70.2176554500753	37.2852884086184	46.1121508126347	46.1121508126347	40	40	760
17	1	38	70.2176554500753	37.2852884086184	46.1121508126347	46.1452390479288	40	40	760
18	1	38	70.2176554500753	37.2852884086184	46.1121508126347	46.1746508126347	40	40	760
19	1	38	70.2176554500753	37.2852884086184	46.1121508126347	46.2009666021084	40	40	760
20	1	38	70.2176554500753	37.2852884086184	46.2246508126347	46.2246508126347	40	40	760
21	1	24	68.406565848052	29.5290966877171	49.7774138474942	49.7774138474942	40	24	24
22	1	24	68.406565848052	29.5290966877171	49.7774138474942	46.2655599035438	40	24	760
23	1	24	68.406565848052	29.5290966877171	49.7774138474942	49.1064151888563	40	24	24
24	1	24	68.406565848052	29.5290966877171	49.7774138474942	46.2996508126347	40	24	760
25	1	24	68.406565848052	29.5290966877171	49.7774138474942	47.8821079720109	40	24	24
26	1	24	68.406565848052	29.5290966877171	49.7774138474942	49.8268643969448	40	24	24
27	1	24	68.406565848052	29.5290966877171	49.7774138474942	49.8345567046371	40	24	24
28	1	24	68.406565848052	29.5290966877171	49.7774138474942	49.8416995617799	40	24	24
29	1	24	68.406565848052	29.5290966877171	49.7774138474942	49.8483498080854	40	24	24
30	1	24	68.406565848052	29.5290966877171	49.7774138474942	49.8545567046371	40	24	24
31	1	24	68.406565848052	29.5290966877171	49.7774138474942	49.86036315625	40	24	24
32	1	24	68.406565848052	29.5290966877171	49.7774138474942	49.8658067046371	40	24	24
33	1	24	68.406565848052	29.5290966877171	49.7774138474942	49.8709203410007	40	24	456
34	1	24	68.406565848052	29.5290966877171	49.7774138474942	49.8757331752253	40	24	456
35	1	24	68.406565848052	29.5290966877171	49.8802709903514	49.8802709903514	40	24	456
36	1	24	68.406565848052	29.5290966877171	49.8802709903514	49.8845567046371	40	24	480
37	1	24	68.406565848052	29.5290966877171	49.8802709903514	49.8886107586911	40	24	480
38	1	24	68.406565848052	29.5290966877171	49.8802709903514	49.8924514414792	40	24	480
39	1	24	68.406565848052	29.5290966877171	49.8802709903514	49.8960951661756	40	24	480
40	1	24	68.406565848052	29.5290966877171	49.8802709903514	49.8995567046371	40	24	480
41	1	24	68.406565848052	29.5290966877171	49.8802709903514	49.9028493875639	40	24	480
42	1	24	68.406565848052	29.5290966877171	49.8802709903514	49.9059852760657	40	24	480
43	1	24	68.406565848052	29.5290966877171	49.8802709903514	49.9089753092883	40	24	480
44	1	24	68.406565848052	29.5290966877171	49.8802709903514	49.9118294319098	40	24	480
45	1	24	68.406565848052	29.5290966877171	49.8802709903514	49.9145567046371	40	24	480
46	1	24	68.406565848052	29.5290966877171	49.8802709903514	49.9171654002893	40	24	480
47	1	24	68.406565848052	29.5290966877171	49.8802709903514	49.9196630876158	40	24	480
48	1	24	68.406565848052	29.5290966877171	49.8802709903514	49.9220567046371	40	24	480
49	1	24	68.406565848052	29.5290966877171	49.8802709903514	49.9243526230044	40	24	480
50	1	24	68.406565848052	29.5290966877171	49.8802709903514	49.9265567046371	40	24	480
51	1	24	68.406565848052	29.5290966877171	49.8802709903514	49.9286743516959	40	24	480
52	1	24	68.406565848052	29.5290966877171	49.8802709903514	49.9307105507909	40	24	480
53	1	24	68.406565848052	29.5290966877171	49.8802709903514	49.9326699121843	40	24	480
54	1	24	68.406565848052	29.5290966877171	49.8802709903514	49.9345567046371	40	24	480
55	1	24	68.406565848052	29.5290966877171	49.8802709903514	49.9363748864553	40	24	480
56	1	24	68.406565848052	29.5290966877171	49.8802709903514	49.9381281332085	40	24	480
57	1	24	68.406565848052	29.5290966877171	49.8802709903514	49.9398198625318	40	24	480
58	1	24	68.406565848052	29.5290966877171	49.8802709903514	49.9414532563612	40	24	480
59	1	24	68.406565848052	29.5290966877171	49.8802709903514	49.9430312809083	40	24	480
60	1	24	68.406565848052	29.5290966877171	49.8802709903514	49.9445567046371	40	24	480
61	1	25	66.6514207469752	27.5973952839807	50.1615090800241	50.1615090800241	40	25	25
62	1	25	66.6514207469752	27.5973952839807	50.1615090800241	50.1629963883266	40	25	25
63	1	25	66.6514207469752	27.5973952839807	50.1615090800241	50.1644364804925	40	25	25
64	1	25	66.6514207469752	27.5973952839807	50.1615090800241	50.1658315697782	40	25	25
65	1	25	66.6514207469752	27.5973952839807	50.1615090800241	50.1671837332398	40	25	25
66	1	25	66.6514207469752	27.5973952839807	50.1615090800241	50.168494922051	40	25	25
67	1	25	66.6514207469752	27.5973952839807	50.1615090800241	50.1697669708976	40	25	25
68	1	25	66.6514207469752	27.5973952839807	50.1615090800241	50.1710016065429	40	25	25
69	1	25	66.6514207469752	27.5973952839807	50.1615090800241	50.1722004556478	40	25	25
70	1	25	66.6514207469752	27.5973952839807	50.1615090800241	50.1733650519211	40	25	25
71	1	25	66.6514207469752	27.5973952839807	50.1615090800241	50.1744968426656	40	25	25
72	1	25	66.6514207469752	27.5973952839807	50.1615090800241	50.1755971947782	40	25	25
73	1	25	66.6514207469752	27.5973952839807	50.1615090800241	49.9605841018974	40	25	456
74	1	25	66.6514207469752	27.5973952839807	50.1615090800241	49.9615837316641	40	25	456
75	1	25	66.6514207469752	27.5973952839807	50.1615090800241	49.9625567046371	40	25	456
76	1	25	66.6514207469752	27.5973952839807	50.1615090800241	50.1797090368835	40	25	25
77	1	25	66.6514207469752	27.5973952839807	50.1615090800241	50.1806702467263	40	25	25
78	1	25	66.6514207469752	27.5973952839807	50.1615090800241	50.1816068101629	40	25	25
79	1	25	66.6514207469752	27.5973952839807	50.1615090800241	50.1825196631327	40	25	25
80	1	25	66.6514207469752	27.5973952839807	50.1615090800241	50.1834096947782	40	25	25
81	1	25	66.6514207469752	27.5973952839807	50.1615090800241	50.1842777503338	40	25	25
82	1	25	66.6514207469752	27.5973952839807	50.1615090800241	50.1851246338026	40	25	25
83	1	25	66.6514207469752	27.5973952839807	50.1615090800241	50.1859511104409	40	25	25
84	1	25	66.6514207469752	27.5973952839807	50.1615090800241	50.186757909064	40	25	25
85	1	25	66.6514207469752	27.5973952839807	50.1615090800241	50.18754572419	40	25	25
86	1	25	66.6514207469752	27.5973952839807	50.1615090800241	50.1883152180341	40	25	25
87	1	25	66.6514207469752	27.5973952839807	50.1615090800241	50.1890670223644	40	25	25
88	1	25	66.6514207469752	27.5973952839807	50.1615090800241	50.1898017402328	40	25	25
89	1	25	66.6514207469752	27.5973952839807	50.1615090800241	50.1905199475872	40	25	25
90	1	25	66.6514207469752	27.5973952839807	50.1615090800241	50.1912221947782	40	25	25
91	1	25	66.6514207469752	27.5973952839807	50.1615090800241	50.1919090079651	40	25	25
92	1	25	66.6514207469752	27.5973952839807	50.1615090800241	50.1925808904304	40	25	25
93	1	25	66.6514207469752	27.5973952839807	50.1615090800241	50.1932383238105	40	25	25
94	1	25	66.6514207469752	27.5973952839807	50.1615090800241	50.1938817692463	40	25	25
95	1	25	66.6514207469752	27.5973952839807	50.1615090800241	50.1945116684625	40	25	25
96	1	25	66.6514207469752	27.5973952839807	50.1615090800241	49.9783067046371	40	25	456
97	1	25	66.6514207469752	27.5973952839807	50.1615090800241	49.9788866015443	40	25	456
98	1	25	66.6514207469752	27.5973952839807	50.1615090800241	49.9794546638208	40	25	456
99	1	25	66.6514207469752	27.5973952839807	50.1615090800241	49.9800112500916	40	25	456
100	1	25	66.6514207469752	27.5973952839807	50.1615090800241	49.9805567046371	40	25	456
101	1	25	66.6514207469752	27.5973952839807	50.1615090800241	50.1980291254713	40	25	25
102	1	25	66.6514207469752	27.5973952839807	50.1615090800241	50.1985751359547	40	25	25
103	1	25	66.6514207469752	27.5973952839807	50.1615090800241	50.1991105442928	40	25	25
104	1	25	66.6514207469752	27.5973952839807	50.1615090800241	50.1996356563167	40	25	25
105	1	25	66.6514207469752	27.5973952839807	50.1615090800241	50.2001507662068	40	25	25
106	1	25	66.6514207469752	27.5973952839807	50.1615090800241	50.2006561570424	40	25	25
107	1	25	66.6514207469752	27.5973952839807	50.1615090800241	50.2011521013203	40	25	25
108	1	25	66.6514207469752	27.5973952839807	50.1615090800241	50.2016388614449	40	25	25
109	1	25	66.6514207469752	27.5973952839807	50.1615090800241	50.2021166901911	40	25	25
110	1	25	66.6514207469752	27.5973952839807	50.1615090800241	50.2025858311419	40	25	25
111	1	25	66.6514207469752	27.5973952839807	50.1615090800241	49.9859080559884	40	25	456
112	1	25	66.6514207469752	27.5973952839807	50.1615090800241	49.9863424189228	40	25	456
113	1	25	66.6514207469752	27.5973952839807	50.1615090800241	49.9867690940176	40	25	456
114	1	25	66.6514207469752	27.5973952839807	50.1615090800241	49.9871882835845	40	25	456
115	1	15	73.4987641790519	29.8330932168007	52.8643378342193	52.8643378342193	40	15	15
116	1	15	73.4987641790519	29.8330932168007	52.8643378342193	52.86459083272	40	15	15
117	1	15	73.4987641790519	29.8330932168007	52.8643378342193	52.8648395064601	40	15	15
118	1	15	73.4987641790519	29.8330932168007	52.8643378342193	52.865083965391	40	15	15
119	1	15	73.4987641790519	29.8330932168007	52.8643378342193	52.8653243157684	40	15	15
120	1	15	73.4987641790519	29.8330932168007	52.8643378342193	52.8655606603062	40	15	15
121	1	15	73.4987641790519	29.8330932168007	52.8643378342193	52.8657930983228	40	15	15
122	1	15	73.4987641790519	29.8330932168007	52.8643378342193	52.86602172588	40	15	15
123	1	15	73.4987641790519	29.8330932168007	52.8643378342193	52.866246635916	40	15	15
124	1	15	73.4987641790519	29.8330932168007	52.8643378342193	52.8664679183708	40	15	15
125	1	15	73.4987641790519	29.8330932168007	52.8643378342193	52.8666856603062	40	15	15
126	1	15	73.4987641790519	29.8330932168007	52.8643378342193	52.8668999460205	40	15	15
127	1	15	73.4987641790519	29.8330932168007	52.8643378342193	52.8671108571566	40	15	285
128	1	15	73.4987641790519	29.8330932168007	52.8643378342193	52.8673184728062	40	15	285
129	1	15	73.4987641790519	29.8330932168007	52.8643378342193	52.8675228696086	40	15	285
130	1	15	73.4987641790519	29.8330932168007	52.8643378342193	52.8677241218447	40	15	285
131	1	15	73.4987641790519	29.8330932168007	52.8643378342193	52.8679223015276	40	15	300
132	1	15	73.4987641790519	29.8330932168007	52.8643378342193	52.8681174784881	40	15	300
133	1	15	73.4987641790519	29.8330932168007	52.8643378342193	52.8683097204566	40	15	300
134	1	15	73.4987641790519	29.8330932168007	52.8643378342193	52.8684990931421	40	15	300
135	1	15	73.4987641790519	29.8330932168007	52.8643378342193	52.8686856603062	40	15	300
136	1	15	73.4987641790519	29.8330932168007	52.8643378342193	52.8688694838356	40	15	300
137	1	15	73.4987641790519	29.8330932168007	52.8643378342193	52.8690506238099	40	15	300
138	1	15	73.4987641790519	29.8330932168007	52.8643378342193	52.8692291385671	40	15	300
139	1	15	73.4987641790519	29.8330932168007	52.8643378342193	52.8694050847667	40	15	300
140	1	15	73.4987641790519	29.8330932168007	52.8643378342193	52.8695785174491	40	15	300
141	1	15	73.4987641790519	29.8330932168007	52.8643378342193	52.8697494900935	40	15	300
142	1	15	73.4987641790519	29.8330932168007	52.8643378342193	52.8699180546724	40	15	300
143	1	15	73.4987641790519	29.8330932168007	52.8643378342193	52.8700842617048	40	15	300
144	1	15	73.4987641790519	29.8330932168007	52.8643378342193	52.8702481603062	40	15	300
145	1	15	73.4987641790519	29.8330932168007	52.8643378342193	52.8704097982373	40	15	300
146	1	15	73.4987641790519	29.8330932168007	52.8643378342193	52.8705692219501	40	15	300
147	1	15	73.4987641790519	29.8330932168007	52.8643378342193	52.8707264766328	40	15	300
148	1	15	73.4987641790519	29.8330932168007	52.8643378342193	52.8708816062522	40	15	300
149	1	15	73.4987641790519	29.8330932168007	52.8643378342193	52.8710346535948	40	15	300
150	1	15	73.4987641790519	29.8330932168007	52.8643378342193	52.8711856603062	40	15	300
151	1	15	73.4987641790519	29.8330932168007	52.8643378342193	52.8713346669287	40	15	285
152	1	15	73.4987641790519	29.8330932168007	52.8643378342193	52.8714817129378	40	15	285
153	1	15	73.4987641790519	29.8330932168007	52.8643378342193	52.8716268367768	40	15	285
154	1	15	73.4987641790519	29.8330932168007	52.8643378342193	52.8717700758906	40	15	285
155	1	15	73.4987641790519	29.8330932168007	52.8643378342193	52.8719114667578	40	15	285
156	1	15	73.4987641790519	29.8330932168007	52.8643378342193	52.8720510449216	40	15	300
157	1	15	73.4987641790519	29.8330932168007	52.8643378342193	52.8721888450196	40	15	300
158	1	15	73.4987641790519	29.8330932168007	52.8643378342193	52.8723249008126	40	15	300
159	1	15	73.4987641790519	29.8330932168007	52.8643378342193	52.8724592452119	40	15	300
160	1	15	73.4987641790519	29.8330932168007	52.8643378342193	52.8725919103062	40	15	300
161	1	15	73.4987641790519	29.8330932168007	52.8643378342193	52.872722927387	40	15	300
162	1	15	73.4987641790519	29.8330932168007	52.8643378342193	52.8728523269729	40	15	300
163	1	15	73.4987641790519	29.8330932168007	52.8643378342193	52.8729801388338	40	15	300
164	1	15	73.4987641790519	29.8330932168007	52.8643378342193	52.8731063920135	40	15	300
165	1	15	73.4987641790519	29.8330932168007	52.8643378342193	52.8732311148517	40	15	300
166	1	15	73.4987641790519	29.8330932168007	52.8643378342193	52.873354335005	40	15	300
167	1	15	73.4987641790519	29.8330932168007	52.8643378342193	52.8734760794679	40	15	300
168	1	15	73.4987641790519	29.8330932168007	52.8643378342193	52.8735963745919	40	15	300
169	1	15	73.4987641790519	29.8330932168007	52.8643378342193	52.873715246105	40	15	300
170	1	15	73.4987641790519	29.8330932168007	52.8643378342193	52.8738327191298	40	15	300
171	1	15	73.4987641790519	29.8330932168007	52.8643378342193	52.873948818201	40	15	285
172	1	15	73.4987641790519	29.8330932168007	52.8643378342193	52.874063567283	40	15	285
173	1	15	73.4987641790519	29.8330932168007	52.8643378342193	52.874176989786	40	15	285
174	1	15	73.4987641790519	29.8330932168007	52.8643378342193	52.8742891085821	40	15	285
175	1	15	73.4987641790519	29.8330932168007	52.8643378342193	52.8743999460205	40	15	285
176	1	15	73.4987641790519	29.8330932168007	52.8643378342193	52.8745095239426	40	15	300
177	1	15	73.4987641790519	29.8330932168007	52.8643378342193	52.8746178636961	40	15	300
178	1	15	73.4987641790519	29.8330932168007	52.8643378342193	52.8747249861489	40	15	300
179	1	15	73.4987641790519	29.8330932168007	52.8643378342193	52.8748309117029	40	15	300
180	1	15	73.4987641790519	29.8330932168007	52.8643378342193	52.8749356603062	40	15	300
181	1	15	73.4987641790519	29.8330932168007	52.8643378342193	52.8750392514665	40	15	300
182	1	15	73.4987641790519	29.8330932168007	52.8643378342193	52.8751417042623	40	15	300
183	1	15	73.4987641790519	29.8330932168007	52.8643378342193	52.8752430373554	40	15	300
184	1	15	73.4987641790519	29.8330932168007	52.8643378342193	52.8753432690019	40	15	300
185	1	15	73.4987641790519	29.8330932168007	52.8643378342193	52.875442417063	40	15	300
186	1	15	73.4987641790519	29.8330932168007	52.8643378342193	52.8755404990159	40	15	300
187	1	15	73.4987641790519	29.8330932168007	52.8643378342193	52.875637531964	40	15	300
188	1	15	73.4987641790519	29.8330932168007	52.8643378342193	52.8757335326467	40	15	300
189	1	15	73.4987641790519	29.8330932168007	52.8643378342193	52.8758285174491	40	15	300
190	1	15	73.4987641790519	29.8330932168007	52.8643378342193	52.8759225024115	40	15	300
191	1	15	73.4987641790519	29.8330932168007	52.8643378342193	52.8760155032382	40	15	300
192	1	15	73.4987641790519	29.8330932168007	52.8643378342193	52.8761075353062	40	15	300
193	1	15	73.4987641790519	29.8330932168007	52.8643378342193	52.8761986136741	40	15	300
194	1	15	73.4987641790519	29.8330932168007	52.8643378342193	52.8762887530897	40	15	300
195	1	15	73.4987641790519	29.8330932168007	52.8643378342193	52.8763779679985	40	15	300
196	1	15	73.4987641790519	29.8330932168007	52.8643378342193	52.8764662725511	40	15	300
197	1	15	73.4987641790519	29.8330932168007	52.8643378342193	52.8765536806108	40	15	300
198	1	15	73.4987641790519	29.8330932168007	52.8643378342193	52.8766402057608	40	15	300
199	1	15	73.4987641790519	29.8330932168007	52.8643378342193	52.8767258613113	40	15	300
200	1	15	73.4987641790519	29.8330932168007	52.8643378342193	52.8768106603062	40	15	300
201	1	15	73.4987641790519	29.8330932168007	52.8643378342193	52.8768946155301	40	15	300
202	1	15	73.4987641790519	29.8330932168007	52.8643378342193	52.8769777395142	40	15	300
203	1	15	73.4987641790519	29.8330932168007	52.8643378342193	52.8770600445427	40	15	300
204	1	15	73.4987641790519	29.8330932168007	52.8643378342193	52.8771415426592	40	15	300
205	1	15	73.4987641790519	29.8330932168007	52.8643378342193	52.8772222456721	40	15	300
206	1	15	73.4987641790519	29.8330932168007	52.8643378342193	52.8773021651606	40	15	300
207	1	15	73.4987641790519	29.8330932168007	52.8643378342193	52.8773813124801	40	15	300
208	1	15	73.4987641790519	29.8330932168007	52.8643378342193	52.8774596987678	40	15	300
209	1	15	73.4987641790519	29.8330932168007	52.8643378342193	52.8775373349474	40	15	300
210	1	15	73.4987641790519	29.8330932168007	52.8643378342193	52.8776142317348	40	15	300
211	1	15	73.4987641790519	29.8330932168007	52.8643378342193	52.8776903996427	40	15	300
212	1	15	73.4987641790519	29.8330932168007	52.8643378342193	52.8777658489855	40	15	300
213	1	15	73.4987641790519	29.8330932168007	52.8643378342193	52.8778405898837	40	15	300
214	1	15	73.4987641790519	29.8330932168007	52.8643378342193	52.8779146322688	40	15	300
215	1	15	73.4987641790519	29.8330932168007	52.8643378342193	52.8779879858876	40	15	300
216	1	15	73.4987641790519	29.8330932168007	52.8643378342193	52.8780606603062	40	15	300
217	1	15	73.4987641790519	29.8330932168007	52.8643378342193	52.8781326649145	40	15	300
218	1	15	73.4987641790519	29.8330932168007	52.8643378342193	52.8782040089301	40	15	300
219	1	15	73.4987641790519	29.8330932168007	52.8643378342193	52.8782747014021	40	15	300
220	1	15	73.4987641790519	29.8330932168007	52.8643378342193	52.8783447512153	40	15	300
221	1	15	73.4987641790519	29.8330932168007	52.8643378342193	52.8784141670936	40	15	300
222	1	15	73.4987641790519	29.8330932168007	52.8643378342193	52.8784829576035	40	15	300
223	1	15	73.4987641790519	29.8330932168007	52.8643378342193	52.8785511311582	40	15	300
224	1	15	73.4987641790519	29.8330932168007	52.8643378342193	52.8786186960205	40	15	300
225	1	15	73.4987641790519	29.8330932168007	52.8643378342193	52.8786856603062	40	15	300
226	1	15	73.4987641790519	29.8330932168007	52.8643378342193	52.8787520319876	40	15	285
227	1	15	73.4987641790519	29.8330932168007	52.8643378342193	52.8788178188965	40	15	285
228	1	15	73.4987641790519	29.8330932168007	52.8643378342193	52.8788830287273	40	15	285
229	1	15	73.4987641790519	29.8330932168007	52.8643378342193	52.8789476690399	40	15	285
230	1	15	73.4987641790519	29.8330932168007	52.8643378342193	52.8790117472628	40	15	285
231	1	15	73.4987641790519	29.8330932168007	52.8643378342193	52.8790752706958	40	15	300
232	1	15	73.4987641790519	29.8330932168007	52.8643378342193	52.8791382465131	40	15	300
233	1	15	73.4987641790519	29.8330932168007	52.8643378342193	52.8792006817655	40	15	300
234	1	15	73.4987641790519	29.8330932168007	52.8643378342193	52.8792625833832	40	15	300
235	1	15	73.4987641790519	29.8330932168007	52.8643378342193	52.8793239581786	40	15	300
236	1	15	73.4987641790519	29.8330932168007	52.8643378342193	52.8793848128486	40	15	285
237	1	15	73.4987641790519	29.8330932168007	52.8643378342193	52.8794451539771	40	15	285
238	1	15	73.4987641790519	29.8330932168007	52.8643378342193	52.8795049880373	40	15	300
239	1	15	73.4987641790519	29.8330932168007	52.8643378342193	52.8795643213941	40	15	300
240	1	15	73.4987641790519	29.8330932168007	52.8643378342193	52.8796231603062	40	15	300
241	1	15	73.4987641790519	29.8330932168007	52.8643378342193	52.8796815109286	40	15	285
242	1	15	73.4987641790519	29.8330932168007	52.8643378342193	52.8797393793145	40	15	285
243	1	15	73.4987641790519	29.8330932168007	52.8643378342193	52.8797967714173	40	15	285
244	1	15	73.4987641790519	29.8330932168007	52.8643378342193	52.8798536930931	40	15	285
245	1	15	73.4987641790519	29.8330932168007	52.8643378342193	52.8799101501021	40	15	285
246	1	15	73.4987641790519	29.8330932168007	52.8643378342193	52.8799661481111	40	15	300
247	1	15	73.4987641790519	29.8330932168007	52.8643378342193	52.8800216926949	40	15	300
248	1	15	73.4987641790519	29.8330932168007	52.8643378342193	52.8800767893385	40	15	285
249	1	15	73.4987641790519	29.8330932168007	52.8643378342193	52.8801314434388	40	15	285
250	1	15	73.4987641790519	29.8330932168007	52.8643378342193	52.8801856603062	40	15	285
251	1	15	73.4987641790519	29.8330932168007	52.8643378342193	52.8802394451668	40	15	300
252	1	15	73.4987641790519	29.8330932168007	52.8643378342193	52.8802928031634	40	15	300
253	1	15	73.4987641790519	29.8330932168007	52.8643378342193	52.8803457393576	40	15	300
254	1	15	73.4987641790519	29.8330932168007	52.8643378342193	52.8803982587314	40	15	300
255	1	15	73.4987641790519	29.8330932168007	52.8643378342193	52.8804503661886	40	15	300
256	1	15	73.4987641790519	29.8330932168007	52.8643378342193	52.8805020665562	40	15	285
257	1	15	73.4987641790519	29.8330932168007	52.8643378342193	52.8805533645864	40	15	285
258	1	15	73.4987641790519	29.8330932168007	52.8643378342193	52.8806042649574	40	15	285
259	1	15	73.4987641790519	29.8330932168007	52.8643378342193	52.8806547722753	40	15	285
260	1	15	73.4987641790519	29.8330932168007	52.8643378342193	52.8807048910755	40	15	285
261	1	15	73.4987641790519	29.8330932168007	52.8643378342193	52.8807546258235	40	15	285
262	1	15	73.4987641790519	29.8330932168007	52.8643378342193	52.8808039809169	40	15	300
263	1	15	73.4987641790519	29.8330932168007	52.8643378342193	52.8808529606865	40	15	300
264	1	15	73.4987641790519	29.8330932168007	52.8643378342193	52.8809015693971	40	15	300
265	1	15	73.4987641790519	29.8330932168007	52.8643378342193	52.8809498112496	40	15	300
266	1	15	73.4987641790519	29.8330932168007	52.8643378342193	52.8809976903814	40	15	285
267	1	15	73.4987641790519	29.8330932168007	52.8643378342193	52.881045210868	40	15	300
268	1	15	73.4987641790519	29.8330932168007	52.8643378342193	52.8810923767241	40	15	285
269	1	15	73.4987641790519	29.8330932168007	52.8643378342193	52.8811391919047	40	15	285
270	1	15	73.4987641790519	29.8330932168007	52.8643378342193	52.8811856603062	40	15	285
271	1	15	73.4987641790519	29.8330932168007	52.8643378342193	52.8812317857675	40	15	285
272	1	13	75.0589336955882	26.9550061518559	56.0482756222547	56.0482756222547	40	13	13
273	1	13	75.0589336955882	26.9550061518559	56.0482756222547	56.048315013011	40	13	13
274	1	13	75.0589336955882	26.9550061518559	56.0482756222547	56.0483541162436	40	13	13
275	1	13	75.0589336955882	26.9550061518559	56.0482756222547	56.048392935089	40	13	13
276	1	13	75.0589336955882	26.9550061518559	56.0482756222547	56.0484314726384	40	13	13
277	1	13	75.0589336955882	26.9550061518559	56.0482756222547	56.0484697319383	40	13	13
278	1	13	75.0589336955882	26.9550061518559	56.0482756222547	56.0485077159915	40	13	13
279	1	13	75.0589336955882	26.9550061518559	56.0482756222547	56.0485454277576	40	13	13
280	1	13	75.0589336955882	26.9550061518559	56.0482756222547	56.0485828701539	40	13	13
281	1	13	75.0589336955882	26.9550061518559	56.0482756222547	56.0486200460563	40	13	13
282	1	13	75.0589336955882	26.9550061518559	56.0482756222547	56.0486569582998	40	13	13
283	1	13	75.0589336955882	26.9550061518559	56.0482756222547	56.0486936096794	40	13	13
284	1	13	75.0589336955882	26.9550061518559	56.0482756222547	56.0487300029507	40	13	247
285	1	13	75.0589336955882	26.9550061518559	56.0482756222547	56.0487661408306	40	13	247
286	1	13	75.0589336955882	26.9550061518559	56.0482756222547	56.0488020259981	40	13	260
287	1	13	75.0589336955882	26.9550061518559	56.0482756222547	56.0488376610947	40	13	260
288	1	13	75.0589336955882	26.9550061518559	56.0482756222547	56.0488730487253	40	13	260
289	1	13	75.0589336955882	26.9550061518559	56.0482756222547	56.0489081914589	40	13	260
290	1	13	75.0589336955882	26.9550061518559	56.0482756222547	56.0489430918288	40	13	260
291	1	13	75.0589336955882	26.9550061518559	56.0482756222547	56.0489777523336	40	13	260
292	1	13	75.0589336955882	26.9550061518559	56.0482756222547	56.0490121754377	40	13	260
293	1	13	75.0589336955882	26.9550061518559	56.0482756222547	56.0490463635717	40	13	260
294	1	13	75.0589336955882	26.9550061518559	56.0482756222547	56.0490803191335	40	13	260
295	1	13	75.0589336955882	26.9550061518559	56.0482756222547	56.049114044488	40	13	260
296	1	13	75.0589336955882	26.9550061518559	56.0482756222547	56.0491475419686	40	13	260
297	1	13	75.0589336955882	26.9550061518559	56.0482756222547	56.0491808138768	40	13	260
298	1	13	75.0589336955882	26.9550061518559	56.0482756222547	56.0492138624837	40	13	260
299	1	13	75.0589336955882	26.9550061518559	56.0482756222547	56.0492466900297	40	13	260
300	1	13	75.0589336955882	26.9550061518559	56.0482756222547	56.0492792987253	40	13	260
301	1	13	75.0589336955882	26.9550061518559	56.0482756222547	56.0493116907519	40	13	247
302	1	13	75.0589336955882	26.9550061518559	56.0482756222547	56.0493438682618	40	13	260
303	1	13	75.0589336955882	26.9550061518559	56.0482756222547	56.0493758333788	40	13	247
304	1	13	75.0589336955882	26.9550061518559	56.0482756222547	56.049407588199	40	13	260
305	1	13	75.0589336955882	26.9550061518559	56.0482756222547	56.0494391347909	40	13	247
306	1	13	75.0589336955882	26.9550061518559	56.0482756222547	56.0494704751959	40	13	247
307	1	13	75.0589336955882	26.9550061518559	56.0482756222547	56.0495016114289	40	13	260
308	1	13	75.0589336955882	26.9550061518559	56.0482756222547	56.0495325454786	40	13	260
309	1	13	75.0589336955882	26.9550061518559	56.0482756222547	56.0495632793079	40	13	260
310	1	13	75.0589336955882	26.9550061518559	56.0482756222547	56.0495938148544	40	13	260
311	1	13	75.0589336955882	26.9550061518559	56.0482756222547	56.0496241540308	40	13	260
312	1	13	75.0589336955882	26.9550061518559	56.0482756222547	56.0496542987253	40	13	260
313	1	13	75.0589336955882	26.9550061518559	56.0482756222547	56.049684250802	40	13	260
314	1	13	75.0589336955882	26.9550061518559	56.0482756222547	56.0497140121011	40	13	260
315	1	13	75.0589336955882	26.9550061518559	56.0482756222547	56.0497435844396	40	13	260
316	1	13	75.0589336955882	26.9550061518559	56.0482756222547	56.0497729696114	40	13	260
317	1	13	75.0589336955882	26.9550061518559	56.0482756222547	56.0498021693878	40	13	260
318	1	13	75.0589336955882	26.9550061518559	56.0482756222547	56.0498311855178	40	13	260
319	1	13	75.0589336955882	26.9550061518559	56.0482756222547	56.0498600197285	40	13	260
320	1	13	75.0589336955882	26.9550061518559	56.0482756222547	56.0498886737253	40	13	260
321	1	13	75.0589336955882	26.9550061518559	56.0482756222547	56.0499171491926	40	13	260
322	1	13	75.0589336955882	26.9550061518559	56.0482756222547	56.0499454477937	40	13	260
323	1	13	75.0589336955882	26.9550061518559	56.0482756222547	56.0499735711712	40	13	260
324	1	13	75.0589336955882	26.9550061518559	56.0482756222547	56.0500015209476	40	13	260
325	1	13	75.0589336955882	26.9550061518559	56.0482756222547	56.0500292987253	40	13	260
326	1	13	75.0589336955882	26.9550061518559	56.0482756222547	56.0500569060873	40	13	260
327	1	13	75.0589336955882	26.9550061518559	56.0482756222547	56.0500843445969	40	13	260
328	1	13	75.0589336955882	26.9550061518559	56.0482756222547	56.0501116157985	40	13	260
329	1	13	75.0589336955882	26.9550061518559	56.0482756222547	56.0501387212177	40	13	260
330	1	13	75.0589336955882	26.9550061518559	56.0482756222547	56.0501656623617	40	13	260
331	1	13	75.0589336955882	26.9550061518559	56.0482756222547	56.0501924407193	40	13	260
332	1	13	75.0589336955882	26.9550061518559	56.0482756222547	56.0502190577615	40	13	260
333	1	13	75.0589336955882	26.9550061518559	56.0482756222547	56.0502455149415	40	13	260
334	1	13	75.0589336955882	26.9550061518559	56.0482756222547	56.0502718136954	40	13	260
335	1	13	75.0589336955882	26.9550061518559	56.0482756222547	56.0502979554417	40	13	260
336	1	13	75.0589336955882	26.9550061518559	56.0482756222547	56.0503239415825	40	13	260
337	1	13	75.0589336955882	26.9550061518559	56.0482756222547	56.0503497735028	40	13	260
338	1	13	75.0589336955882	26.9550061518559	56.0482756222547	56.0503754525715	40	13	260
339	1	13	75.0589336955882	26.9550061518559	56.0482756222547	56.0504009801413	40	13	247
340	1	13	75.0589336955882	26.9550061518559	56.0482756222547	56.0504263575489	40	13	247
341	1	13	75.0589336955882	26.9550061518559	56.0482756222547	56.0504515861154	40	13	260
342	1	13	75.0589336955882	26.9550061518559	56.0482756222547	56.0504766671464	40	13	260
343	1	13	75.0589336955882	26.9550061518559	56.0482756222547	56.0505016019323	40	13	260
344	1	13	75.0589336955882	26.9550061518559	56.0482756222547	56.0505263917486	40	13	260
345	1	13	75.0589336955882	26.9550061518559	56.0482756222547	56.0505510378558	40	13	260
346	1	13	75.0589336955882	26.9550061518559	56.0482756222547	56.0505755414999	40	13	247
347	1	13	75.0589336955882	26.9550061518559	56.0482756222547	56.0505999039126	40	13	247
348	1	13	75.0589336955882	26.9550061518559	56.0482756222547	56.0506241263115	40	13	247
349	1	13	75.0589336955882	26.9550061518559	56.0482756222547	56.0506482099001	40	13	247
350	1	13	75.0589336955882	26.9550061518559	56.0482756222547	56.0506721558682	40	13	247
351	1	13	75.0589336955882	26.9550061518559	56.0482756222547	56.050695965392	40	13	260
352	1	13	75.0589336955882	26.9550061518559	56.0482756222547	56.0507196396344	40	13	260
353	1	13	75.0589336955882	26.9550061518559	56.0482756222547	56.0507431797452	40	13	260
354	1	13	75.0589336955882	26.9550061518559	56.0482756222547	56.0507665868609	40	13	260
355	1	13	75.0589336955882	26.9550061518559	56.0482756222547	56.0507898621056	40	13	260
356	1	13	75.0589336955882	26.9550061518559	56.0482756222547	56.0508130065905	40	13	247
357	1	13	75.0589336955882	26.9550061518559	56.0482756222547	56.0508360214144	40	13	247
358	1	13	75.0589336955882	26.9550061518559	56.0482756222547	56.0508589076639	40	13	247
359	1	13	75.0589336955882	26.9550061518559	56.0482756222547	56.0508816664134	40	13	247
360	1	13	75.0589336955882	26.9550061518559	56.0482756222547	56.0509042987253	40	13	247
361	1	13	75.0589336955882	26.9550061518559	56.0482756222547	56.0509268056505	40	13	247
362	1	13	75.0589336955882	26.9550061518559	56.0482756222547	56.0509491882281	40	13	260
363	1	13	75.0589336955882	26.9550061518559	56.0482756222547	56.0509714474857	40	13	260
364	1	13	75.0589336955882	26.9550061518559	56.0482756222547	56.0509935844396	40	13	260
365	1	13	75.0589336955882	26.9550061518559	56.0482756222547	56.0510156000952	40	13	260
366	1	13	75.0589336955882	26.9550061518559	56.0482756222547	56.0510374954466	40	13	247
367	1	13	75.0589336955882	26.9550061518559	56.0482756222547	56.0510592714774	40	13	247
368	1	13	75.0589336955882	26.9550061518559	56.0482756222547	56.0510809291601	40	13	247
369	1	13	75.0589336955882	26.9550061518559	56.0482756222547	56.051102469457	40	13	247
370	1	13	75.0589336955882	26.9550061518559	56.0482756222547	56.0511238933199	40	13	247
371	1	13	75.0589336955882	26.9550061518559	56.0482756222547	56.0511452016903	40	13	260
372	1	13	75.0589336955882	26.9550061518559	56.0482756222547	56.0511663954995	40	13	260
373	1	13	75.0589336955882	26.9550061518559	56.0482756222547	56.051187475669	40	13	260
374	1	13	75.0589336955882	26.9550061518559	56.0482756222547	56.0512084431104	40	13	260
375	1	13	75.0589336955882	26.9550061518559	56.0482756222547	56.0512292987253	40	13	260
376	1	13	75.0589336955882	26.9550061518559	56.0482756222547	56.0512500434062	40	13	247
377	1	13	75.0589336955882	26.9550061518559	56.0482756222547	56.0512706780357	40	13	247
378	1	13	75.0589336955882	26.9550061518559	56.0482756222547	56.0512912034872	40	13	247
379	1	13	75.0589336955882	26.9550061518559	56.0482756222547	56.0513116206251	40	13	247
380	1	13	75.0589336955882	26.9550061518559	56.0482756222547	56.0513319303043	40	13	247
381	1	13	75.0589336955882	26.9550061518559	56.0482756222547	56.051352133371	40	13	260
382	1	13	75.0589336955882	26.9550061518559	56.0482756222547	56.0513722306625	40	13	260
383	1	13	75.0589336955882	26.9550061518559	56.0482756222547	56.0513922230073	40	13	247
384	1	13	75.0589336955882	26.9550061518559	56.0482756222547	56.0514121112253	40	13	247
385	1	13	75.0589336955882	26.9550061518559	56.0482756222547	56.0514318961279	40	13	247
386	1	13	75.0589336955882	26.9550061518559	56.0482756222547	56.0514515785181	40	13	260
387	1	13	75.0589336955882	26.9550061518559	56.0482756222547	56.0514711591904	40	13	260
388	1	13	75.0589336955882	26.9550061518559	56.0482756222547	56.0514906389315	40	13	260
389	1	13	75.0589336955882	26.9550061518559	56.0482756222547	56.0515100185197	40	13	260
390	1	13	75.0589336955882	26.9550061518559	56.0482756222547	56.0515292987253	40	13	260
391	1	13	75.0589336955882	26.9550061518559	56.0482756222547	56.051548480311	40	13	260
392	1	13	75.0589336955882	26.9550061518559	56.0482756222547	56.0515675640315	40	13	260
393	1	13	75.0589336955882	26.9550061518559	56.0482756222547	56.0515865506337	40	13	260
394	1	13	75.0589336955882	26.9550061518559	56.0482756222547	56.0516054408573	40	13	260
395	1	13	75.0589336955882	26.9550061518559	56.0482756222547	56.0516242354342	40	13	260
396	1	13	75.0589336955882	26.9550061518559	56.0482756222547	56.051642935089	40	13	260
397	1	13	75.0589336955882	26.9550061518559	56.0482756222547	56.0516615405389	40	13	260
398	1	13	75.0589336955882	26.9550061518559	56.0482756222547	56.0516800524942	40	13	260
399	1	13	75.0589336955882	26.9550061518559	56.0482756222547	56.0516984716577	40	13	260
400	1	13	75.0589336955882	26.9550061518559	56.0482756222547	56.0517167987253	40	13	260
401	1	13	75.0589336955882	26.9550061518559	56.0482756222547	56.0517350343862	40	13	260
402	1	13	75.0589336955882	26.9550061518559	56.0482756222547	56.0517531793223	40	13	260
403	1	13	75.0589336955882	26.9550061518559	56.0482756222547	56.0517712342092	40	13	260
404	1	13	75.0589336955882	26.9550061518559	56.0482756222547	56.0517891997154	40	13	260
405	1	13	75.0589336955882	26.9550061518559	56.0482756222547	56.0518070765031	40	13	260
406	1	13	75.0589336955882	26.9550061518559	56.0482756222547	56.0518248652278	40	13	260
407	1	13	75.0589336955882	26.9550061518559	56.0482756222547	56.0518425665386	40	13	260
408	1	13	75.0589336955882	26.9550061518559	56.0482756222547	56.0518601810783	40	13	260
409	1	13	75.0589336955882	26.9550061518559	56.0482756222547	56.0518777094833	40	13	260
410	1	13	75.0589336955882	26.9550061518559	56.0482756222547	56.0518951523839	40	13	260
411	1	13	75.0589336955882	26.9550061518559	56.0482756222547	56.0519125104042	40	13	260
412	1	13	75.0589336955882	26.9550061518559	56.0482756222547	56.0519297841622	40	13	260
413	1	13	75.0589336955882	26.9550061518559	56.0482756222547	56.0519469742701	40	13	260
414	1	13	75.0589336955882	26.9550061518559	56.0482756222547	56.051964081334	40	13	260
415	1	13	75.0589336955882	26.9550061518559	56.0482756222547	56.0519811059542	40	13	260
416	1	13	75.0589336955882	26.9550061518559	56.0482756222547	56.0519980487253	40	13	260
417	1	13	75.0589336955882	26.9550061518559	56.0482756222547	56.0520149102361	40	13	260
418	1	13	75.0589336955882	26.9550061518559	56.0482756222547	56.0520316910698	40	13	260
419	1	13	75.0589336955882	26.9550061518559	56.0482756222547	56.0520483918041	40	13	260
420	1	13	75.0589336955882	26.9550061518559	56.0482756222547	56.052065013011	40	13	260
421	1	13	75.0589336955882	26.9550061518559	56.0482756222547	56.0520815552574	40	13	260
422	1	13	75.0589336955882	26.9550061518559	56.0482756222547	56.0520980191045	40	13	260
423	1	13	75.0589336955882	26.9550061518559	56.0482756222547	56.0521144051083	40	13	260
424	1	13	75.0589336955882	26.9550061518559	56.0482756222547	56.0521307138197	40	13	260
425	1	13	75.0589336955882	26.9550061518559	56.0482756222547	56.0521469457842	40	13	260
426	1	13	75.0589336955882	26.9550061518559	56.0482756222547	56.0521631015422	40	13	260
427	1	13	75.0589336955882	26.9550061518559	56.0482756222547	56.0521791816293	40	13	260
428	1	13	75.0589336955882	26.9550061518559	56.0482756222547	56.0521951865758	40	13	260
429	1	13	75.0589336955882	26.9550061518559	56.0482756222547	56.0522111169072	40	13	260
430	1	13	75.0589336955882	26.9550061518559	56.0482756222547	56.0522269731439	40	13	260
431	1	13	75.0589336955882	26.9550061518559	56.0482756222547	56.0522427558019	40	13	260
432	1	13	75.0589336955882	26.9550061518559	56.0482756222547	56.052258465392	40	13	260
433	1	13	75.0589336955882	26.9550061518559	56.0482756222547	56.0522741024205	40	13	260
434	1	13	75.0589336955882	26.9550061518559	56.0482756222547	56.0522896673889	40	13	260
435	1	13	75.0589336955882	26.9550061518559	56.0482756222547	56.0523051607943	40	13	260
436	1	13	75.0589336955882	26.9550061518559	56.0482756222547	56.052320583129	40	13	260
437	1	13	75.0589336955882	26.9550061518559	56.0482756222547	56.0523359348809	40	13	260
438	1	13	75.0589336955882	26.9550061518559	56.0482756222547	56.0523512165336	40	13	260
439	1	13	75.0589336955882	26.9550061518559	56.0482756222547	56.0523664285659	40	13	260
440	1	13	75.0589336955882	26.9550061518559	56.0482756222547	56.0523815714526	40	13	260
441	1	13	75.0589336955882	26.9550061518559	56.0482756222547	56.0523966456641	40	13	260
442	1	13	75.0589336955882	26.9550061518559	56.0482756222547	56.0524116516665	40	13	260
443	1	13	75.0589336955882	26.9550061518559	56.0482756222547	56.0524265899217	40	13	260
444	1	13	75.0589336955882	26.9550061518559	56.0482756222547	56.0524414608875	40	13	260
445	1	13	75.0589336955882	26.9550061518559	56.0482756222547	56.0524562650175	40	13	260
446	1	13	75.0589336955882	26.9550061518559	56.0482756222547	56.0524710027612	40	13	260
447	1	13	75.0589336955882	26.9550061518559	56.0482756222547	56.0524856745643	40	13	260
448	1	13	75.0589336955882	26.9550061518559	56.0482756222547	56.0525002808682	40	13	260
449	1	13	75.0589336955882	26.9550061518559	56.0482756222547	56.0525148221106	40	13	260
450	1	13	75.0589336955882	26.9550061518559	56.0482756222547	56.0525292987253	40	13	260
451	1	13	75.0589336955882	26.9550061518559	56.0482756222547	56.0525437111422	40	13	260
452	1	13	75.0589336955882	26.9550061518559	56.0482756222547	56.0525580597873	40	13	260
453	1	13	75.0589336955882	26.9550061518559	56.0482756222547	56.0525723450829	40	13	260
454	1	13	75.0589336955882	26.9550061518559	56.0482756222547	56.0525865674478	40	13	260
455	1	13	75.0589336955882	26.9550061518559	56.0482756222547	56.0526007272968	40	13	260
456	1	13	75.0589336955882	26.9550061518559	56.0482756222547	56.0526148250411	40	13	247
457	1	13	75.0589336955882	26.9550061518559	56.0482756222547	56.0526288610886	40	13	247
458	1	13	75.0589336955882	26.9550061518559	56.0482756222547	56.0526428358432	40	13	247
459	1	13	75.0589336955882	26.9550061518559	56.0482756222547	56.0526567497057	40	13	247
460	1	13	75.0589336955882	26.9550061518559	56.0482756222547	56.0526706030732	40	13	247
461	1	13	75.0589336955882	26.9550061518559	56.0482756222547	56.0526843963392	40	13	260
462	1	13	75.0589336955882	26.9550061518559	56.0482756222547	56.0526981298942	40	13	260
463	1	13	75.0589336955882	26.9550061518559	56.0482756222547	56.0527118041249	40	13	260
464	1	13	75.0589336955882	26.9550061518559	56.0482756222547	56.052725419415	40	13	260
465	1	13	75.0589336955882	26.9550061518559	56.0482756222547	56.0527389761447	40	13	260
466	1	13	75.0589336955882	26.9550061518559	56.0482756222547	56.052752474691	40	13	260
467	1	13	75.0589336955882	26.9550061518559	56.0482756222547	56.0527659154277	40	13	260
468	1	13	75.0589336955882	26.9550061518559	56.0482756222547	56.0527792987253	40	13	260
469	1	13	75.0589336955882	26.9550061518559	56.0482756222547	56.0527926249513	40	13	260
470	1	13	75.0589336955882	26.9550061518559	56.0482756222547	56.05280589447	40	13	260
471	1	13	75.0589336955882	26.9550061518559	56.0482756222547	56.0528191076425	40	13	260
472	1	13	75.0589336955882	26.9550061518559	56.0482756222547	56.052832264827	40	13	260
473	1	13	75.0589336955882	26.9550061518559	56.0482756222547	56.0528453663786	40	13	260
474	1	13	75.0589336955882	26.9550061518559	56.0482756222547	56.0528584126494	40	13	260
475	1	13	75.0589336955882	26.9550061518559	56.0482756222547	56.0528714039885	40	13	260
476	1	13	75.0589336955882	26.9550061518559	56.0482756222547	56.0528843407421	40	13	260
477	1	13	75.0589336955882	26.9550061518559	56.0482756222547	56.0528972232536	40	13	260
478	1	13	75.0589336955882	26.9550061518559	56.0482756222547	56.0529100518634	40	13	260
479	1	13	75.0589336955882	26.9550061518559	56.0482756222547	56.052922826909	40	13	260
480	1	13	75.0589336955882	26.9550061518559	56.0482756222547	56.0529355487253	40	13	260
481	1	13	75.0589336955882	26.9550061518559	56.0482756222547	56.0529482176442	40	13	260
482	1	13	75.0589336955882	26.9550061518559	56.0482756222547	56.052960833995	40	13	260
483	1	13	75.0589336955882	26.9550061518559	56.0482756222547	56.0529733981042	40	13	260
484	1	13	75.0589336955882	26.9550061518559	56.0482756222547	56.0529859102956	40	13	260
485	1	13	75.0589336955882	26.9550061518559	56.0482756222547	56.0529983708903	40	13	260
486	1	13	75.0589336955882	26.9550061518559	56.0482756222547	56.0530107802068	40	13	247
487	1	13	75.0589336955882	26.9550061518559	56.0482756222547	56.0530231385611	40	13	247
488	1	13	75.0589336955882	26.9550061518559	56.0482756222547	56.0530354462663	40	13	247
489	1	13	75.0589336955882	26.9550061518559	56.0482756222547	56.0530477036333	40	13	247
490	1	13	75.0589336955882	26.9550061518559	56.0482756222547	56.0530599109702	40	13	247
491	1	13	75.0589336955882	26.9550061518559	56.0482756222547	56.0530720685828	40	13	260
492	1	13	75.0589336955882	26.9550061518559	56.0482756222547	56.0530841767741	40	13	260
493	1	13	75.0589336955882	26.9550061518559	56.0482756222547	56.053096235845	40	13	260
494	1	13	75.0589336955882	26.9550061518559	56.0482756222547	56.0531082460937	40	13	260
495	1	13	75.0589336955882	26.9550061518559	56.0482756222547	56.0531202078162	40	13	260
496	1	13	75.0589336955882	26.9550061518559	56.0482756222547	56.053132121306	40	13	260
497	1	13	75.0589336955882	26.9550061518559	56.0482756222547	56.0531439868541	40	13	260
498	1	13	75.0589336955882	26.9550061518559	56.0482756222547	56.0531558047494	40	13	260
499	1	13	75.0589336955882	26.9550061518559	56.0482756222547	56.0531675752784	40	13	260
500	1	13	75.0589336955882	26.9550061518559	56.0482756222547	56.0531792987253	40	13	260
501	1	13	75.0589336955882	26.9550061518559	56.0482756222547	56.053190975372	40	13	247
502	1	13	75.0589336955882	26.9550061518559	56.0482756222547	56.0532026054982	40	13	247
503	1	13	75.0589336955882	26.9550061518559	56.0482756222547	56.0532141893814	40	13	247
504	1	13	75.0589336955882	26.9550061518559	56.0482756222547	56.0532257272968	40	13	247
505	1	13	75.0589336955882	26.9550061518559	56.0482756222547	56.0532372195174	40	13	260
506	1	13	75.0589336955882	26.9550061518559	56.0482756222547	56.0532486663143	40	13	260
507	1	13	75.0589336955882	26.9550061518559	56.0482756222547	56.0532600679561	40	13	260
508	1	13	75.0589336955882	26.9550061518559	56.0482756222547	56.0532714247096	40	13	260
509	1	13	75.0589336955882	26.9550061518559	56.0482756222547	56.0532827368393	40	13	260
510	1	13	75.0589336955882	26.9550061518559	56.0482756222547	56.0532940046077	40	13	260
511	1	13	75.0589336955882	26.9550061518559	56.0482756222547	56.0533052282752	40	13	247
512	1	13	75.0589336955882	26.9550061518559	56.0482756222547	56.0533164081003	40	13	247
513	1	13	75.0589336955882	26.9550061518559	56.0482756222547	56.0533275443394	40	13	247
514	1	13	75.0589336955882	26.9550061518559	56.0482756222547	56.0533386372467	40	13	247
515	1	13	75.0589336955882	26.9550061518559	56.0482756222547	56.0533496870748	40	13	247
516	1	13	75.0589336955882	26.9550061518559	56.0482756222547	56.0533606940742	40	13	247
517	1	13	75.0589336955882	26.9550061518559	56.0482756222547	56.0533716584932	40	13	247
518	1	13	75.0589336955882	26.9550061518559	56.0482756222547	56.0533825805786	40	13	247
519	1	13	75.0589336955882	26.9550061518559	56.0482756222547	56.053393460575	40	13	247
520	1	13	75.0589336955882	26.9550061518559	56.0482756222547	56.0534042987253	40	13	247
521	1	13	75.0589336955882	26.9550061518559	56.0482756222547	56.0534150952704	40	13	247
522	1	13	75.0589336955882	26.9550061518559	56.0482756222547	56.0534258504495	40	13	247
523	1	13	75.0589336955882	26.9550061518559	56.0482756222547	56.0534365644997	40	13	247
524	1	13	75.0589336955882	26.9550061518559	56.0482756222547	56.0534472376566	40	13	247
525	1	13	75.0589336955882	26.9550061518559	56.0482756222547	56.0534578701539	40	13	247
526	1	13	75.0589336955882	26.9550061518559	56.0482756222547	44.0464581988018	40	13	180
527	1	13	75.0589336955882	26.9550061518559	56.0482756222547	44.0464655039439	40	13	180
528	1	13	75.0589336955882	26.9550061518559	56.0482756222547	44.046472781415	40	13	180
529	1	13	75.0589336955882	26.9550061518559	56.0482756222547	44.0464800313721	40	13	180
530	1	13	75.0589336955882	26.9550061518559	56.0482756222547	44.0464872539708	40	13	180
531	1	13	75.0589336955882	26.9550061518559	56.0482756222547	44.0464944493657	40	13	180
532	1	13	75.0589336955882	26.9550061518559	56.0482756222547	44.0465016177103	40	13	180
533	1	13	75.0589336955882	26.9550061518559	56.0482756222547	44.0465087591568	40	13	180
534	1	13	75.0589336955882	26.9550061518559	56.0482756222547	44.0465158738563	40	13	180
535	1	13	75.0589336955882	26.9550061518559	56.0482756222547	44.0465229619588	40	13	180
536	1	13	75.0589336955882	26.9550061518559	56.0482756222547	44.0465300236131	40	13	180
537	1	13	75.0589336955882	26.9550061518559	56.0482756222547	44.0465370589671	40	13	180
538	1	13	75.0589336955882	26.9550061518559	56.0482756222547	44.0465440681673	40	13	180
539	1	13	75.0589336955882	26.9550061518559	56.0482756222547	44.0465510513594	40	13	180
540	1	13	75.0589336955882	26.9550061518559	56.0482756222547	44.0465580086877	40	13	180
541	1	13	75.0589336955882	26.9550061518559	56.0482756222547	44.0465649402959	40	13	180
542	1	13	75.0589336955882	26.9550061518559	56.0482756222547	44.0465718463261	40	13	180
543	1	13	75.0589336955882	26.9550061518559	56.0482756222547	44.0465787269198	40	13	180
544	1	13	75.0589336955882	26.9550061518559	56.0482756222547	44.0465855822172	40	13	180
545	1	13	75.0589336955882	26.9550061518559	56.0482756222547	44.0465924123575	40	13	180
546	1	13	75.0589336955882	26.9550061518559	56.0482756222547	44.046599217479	40	13	180
547	1	13	75.0589336955882	26.9550061518559	56.0482756222547	44.0466059977188	40	13	180
548	1	13	75.0589336955882	26.9550061518559	56.0482756222547	44.0466127532133	40	13	180
549	1	13	75.0589336955882	26.9550061518559	56.0482756222547	44.0466194840976	40	13	180
550	1	13	75.0589336955882	26.9550061518559	56.0482756222547	44.0466261905059	40	13	180
551	1	13	75.0589336955882	26.9550061518559	56.0482756222547	44.0466328725716	40	13	180
552	1	13	75.0589336955882	26.9550061518559	56.0482756222547	44.0466395304269	40	13	171
553	1	13	75.0589336955882	26.9550061518559	56.0482756222547	44.0466461642031	40	13	180
554	1	13	75.0589336955882	26.9550061518559	56.0482756222547	44.0466527740307	40	13	180
555	1	13	75.0589336955882	26.9550061518559	56.0482756222547	44.0466593600391	40	13	180
556	1	13	75.0589336955882	26.9550061518559	56.0482756222547	44.0466659223568	40	13	180
557	1	13	75.0589336955882	26.9550061518559	56.0482756222547	44.0466724611114	40	13	171
558	1	13	75.0589336955882	26.9550061518559	56.0482756222547	49.2982610834821	40	13	10
559	1	13	75.0589336955882	26.9550061518559	56.0482756222547	44.0466854684373	40	13	180
560	1	13	75.0589336955882	26.9550061518559	56.0482756222547	44.0466919372592	40	13	180
561	1	13	75.0589336955882	26.9550061518559	56.0482756222547	49.2982826463594	40	13	10
562	1	13	75.0589336955882	26.9550061518559	56.0482756222547	49.2982897828277	40	13	10
563	1	13	75.0589336955882	26.9550061518559	56.0482756222547	51.4844579577133	40	13	11
564	1	13	75.0589336955882	26.9550061518559	56.0482756222547	51.3682117169079	40	13	11
565	1	13	75.0589336955882	26.9550061518559	56.0482756222547	51.4844735191022	40	13	11
566	1	13	75.0589336955882	26.9550061518559	56.0482756222547	51.4844812585562	40	13	11
567	1	13	75.0589336955882	26.9550061518559	56.0482756222547	51.4844889707106	40	13	11
568	1	13	75.0589336955882	26.9550061518559	56.0482756222547	51.4844966557095	40	13	11
569	1	13	75.0589336955882	26.9550061518559	56.0482756222547	51.4845043136961	40	13	11
570	1	13	75.0589336955882	26.9550061518559	56.0482756222547	51.4845119448125	40	13	11
571	1	13	75.0589336955882	26.9550061518559	56.0482756222547	51.4845195492	40	13	11
572	1	13	75.0589336955882	26.9550061518559	56.0482756222547	44.0467677988975	40	13	171
573	1	13	75.0589336955882	26.9550061518559	56.0482756222547	44.0467739772741	40	13	182
574	1	13	75.0589336955882	26.9550061518559	56.0482756222547	54.6326132759955	40	13	10
575	1	13	75.0589336955882	26.9550061518559	56.0482756222547	48.3864863950156	40	13	10
576	1	13	75.0589336955882	26.9550061518559	56.0482756222547	54.6326268866227	40	13	10
577	1	13	75.0589336955882	26.9550061518559	56.0482756222547	54.6326336565534	40	13	10
578	1	13	75.0589336955882	26.9550061518559	56.0482756222547	54.6326404030587	40	13	10
579	1	13	75.0589336955882	26.9550061518559	56.0482756222547	54.63264712626	40	13	10
580	1	13	75.0589336955882	26.9550061518559	56.0482756222547	54.6326538262779	40	13	10
581	1	13	75.0589336955882	26.9550061518559	56.0482756222547	54.632660503232	40	13	10
582	1	13	75.0589336955882	26.9550061518559	56.0482756222547	54.6326671572413	40	13	10
583	1	13	75.0589336955882	26.9550061518559	56.0482756222547	54.6326737884237	40	13	10
584	1	13	75.0589336955882	26.9550061518559	56.0482756222547	54.6326803968967	40	13	10
585	1	13	75.0589336955882	26.9550061518559	56.0482756222547	54.0541523246823	40	13	10
586	1	13	75.0589336955882	26.9550061518559	56.0482756222547	54.632693546179	40	13	10
587	1	13	75.0589336955882	26.9550061518559	56.0482756222547	54.054166739569	40	13	10
588	1	13	75.0589336955882	26.9550061518559	56.0482756222547	54.6327066060105	40	13	10
589	1	13	75.0589336955882	26.9550061518559	56.0482756222547	53.0309283636496	40	13	10
590	1	13	75.0589336955882	26.9550061518559	56.0482756222547	54.6327195773007	40	13	10
591	1	13	75.0589336955882	26.9550061518559	56.0482756222547	54.6327260300237	40	13	10
592	1	13	75.0589336955882	26.9550061518559	56.0482756222547	54.632732460947	40	13	10
593	1	13	75.0589336955882	26.9550061518559	56.0482756222547	54.6327388701809	40	13	10
594	1	13	75.0589336955882	26.9550061518559	56.0482756222547	54.0542164272464	40	13	10
595	1	13	75.0589336955882	26.9550061518559	56.0482756222547	54.6327516240177	40	13	10
596	1	13	75.0589336955882	26.9550061518559	56.0482756222547	54.6327579688375	40	13	10
597	1	13	75.0589336955882	26.9550061518559	56.0482756222547	54.6327642924016	40	13	10
598	1	13	75.0589336955882	26.9550061518559	56.0482756222547	54.6327705948167	40	13	10
599	1	13	75.0589336955882	26.9550061518559	56.0482756222547	54.6327768761887	40	13	10
600	1	13	75.0589336955882	26.9550061518559	56.0482756222547	54.6327831366227	40	13	10
601	1	13	75.0589336955882	26.9550061518559	56.0482756222547	54.6327893762234	40	13	10
602	1	13	75.0589336955882	26.9550061518559	56.0482756222547	54.6327955950945	40	13	10
603	1	13	75.0589336955882	26.9550061518559	56.0482756222547	54.6328017933391	40	13	10
604	1	13	75.0589336955882	26.9550061518559	56.0482756222547	54.6328079710598	40	13	10
605	1	13	75.0589336955882	26.9550061518559	56.0482756222547	54.6328141283583	40	13	10
606	1	13	75.0589336955882	26.9550061518559	56.0482756222547	54.6328202653356	40	13	10
607	1	13	75.0589336955882	26.9550061518559	56.0482756222547	54.6328263820922	40	13	10
608	1	13	75.0589336955882	26.9550061518559	56.0482756222547	54.632832478728	40	13	10
609	1	13	75.0589336955882	26.9550061518559	56.0482756222547	54.6328385553419	40	13	10
610	1	13	75.0589336955882	26.9550061518559	56.0482756222547	54.6328446120325	40	13	10
611	1	13	75.0589336955882	26.9550061518559	56.0482756222547	48.3866708396181	40	13	162
612	1	13	75.0589336955882	26.9550061518559	56.0482756222547	54.6328566660345	40	13	10
