"Iteration #"	"Inertia"	"Number of features"	"CV best"	"Permuted CV best"	"Global best fitness"	"Current best fitness"	"Number of features in current best agent"	"Number of features in global best"	"Number of features in local best"
1	1	40	77.2898185436556	34.2869452491399	42.0220577888993	42.0220577888993	15	40	800
2	1	16	77.122949152507	42.6433973898134	47.1237781359553	47.1237781359553	18	25	25
3	1	30	85.6038073832462	41.5582968920484	51.9342699352229	51.9342699352229	29	29	29
4	1	31	85.6038073832462	41.5582968920484	52.4780199352229	52.4780199352229	29	29	29
5	1	32	85.6677894011292	39.283808728566	53.750509274184	53.750509274184	18	28	28
6	1	32	85.6677894011292	39.283808728566	53.750509274184	50.4062154430154	25	28	25
7	1	25	88.7443954478034	35.9154479519944	59.2944671464406	59.2944671464406	25	25	25
8	1	30	86.0963497694071	31.3083919339797	59.6615963066028	59.6615963066028	25	25	25
9	1	30	86.0963497694071	31.3083919339797	59.6615963066028	59.7397213066028	25	25	25
10	1	29	86.0963497694071	31.3083919339797	59.8022213066028	59.8022213066028	28	25	25
11	1	29	86.0963497694071	31.3083919339797	59.8022213066028	56.8299891718925	30	25	30
12	1	29	86.0963497694071	31.3083919339797	59.8022213066028	56.8811255355289	30	25	30
13	1	29	86.0963497694071	31.3083919339797	59.8022213066028	56.9243947662981	30	25	30
14	1	29	86.0963497694071	31.3083919339797	59.8022213066028	58.529792965242	24	25	25
15	1	29	86.0963497694071	31.3083919339797	59.8022213066028	58.5555072509563	20	25	25
16	1	31	89.3185962226932	36.7942059212918	60.2130377443378	60.2130377443378	19	19	19
17	1	31	89.3185962226932	36.7942059212918	60.2130377443378	60.2287546561025	19	19	19
18	1	31	89.3185962226932	36.7942059212918	60.2130377443378	60.2427252443378	19	19	19
19	1	31	89.3185962226932	36.7942059212918	60.2130377443378	60.2552252443378	19	19	19
20	1	31	89.3185962226932	36.7942059212918	60.2130377443378	60.2664752443378	18	19	19
21	1	31	89.3185962226932	36.7942059212918	60.2130377443378	57.479017884456	28	19	29
22	1	31	89.3185962226932	36.7942059212918	60.2130377443378	57.4926542480924	29	19	29
23	1	24	89.6910624186509	32.6719063947328	64.3969961541003	64.3969961541003	16	16	16
24	1	24	89.6910624186509	32.6719063947328	64.3969961541003	64.4035178932308	16	16	16
25	1	26	91.2748566310984	32.353543024947	66.1688845780831	66.1688845780831	15	18	18
26	1	26	91.2748566310984	32.353543024947	66.1688845780831	61.0575120681212	16	18	18
27	1	26	91.2748566310984	32.353543024947	66.1688845780831	60.8069814907109	22	18	21
28	1	26	91.2748566310984	32.353543024947	66.1688845780831	66.1862417209403	18	18	18
29	1	26	91.2748566310984	32.353543024947	66.1688845780831	66.1912294056693	18	18	18
30	1	26	91.2748566310984	32.353543024947	66.1688845780831	66.1958845780831	22	18	18
31	1	26	91.2748566310984	32.353543024947	66.1688845780831	62.3553986372848	21	18	21
32	1	26	91.2748566310984	32.353543024947	66.1688845780831	62.235524997129	18	18	18
33	1	19	90.9313079867191	30.4869033697078	67.0169920655873	67.0169920655873	19	19	19
34	1	19	90.9313079867191	30.4869033697078	67.0169920655873	67.0208022260151	19	19	19
35	1	19	90.9313079867191	30.4869033697078	67.0169920655873	67.0243946629899	17	19	19
36	1	19	90.9313079867191	30.4869033697078	67.0169920655873	59.6216629786448	17	19	18
37	1	19	90.9313079867191	30.4869033697078	67.0169920655873	63.4783884211706	16	19	16
38	1	19	90.9313079867191	30.4869033697078	67.0169920655873	65.1857437544479	15	19	15
39	1	19	90.9313079867191	30.4869033697078	67.0169920655873	65.1880210823831	15	19	15
40	1	19	90.9313079867191	30.4869033697078	67.0169920655873	66.8503649038063	10	19	16
41	1	19	90.9313079867191	30.4869033697078	67.0169920655873	66.9842023523776	19	19	21
42	1	19	90.9313079867191	30.4869033697078	67.0169920655873	65.2622716909241	17	19	17
43	1	19	90.9313079867191	30.4869033697078	67.0169920655873	66.1271073068533	20	19	20
44	1	19	90.9313079867191	30.4869033697078	67.0169920655873	66.1294857423713	20	19	20
45	1	19	90.9313079867191	30.4869033697078	67.0169920655873	67.0855492139872	22	19	22
46	1	19	90.9313079867191	30.4869033697078	67.0169920655873	67.087940518335	22	19	22
47	1	19	90.9313079867191	30.4869033697078	67.0169920655873	67.090230065051	22	19	22
48	1	19	90.9313079867191	30.4869033697078	67.0169920655873	67.0924242139872	22	19	22
49	1	19	90.9313079867191	30.4869033697078	67.0169920655873	67.0945288058239	22	19	22
50	1	19	90.9313079867191	30.4869033697078	67.0169920655873	67.0965492139872	23	19	22
51	1	19	90.9313079867191	30.4869033697078	67.0169920655873	67.062713990721	19	19	19
52	1	19	90.9313079867191	30.4869033697078	67.0169920655873	67.0643259816712	19	19	19
53	1	19	90.9313079867191	30.4869033697078	67.0169920655873	67.0658771427742	17	19	38
54	1	19	90.9313079867191	30.4869033697078	67.0169920655873	67.0673708534661	19	19	19
55	1	19	90.9313079867191	30.4869033697078	67.0169920655873	67.1055492139872	22	19	22
56	1	19	90.9313079867191	30.4869033697078	67.0169920655873	67.1071563568443	21	19	22
57	1	19	90.9313079867191	30.4869033697078	67.0169920655873	67.0715375201327	19	19	38
58	1	19	90.9313079867191	30.4869033697078	67.0169920655873	67.110204386401	21	19	22
59	1	19	90.9313079867191	30.4869033697078	67.0169920655873	67.0740798930141	19	19	38
60	1	19	90.9313079867191	30.4869033697078	67.0169920655873	67.1130492139872	22	19	22
61	1	19	90.9313079867191	30.4869033697078	67.0169920655873	67.1144016730036	22	19	22
62	1	19	90.9313079867191	30.4869033697078	67.0169920655873	67.1157105043098	22	19	22
63	1	19	90.9313079867191	30.4869033697078	67.0169920655873	67.1169777854158	22	19	22
64	1	18	91.0055080972001	32.1749582111453	67.1182054639872	67.1182054639872	22	22	22
65	1	18	91.0055080972001	32.1749582111453	67.1182054639872	67.1193953678334	22	22	22
66	1	18	91.0055080972001	32.1749582111453	67.1182054639872	67.1205492139872	22	22	22
67	1	18	91.0055080972001	32.1749582111453	67.1182054639872	67.1216686169723	22	22	22
68	1	18	91.0055080972001	32.1749582111453	67.1182054639872	67.1227550963401	22	22	22
69	1	18	91.0055080972001	32.1749582111453	67.1182054639872	67.1238100835524	22	22	22
70	1	18	91.0055080972001	32.1749582111453	67.1182054639872	67.1248349282729	22	22	22
71	1	18	91.0055080972001	32.1749582111453	67.1182054639872	67.1258309041281	22	22	44
72	1	18	91.0055080972001	32.1749582111453	67.1182054639872	67.1267992139872	22	22	44
73	1	18	91.0055080972001	32.1749582111453	67.1182054639872	67.1277409948091	22	22	44
74	1	18	91.0055080972001	32.1749582111453	67.1182054639872	67.1286573220953	22	22	44
75	1	18	91.0055080972001	32.1749582111453	67.1182054639872	67.1295492139872	21	22	44
76	1	18	91.0055080972001	32.1749582111453	67.1182054639872	67.1304176350398	22	22	22
77	1	18	91.0055080972001	32.1749582111453	67.1182054639872	67.1312634997015	22	22	44
78	1	18	91.0055080972001	32.1749582111453	67.1182054639872	67.1320876755257	22	22	66
79	1	18	91.0055080972001	32.1749582111453	67.1182054639872	67.1328909861391	22	22	88
80	1	18	91.0055080972001	32.1749582111453	67.1182054639872	67.1336742139872	22	22	88
81	1	18	91.0055080972001	32.1749582111453	67.1182054639872	67.1344381028761	23	22	88
82	1	18	91.0055080972001	32.1749582111453	67.1182054639872	67.1351833603287	22	22	44
83	1	18	91.0055080972001	32.1749582111453	67.1182054639872	67.1359106597703	22	22	44
84	1	18	91.0055080972001	32.1749582111453	67.1182054639872	67.1366206425586	22	22	88
85	1	18	91.0055080972001	32.1749582111453	67.1182054639872	67.1373139198696	22	22	110
86	1	18	91.0055080972001	32.1749582111453	67.1182054639872	67.1379910744523	22	22	88
87	1	18	91.0055080972001	32.1749582111453	67.1182054639872	67.1386526622631	22	22	88
88	1	18	91.0055080972001	32.1749582111453	67.1182054639872	67.1392992139872	22	22	88
89	1	18	91.0055080972001	32.1749582111453	67.1182054639872	67.1399312364591	22	22	88
90	1	18	91.0055080972001	32.1749582111453	67.1182054639872	67.1405492139872	22	22	88
91	1	18	91.0055080972001	32.1749582111453	67.1182054639872	67.1411536095916	22	22	110
92	1	18	91.0055080972001	32.1749582111453	67.1182054639872	67.1417448661611	22	22	110
93	1	18	91.0055080972001	32.1749582111453	67.1182054639872	67.1423234075356	22	22	132
94	1	18	91.0055080972001	32.1749582111453	67.1182054639872	67.1428896395191	22	22	132
95	1	18	91.0055080972001	32.1749582111453	67.1182054639872	67.1434439508293	22	22	132
96	1	18	91.0055080972001	32.1749582111453	67.1182054639872	67.1439867139872	22	22	132
97	1	21	91.1880144325374	31.9534846868658	67.6026379811686	67.6026379811686	21	21	21
98	1	21	91.1880144325374	31.9534846868658	67.6026379811686	67.6031350356605	21	21	42
99	1	21	91.1880144325374	31.9534846868658	67.6026379811686	67.6036220486475	21	21	42
100	1	21	91.1880144325374	31.9534846868658	67.6026379811686	67.6040993213748	22	21	42
101	1	21	91.1880144325374	31.9534846868658	67.6026379811686	67.6045671431569	21	21	21
102	1	21	91.1880144325374	31.9534846868658	67.6026379811686	67.605025791963	21	21	63
103	1	21	91.1880144325374	31.9534846868658	67.6026379811686	67.605475534967	21	21	63
104	1	21	91.1880144325374	31.9534846868658	67.6026379811686	67.6059166290671	21	21	84
105	1	21	91.1880144325374	31.9534846868658	67.6026379811686	67.6063493213748	22	21	84
106	1	21	91.1880144325374	31.9534846868658	67.6026379811686	67.6067738496766	21	21	63
107	1	21	91.1880144325374	31.9534846868658	67.6026379811686	67.6071904428701	21	21	126
108	1	21	91.1880144325374	31.9534846868658	67.6026379811686	67.6075993213748	21	21	126
109	1	21	91.1880144325374	31.9534846868658	67.6026379811686	67.6080006975215	21	21	126
110	1	21	91.1880144325374	31.9534846868658	67.6026379811686	67.6083947759202	21	21	147
111	1	21	91.1880144325374	31.9534846868658	67.6026379811686	67.6087817538072	21	21	126
112	1	21	91.1880144325374	31.9534846868658	67.6026379811686	67.6091618213748	21	21	147
113	1	21	91.1880144325374	31.9534846868658	67.6026379811686	67.6095351620827	21	21	147
114	1	21	91.1880144325374	31.9534846868658	67.6026379811686	67.6099019529537	21	21	147
115	1	21	91.1880144325374	31.9534846868658	67.6026379811686	67.610262364853	21	21	147
116	1	21	91.1880144325374	31.9534846868658	67.6026379811686	67.6106165627541	21	21	147
117	1	21	91.1880144325374	31.9534846868658	67.6026379811686	67.6109647059901	21	21	147
118	1	21	91.1880144325374	31.9534846868658	67.6026379811686	67.6113069484934	21	21	168
119	1	21	91.1880144325374	31.9534846868658	67.6026379811686	67.6116434390218	21	21	168
120	1	21	91.1880144325374	31.9534846868658	67.6026379811686	67.6119743213748	21	21	168
121	1	21	91.1880144325374	31.9534846868658	67.6026379811686	67.6122997345979	21	21	168
122	1	21	91.1880144325374	31.9534846868658	67.6026379811686	67.612619813178	21	21	168
123	1	21	91.1880144325374	31.9534846868658	67.6026379811686	67.6129346872284	21	21	168
124	1	21	91.1880144325374	31.9534846868658	67.6026379811686	67.6132444826651	21	21	168
125	1	21	91.1880144325374	31.9534846868658	67.6026379811686	67.6135493213748	21	21	168
126	1	21	91.1880144325374	31.9534846868658	67.6026379811686	67.6138493213748	21	21	168
127	1	21	91.1880144325374	31.9534846868658	67.6026379811686	67.6141445969653	21	21	147
128	1	21	91.1880144325374	31.9534846868658	67.6026379811686	67.6144352588748	21	21	147
129	1	21	91.1880144325374	31.9534846868658	67.6026379811686	67.614721414398	21	21	147
130	1	21	91.1880144325374	31.9534846868658	67.6026379811686	67.6150031675286	21	21	147
131	1	21	91.1880144325374	31.9534846868658	67.6026379811686	67.6152806190847	21	21	168
132	1	21	91.1880144325374	31.9534846868658	67.6026379811686	67.6155538668293	21	21	168
133	1	21	91.1880144325374	31.9534846868658	67.6026379811686	67.6158230055853	21	21	168
134	1	21	91.1880144325374	31.9534846868658	67.6026379811686	67.6160881273449	21	21	168
135	1	21	91.1880144325374	31.9534846868658	67.6026379811686	67.6163493213748	21	21	168
136	1	21	91.1880144325374	31.9534846868658	67.6026379811686	67.6166066743159	21	21	168
137	1	21	91.1880144325374	31.9534846868658	67.6026379811686	67.6168602702799	21	21	168
138	1	21	91.1880144325374	31.9534846868658	67.6026379811686	67.61711019094	21	21	168
139	1	21	91.1880144325374	31.9534846868658	67.6026379811686	67.6173565156194	21	21	168
140	1	21	91.1880144325374	31.9534846868658	67.6026379811686	67.6175993213748	21	21	168
141	1	21	91.1880144325374	31.9534846868658	67.6026379811686	67.6178386830769	23	21	168
142	1	21	91.1880144325374	31.9534846868658	67.6026379811686	67.6180746734874	21	21	105
143	1	21	91.1880144325374	31.9534846868658	67.6026379811686	67.6183073633328	21	21	105
144	1	21	91.1880144325374	31.9534846868658	67.6026379811686	67.6185368213748	21	21	105
145	1	21	91.1880144325374	31.9534846868658	67.6026379811686	67.6187631144782	20	21	126
146	1	21	91.1880144325374	31.9534846868658	67.6026379811686	67.6189863076761	21	21	21
147	1	21	92.0232862597137	31.2330047065043	68.6376380442232	68.6376380442232	20	20	20
148	1	21	92.0232862597137	31.2330047065043	68.6376380442232	68.6378448837157	20	20	20
149	1	21	92.0232862597137	31.2330047065043	68.6376380442232	68.6380489468393	20	20	20
150	1	21	92.0232862597137	31.2330047065043	68.6376380442232	68.6382502891211	21	20	20
151	1	21	92.0232862597137	31.2330047065043	68.6376380442232	67.6200579306463	21	20	146
152	1	21	92.0232862597137	31.2330047065043	68.6376380442232	68.6386450259633	20	20	20
153	1	21	92.0232862597137	31.2330047065043	68.6376380442232	68.6388385244153	20	20	20
154	1	21	92.0232862597137	31.2330047065043	68.6376380442232	68.6390295099004	20	20	40
155	1	21	92.0232862597137	31.2330047065043	68.6376380442232	68.6392180310566	17	20	40
156	1	21	92.0232862597137	31.2330047065043	68.6376380442232	67.6210608598363	21	20	145
157	1	21	92.0232862597137	31.2330047065043	68.6376380442232	67.6212537799735	21	20	166
158	1	21	92.0232862597137	31.2330047065043	68.6376380442232	68.6397692764629	20	20	40
159	1	21	92.0232862597137	31.2330047065043	68.6376380442232	68.6399484023287	20	20	40
160	1	21	92.0232862597137	31.2330047065043	68.6376380442232	68.6401252891211	21	20	40
161	1	21	92.0232862597137	31.2330047065043	68.6376380442232	68.6402999785621	20	20	20
162	1	21	92.0232862597137	31.2330047065043	68.6376380442232	68.6404725113434	20	20	20
163	1	21	92.0232862597137	31.2330047065043	68.6376380442232	68.640642927158	20	20	40
164	1	21	92.0232862597137	31.2330047065043	68.6376380442232	68.6408112647309	20	20	40
165	1	21	92.0232862597137	31.2330047065043	68.6376380442232	68.6409775618484	20	20	60
166	1	21	92.0232862597137	31.2330047065043	68.6376380442232	68.6411418553862	20	20	60
167	1	21	92.0232862597137	31.2330047065043	68.6376380442232	68.6413041813367	20	20	80
168	1	21	92.0232862597137	31.2330047065043	68.6376380442232	68.6414645748354	20	20	80
169	1	21	92.0232862597137	31.2330047065043	68.6376380442232	68.6416230701862	20	20	100
170	1	21	92.0232862597137	31.2330047065043	68.6376380442232	68.6417797008858	20	20	100
171	1	21	92.0232862597137	31.2330047065043	68.6376380442232	68.6419344996475	20	20	100
172	1	21	92.0232862597137	31.2330047065043	68.6376380442232	68.6420874984235	20	20	100
173	1	21	92.0232862597137	31.2330047065043	68.6376380442232	68.6422387284275	20	20	100
174	1	21	92.0232862597137	31.2330047065043	68.6376380442232	68.6423882201556	20	20	100
175	1	21	92.0232862597137	31.2330047065043	68.6376380442232	68.6425360034069	21	20	100
176	1	21	92.0232862597137	31.2330047065043	68.6376380442232	68.642682107303	20	20	100
177	1	21	92.0232862597137	31.2330047065043	68.6376380442232	68.6428265603076	20	20	100
178	1	21	92.0232862597137	31.2330047065043	68.6376380442232	68.6429693902447	20	20	100
179	1	21	92.0232862597137	31.2330047065043	68.6376380442232	68.6431106243167	20	20	120
180	1	21	92.0232862597137	31.2330047065043	68.6376380442232	68.6432502891211	21	20	120
181	1	21	92.0232862597137	31.2330047065043	68.6376380442232	68.6433884106681	20	20	100
182	1	21	92.0232862597137	31.2330047065043	68.6376380442232	68.6435250143959	20	20	140
183	1	21	92.0232862597137	31.2330047065043	68.6376380442232	68.6436601251867	20	20	140
184	1	21	92.0232862597137	31.2330047065043	68.6376380442232	68.643793767382	20	20	140
185	1	21	92.0232862597137	31.2330047065043	68.6376380442232	68.6439259647968	21	20	140
186	1	21	92.0232862597137	31.2330047065043	68.6376380442232	68.644056740734	20	20	120
187	1	21	92.0232862597137	31.2330047065043	68.6376380442232	68.6441861179981	20	20	160
188	1	21	92.0232862597137	31.2330047065043	68.6376380442232	68.6443141189084	20	20	160
189	1	21	92.0232862597137	31.2330047065043	68.6376380442232	68.6444407653116	20	20	160
190	1	21	92.0232862597137	31.2330047065043	68.6376380442232	68.6445660785948	20	20	160
191	1	21	92.0232862597137	31.2330047065043	68.6376380442232	68.6446900796971	20	20	160
192	1	21	92.0232862597137	31.2330047065043	68.6376380442232	68.6448127891211	20	20	120
193	1	21	92.0232862597137	31.2330047065043	68.6376380442232	68.644934226945	20	20	140
194	1	21	92.0232862597137	31.2330047065043	68.6376380442232	68.6450544128325	20	20	140
195	1	21	92.0232862597137	31.2330047065043	68.6376380442232	68.6451733660442	20	20	140
196	1	21	92.0232862597137	31.2330047065043	68.6376380442232	68.6452911054477	16	20	140
197	1	21	92.0232862597137	31.2330047065043	68.6376380442232	68.6454076495272	20	20	140
198	1	21	92.0232862597137	31.2330047065043	68.6376380442232	68.6455230163939	20	20	140
199	1	21	92.0232862597137	31.2330047065043	68.6376380442232	68.6456372237945	20	20	140
200	1	20	90.3733201437393	27.759301218653	69.657659810303	69.657659810303	16	19	19
201	1	20	90.3733201437393	27.759301218653	69.657659810303	68.6458622294196	20	19	140
202	1	20	90.3733201437393	27.759301218653	69.657659810303	69.6578714439663	19	19	19
203	1	20	90.3733201437393	27.759301218653	69.657659810303	69.6579756970025	19	19	38
204	1	20	90.3733201437393	27.759301218653	69.657659810303	69.65807892795	19	19	38
205	1	20	90.3733201437393	27.759301218653	69.657659810303	69.6581811517664	20	19	38
206	1	20	90.3733201437393	27.759301218653	69.657659810303	68.646405628927	19	19	139
207	1	20	90.3733201437393	27.759301218653	69.657659810303	69.6583826363899	19	19	19
208	1	20	90.3733201437393	27.759301218653	69.657659810303	69.6584819256876	19	19	19
209	1	20	90.3733201437393	27.759301218653	69.657659810303	69.6585802648484	19	19	19
210	1	20	90.3733201437393	27.759301218653	69.657659810303	69.6586776674458	19	19	19
211	1	20	90.3733201437393	27.759301218653	69.657659810303	69.6587741467959	18	19	38
212	1	20	90.3733201437393	27.759301218653	69.657659810303	69.6588697159633	19	19	19
213	1	20	90.3733201437393	27.759301218653	69.657659810303	69.6589643877678	19	19	19
214	1	20	90.3733201437393	27.759301218653	69.657659810303	69.659058174789	19	19	38
215	1	20	90.3733201437393	27.759301218653	69.657659810303	69.6591510893727	19	19	19
216	1	20	90.3733201437393	27.759301218653	69.657659810303	69.6592431436363	19	19	38
217	1	20	90.3733201437393	27.759301218653	69.657659810303	69.6593343494735	19	19	38
218	1	20	90.3733201437393	27.759301218653	69.657659810303	69.6594247185599	19	19	57
219	1	20	90.3733201437393	27.759301218653	69.657659810303	69.6595142623578	19	19	57
220	1	20	90.3733201437393	27.759301218653	69.657659810303	69.6596029921212	19	19	57
221	1	20	90.3733201437393	27.759301218653	69.657659810303	69.6596909189003	19	19	19
222	1	20	90.3733201437393	27.759301218653	69.657659810303	69.6597780535462	19	19	57
223	1	20	90.3733201437393	27.759301218653	69.657659810303	69.6598644067155	19	19	57
224	1	20	90.3733201437393	27.759301218653	69.657659810303	69.6599499888744	19	19	57
225	1	20	90.3733201437393	27.759301218653	69.657659810303	69.660034810303	19	19	57
226	1	20	90.3733201437393	27.759301218653	69.657659810303	69.6601188810994	19	19	38
227	1	20	90.3733201437393	27.759301218653	69.657659810303	69.660202211184	19	19	38
228	1	20	90.3733201437393	27.759301218653	69.657659810303	69.660284810303	19	19	38
229	1	20	90.3733201437393	27.759301218653	69.657659810303	69.6603666880322	19	19	38
230	1	20	90.3733201437393	27.759301218653	69.657659810303	69.6604478537812	19	19	38
231	1	20	90.3733201437393	27.759301218653	69.657659810303	69.6605283167965	19	19	57
232	1	20	90.3733201437393	27.759301218653	69.657659810303	69.660608086165	19	19	57
233	1	20	90.3733201437393	27.759301218653	69.657659810303	69.660687170818	18	19	57
234	1	20	90.3733201437393	27.759301218653	69.657659810303	69.6607655795337	19	19	38
235	1	20	90.3733201437393	27.759301218653	69.657659810303	69.6608433209413	16	19	76
236	1	20	90.3733201437393	27.759301218653	69.657659810303	69.6609204035233	19	19	38
237	1	20	90.3733201437393	27.759301218653	69.657659810303	69.6609968356194	19	19	57
238	1	20	90.3733201437393	27.759301218653	69.657659810303	69.661072625429	19	19	57
239	1	20	90.3733201437393	27.759301218653	69.657659810303	69.6611477810143	19	19	76
240	1	20	90.3733201437393	27.759301218653	69.657659810303	69.661222310303	19	19	76
241	1	20	90.3733201437393	27.759301218653	69.657659810303	69.6612962210914	19	19	57
242	1	20	90.3733201437393	27.759301218653	69.657659810303	69.6613695210468	19	19	76
243	1	20	90.3733201437393	27.759301218653	69.657659810303	69.6614422177104	19	19	76
244	1	20	90.3733201437393	27.759301218653	69.657659810303	69.6615143184997	19	19	95
245	1	20	90.3733201437393	27.759301218653	69.657659810303	69.6615858307111	17	19	95
246	1	20	90.3733201437393	27.759301218653	69.657659810303	69.6616567615225	19	19	57
247	1	20	90.3733201437393	27.759301218653	69.657659810303	69.6617271179953	19	19	76
248	1	20	90.3733201437393	27.759301218653	69.657659810303	69.6617969070772	19	19	76
249	1	20	90.3733201437393	27.759301218653	69.657659810303	69.6618661356042	19	19	76
250	1	20	90.3733201437393	27.759301218653	69.657659810303	69.661934810303	19	19	76
251	1	20	90.3733201437393	27.759301218653	69.657659810303	69.662002937793	18	19	76
252	1	20	90.3733201437393	27.759301218653	69.657659810303	69.6620705245887	19	19	57
253	1	20	90.3733201437393	27.759301218653	69.657659810303	69.6621375771014	19	19	95
254	1	20	90.3733201437393	27.759301218653	69.657659810303	69.6622041016416	19	19	95
255	1	20	90.3733201437393	27.759301218653	69.657659810303	69.6622701044206	19	19	95
256	1	20	90.3733201437393	27.759301218653	69.657659810303	69.662335591553	19	19	95
257	1	20	90.3733201437393	27.759301218653	69.657659810303	69.6624005690578	19	19	95
258	1	20	90.3733201437393	27.759301218653	69.657659810303	69.6624650428611	19	19	95
259	1	20	90.3733201437393	27.759301218653	69.657659810303	69.6625290187972	19	19	95
260	1	20	90.3733201437393	27.759301218653	69.657659810303	69.6625925026107	19	19	95
261	1	20	90.3733201437393	27.759301218653	69.657659810303	69.6626554999581	19	19	76
262	1	20	90.3733201437393	27.759301218653	69.657659810303	69.6627180164098	19	19	76
263	1	20	90.3733201437393	27.759301218653	69.657659810303	69.6627800574513	19	19	76
264	1	20	90.3733201437393	27.759301218653	69.657659810303	69.6628416284848	19	19	76
265	1	20	90.3733201437393	27.759301218653	69.657659810303	69.6629027348313	19	19	76
266	1	20	90.3733201437393	27.759301218653	69.657659810303	69.6629633817315	19	19	95
267	1	20	90.3733201437393	27.759301218653	69.657659810303	69.6630235743479	19	19	76
268	1	20	90.3733201437393	27.759301218653	69.657659810303	69.6630833177657	19	19	76
269	1	20	90.3733201437393	27.759301218653	69.657659810303	69.6631426169944	19	19	76
270	1	20	90.3733201437393	27.759301218653	69.657659810303	69.6632014769696	17	19	76
271	1	20	90.3733201437393	27.759301218653	69.657659810303	69.6632599025539	19	19	76
272	1	20	90.3733201437393	27.759301218653	69.657659810303	69.6633178985383	19	19	76
273	1	20	90.3733201437393	27.759301218653	69.657659810303	69.6633754696436	19	19	95
274	1	20	90.3733201437393	27.759301218653	69.657659810303	69.663432620522	19	19	95
275	1	20	90.3733201437393	27.759301218653	69.657659810303	69.6634893557575	19	19	95
276	1	20	90.3733201437393	27.759301218653	69.657659810303	69.6635456798682	19	19	76
277	1	20	90.3733201437393	27.759301218653	69.657659810303	69.6636015973066	19	19	95
278	1	20	90.3733201437393	27.759301218653	69.657659810303	69.6636571124613	19	19	95
279	1	20	90.3733201437393	27.759301218653	69.657659810303	69.6637122296578	19	19	95
280	1	20	90.3733201437393	27.759301218653	69.657659810303	69.6637669531601	19	19	95
281	1	20	90.3733201437393	27.759301218653	69.657659810303	69.6638212871713	19	19	76
282	1	20	90.3733201437393	27.759301218653	69.657659810303	69.6638752358349	19	19	95
283	1	20	90.3733201437393	27.759301218653	69.657659810303	69.6639288032358	19	19	114
284	1	20	90.3733201437393	27.759301218653	69.657659810303	69.6639819934016	19	19	133
285	1	20	90.3733201437393	27.759301218653	69.657659810303	69.664034810303	19	19	133
286	1	20	90.3733201437393	27.759301218653	69.657659810303	69.6640872578554	19	19	95
287	1	20	90.3733201437393	27.759301218653	69.657659810303	69.6641393399197	19	19	114
288	1	20	90.3733201437393	27.759301218653	69.657659810303	69.664191060303	19	19	133
289	1	20	90.3733201437393	27.759301218653	69.657659810303	69.6642424227597	19	19	133
290	1	20	90.3733201437393	27.759301218653	69.657659810303	69.6642934309926	17	19	133
291	1	20	90.3733201437393	27.759301218653	69.657659810303	69.6643440886535	19	19	114
292	1	20	90.3733201437393	27.759301218653	69.657659810303	69.6643943993441	19	19	133
293	1	20	90.3733201437393	27.759301218653	69.657659810303	69.664444366617	19	19	133
294	1	20	90.3733201437393	27.759301218653	69.657659810303	69.6644939939764	19	19	133
295	1	20	90.3733201437393	27.759301218653	69.657659810303	69.6645432848792	19	19	152
296	1	20	90.3733201437393	27.759301218653	69.657659810303	69.6645922427354	19	19	114
297	1	20	90.3733201437393	27.759301218653	69.657659810303	69.664640870909	19	19	133
298	1	20	90.3733201437393	27.759301218653	69.657659810303	69.6646891727191	19	19	133
299	1	20	90.3733201437393	27.759301218653	69.657659810303	69.6647371514401	19	19	171
300	1	20	90.3733201437393	27.759301218653	69.657659810303	69.664784810303	16	19	171
301	1	20	90.3733201437393	27.759301218653	69.657659810303	69.6648321524957	19	19	114
302	1	20	90.3733201437393	27.759301218653	69.657659810303	69.6648791811639	19	19	152
303	1	20	90.3733201437393	27.759301218653	69.657659810303	69.6649258994119	19	19	152
304	1	20	90.3733201437393	27.759301218653	69.657659810303	69.664972310303	19	19	152
305	1	20	90.3733201437393	27.759301218653	69.657659810303	69.6650184168603	19	19	152
306	1	20	90.3733201437393	27.759301218653	69.657659810303	69.6650642220677	16	19	152
307	1	20	90.3733201437393	27.759301218653	69.657659810303	69.6651097288698	19	19	114
308	1	20	90.3733201437393	27.759301218653	69.657659810303	69.6651549401731	19	19	133
309	1	20	90.3733201437393	27.759301218653	69.657659810303	69.6651998588467	19	19	152
310	1	20	90.3733201437393	27.759301218653	69.657659810303	69.6652444877223	19	19	152
311	1	20	90.3733201437393	27.759301218653	69.657659810303	69.6652888295956	19	19	152
312	1	20	90.3733201437393	27.759301218653	69.657659810303	69.6653328872261	19	19	171
313	1	20	90.3733201437393	27.759301218653	69.657659810303	69.6653766633381	19	19	171
314	1	20	90.3733201437393	27.759301218653	69.657659810303	69.6654201606215	19	19	171
315	1	20	90.3733201437393	27.759301218653	69.657659810303	69.6654633817315	19	19	171
316	1	20	90.3733201437393	27.759301218653	69.657659810303	69.6655063292903	19	19	152
317	1	20	90.3733201437393	27.759301218653	69.657659810303	69.6655490058866	19	19	152
318	1	20	90.3733201437393	27.759301218653	69.657659810303	69.6655914140766	19	19	152
319	1	20	90.3733201437393	27.759301218653	69.657659810303	69.6656335563845	19	19	152
320	1	20	90.3733201437393	27.759301218653	69.657659810303	69.665675435303	19	19	152
321	1	20	90.3733201437393	27.759301218653	69.657659810303	69.6657170532936	19	19	152
322	1	20	90.3733201437393	27.759301218653	69.657659810303	69.6657584127874	19	19	114
323	1	20	90.3733201437393	27.759301218653	69.657659810303	69.6657995161853	19	19	114
324	1	20	90.3733201437393	27.759301218653	69.657659810303	69.6658403658585	19	19	114
325	1	20	90.3733201437393	27.759301218653	69.657659810303	69.6658809641491	19	19	114
326	1	20	90.3733201437393	27.759301218653	69.657659810303	69.6659213133705	14	19	152
327	1	20	90.3733201437393	27.759301218653	69.657659810303	69.6659614158076	19	19	133
328	1	20	90.3733201437393	27.759301218653	69.657659810303	69.6660012737176	19	19	133
329	1	20	90.3733201437393	27.759301218653	69.657659810303	69.6660408893303	19	19	133
330	1	20	90.3733201437393	27.759301218653	69.657659810303	69.6660802648484	19	19	133
331	1	20	90.3733201437393	27.759301218653	69.657659810303	69.666119402448	19	19	133
332	1	20	90.3733201437393	27.759301218653	69.657659810303	69.6661583042789	19	19	152
333	1	20	90.3733201437393	27.759301218653	69.657659810303	69.6661969724651	19	19	152
334	1	20	90.3733201437393	27.759301218653	69.657659810303	69.6662354091054	19	19	152
335	1	20	90.3733201437393	27.759301218653	69.657659810303	69.6662736162731	19	19	152
336	1	20	90.3733201437393	27.759301218653	69.657659810303	69.6663115960173	19	19	133
337	1	20	90.3733201437393	27.759301218653	69.657659810303	69.6663493503623	19	19	133
338	1	20	90.3733201437393	27.759301218653	69.657659810303	69.6663868813089	19	19	133
339	1	20	90.3733201437393	27.759301218653	69.657659810303	69.666424190834	19	19	133
340	1	20	90.3733201437393	27.759301218653	69.657659810303	69.6664612808912	19	19	133
341	1	20	90.3733201437393	27.759301218653	69.657659810303	69.6664981534115	18	19	152
342	1	20	90.3733201437393	27.759301218653	69.657659810303	69.666534810303	19	19	114
343	1	20	90.3733201437393	27.759301218653	69.657659810303	69.6665712534517	18	19	114
344	1	20	90.3733201437393	27.759301218653	69.657659810303	69.6666074847216	19	19	133
345	1	20	90.3733201437393	27.759301218653	69.657659810303	69.6666435059552	16	19	152
346	1	20	90.3733201437393	27.759301218653	69.657659810303	69.6666793189735	19	19	133
347	1	20	90.3733201437393	27.759301218653	69.657659810303	69.6667149255768	19	19	133
348	1	20	90.3733201437393	27.759301218653	69.657659810303	69.6667503275443	19	19	133
349	1	20	90.3733201437393	27.759301218653	69.657659810303	69.6667855266354	19	19	133
350	1	20	90.3733201437393	27.759301218653	69.657659810303	69.6668205245887	19	19	133
351	1	20	90.3733201437393	27.759301218653	69.657659810303	69.6668553231235	19	19	133
352	1	20	90.3733201437393	27.759301218653	69.657659810303	69.6668899239393	19	19	152
353	1	20	90.3733201437393	27.759301218653	69.657659810303	69.6669243287166	19	19	152
354	1	20	90.3733201437393	27.759301218653	69.657659810303	69.6669585391165	19	19	152
355	1	20	90.3733201437393	27.759301218653	69.657659810303	69.6669925567818	19	19	152
356	1	20	90.3733201437393	27.759301218653	69.657659810303	69.6670263833367	19	19	133
357	1	20	90.3733201437393	27.759301218653	69.657659810303	69.667060020387	19	19	133
358	1	20	90.3733201437393	27.759301218653	69.657659810303	69.6670934695209	19	19	133
359	1	20	90.3733201437393	27.759301218653	69.657659810303	69.6671267323085	19	19	152
360	1	20	90.3733201437393	27.759301218653	69.657659810303	69.667159810303	17	19	152
361	1	20	90.3733201437393	27.759301218653	69.657659810303	69.6671927050398	19	19	133
362	1	20	90.3733201437393	27.759301218653	69.657659810303	69.6672254180378	19	19	114
363	1	20	90.3733201437393	27.759301218653	69.657659810303	69.6672579507988	19	19	133
364	1	20	90.3733201437393	27.759301218653	69.657659810303	69.6672903048085	19	19	133
365	1	20	90.3733201437393	27.759301218653	69.657659810303	69.6673224815358	19	19	133
366	1	20	90.3733201437393	27.759301218653	69.657659810303	69.6673544824341	19	19	152
367	1	20	90.3733201437393	27.759301218653	69.657659810303	69.6673863089406	19	19	152
368	1	20	90.3733201437393	27.759301218653	69.657659810303	69.6674179624769	19	19	152
369	1	20	90.3733201437393	27.759301218653	69.657659810303	69.6674494444493	19	19	152
370	1	20	90.3733201437393	27.759301218653	69.657659810303	69.6674807562489	19	19	152
371	1	20	90.3733201437393	27.759301218653	69.657659810303	69.6675118992518	19	19	152
372	1	20	90.3733201437393	27.759301218653	69.657659810303	69.6675428748191	19	19	152
373	1	20	90.3733201437393	27.759301218653	69.657659810303	69.6675736842976	19	19	152
374	1	20	90.3733201437393	27.759301218653	69.657659810303	69.6676043290196	19	19	152
375	1	20	90.3733201437393	27.759301218653	69.657659810303	69.667634810303	19	19	152
376	1	20	90.3733201437393	27.759301218653	69.657659810303	69.6676651294519	19	19	152
377	1	20	90.3733201437393	27.759301218653	69.657659810303	69.6676952877566	19	19	114
378	1	20	90.3733201437393	27.759301218653	69.657659810303	69.6677252864935	19	19	133
379	1	20	90.3733201437393	27.759301218653	69.657659810303	69.6677551269257	19	19	133
380	1	20	90.3733201437393	27.759301218653	69.657659810303	69.667784810303	18	19	133
381	1	20	90.3733201437393	27.759301218653	69.657659810303	69.667814337862	19	19	133
382	1	20	90.3733201437393	27.759301218653	69.657659810303	69.6678437108265	19	19	133
383	1	20	90.3733201437393	27.759301218653	69.657659810303	69.6678729304074	19	19	133
384	1	20	90.3733201437393	27.759301218653	69.657659810303	69.667901997803	19	19	133
385	1	20	90.3733201437393	27.759301218653	69.657659810303	69.6679309141991	19	19	133
386	1	20	90.3733201437393	27.759301218653	69.657659810303	69.6679596807693	19	19	133
387	1	20	90.3733201437393	27.759301218653	69.657659810303	69.6679882986751	19	19	152
388	1	20	90.3733201437393	27.759301218653	69.657659810303	69.6680167690659	19	19	152
389	1	20	90.3733201437393	27.759301218653	69.657659810303	69.6680450930793	19	19	152
390	1	20	90.3733201437393	27.759301218653	69.657659810303	69.6680732718414	19	19	152
391	1	20	90.3733201437393	27.759301218653	69.657659810303	69.6681013064667	19	19	133
392	1	20	90.3733201437393	27.759301218653	69.657659810303	69.6681291980581	19	19	133
393	1	20	90.3733201437393	27.759301218653	69.657659810303	69.6681569477076	19	19	152
394	1	20	90.3733201437393	27.759301218653	69.657659810303	69.6681845564959	19	19	152
395	1	20	90.3733201437393	27.759301218653	69.657659810303	69.6682120254928	19	19	152
396	1	20	90.3733201437393	27.759301218653	69.657659810303	69.6682393557575	18	19	152
397	1	20	90.3733201437393	27.759301218653	69.657659810303	69.6682665483382	19	19	114
398	1	20	90.3733201437393	27.759301218653	69.657659810303	69.6682936042728	18	19	114
399	1	20	90.3733201437393	27.759301218653	69.657659810303	69.6683205245887	19	19	114
400	1	20	90.3733201437393	27.759301218653	69.657659810303	69.668347310303	17	19	152
401	1	20	90.3733201437393	27.759301218653	69.657659810303	69.6683739624227	19	19	133
402	1	20	90.3733201437393	27.759301218653	69.657659810303	69.6684004819448	19	19	152
403	1	20	90.3733201437393	27.759301218653	69.657659810303	69.6684268698563	19	19	152
404	1	20	90.3733201437393	27.759301218653	69.657659810303	69.6684531271347	19	19	152
405	1	20	90.3733201437393	27.759301218653	69.657659810303	69.6684792547474	19	19	152
406	1	20	90.3733201437393	27.759301218653	69.657659810303	69.6685052536527	19	19	133
407	1	20	90.3733201437393	27.759301218653	69.657659810303	69.6685311247993	19	19	152
408	1	20	90.3733201437393	27.759301218653	69.657659810303	69.6685568691265	19	19	152
409	1	20	90.3733201437393	27.759301218653	69.657659810303	69.6685824875646	19	19	171
410	1	20	90.3733201437393	27.759301218653	69.657659810303	69.6686079810347	18	19	171
411	1	20	90.3733201437393	27.759301218653	69.657659810303	69.668633350449	19	19	133
412	1	20	90.3733201437393	27.759301218653	69.657659810303	69.6686585967107	19	19	152
413	1	20	90.3733201437393	27.759301218653	69.657659810303	69.6686837207146	19	19	152
414	1	20	90.3733201437393	27.759301218653	69.657659810303	69.6687087233465	19	19	152
415	1	20	90.3733201437393	27.759301218653	69.657659810303	69.6687336054837	18	19	152
416	1	20	90.3733201437393	27.759301218653	69.657659810303	69.6687583679953	19	19	133
417	1	20	90.3733201437393	27.759301218653	69.657659810303	69.6687830117418	19	19	114
418	1	20	90.3733201437393	27.759301218653	69.657659810303	69.6688075375757	19	19	152
419	1	20	90.3733201437393	27.759301218653	69.657659810303	69.6688319463412	19	19	152
420	1	20	90.3733201437393	27.759301218653	69.657659810303	69.6688562388744	19	19	152
421	1	20	90.3733201437393	27.759301218653	69.657659810303	69.6688804160037	19	19	152
422	1	20	90.3733201437393	27.759301218653	69.657659810303	69.6689044785494	19	19	152
423	1	20	90.3733201437393	27.759301218653	69.657659810303	69.6689284273242	19	19	171
424	1	20	90.3733201437393	27.759301218653	69.657659810303	69.6689522631332	19	19	171
425	1	20	90.3733201437393	27.759301218653	69.657659810303	69.6689759867736	19	19	171
426	1	20	90.3733201437393	27.759301218653	69.657659810303	69.6689995990354	19	19	152
427	1	20	90.3733201437393	27.759301218653	69.657659810303	69.6690231007011	19	19	152
428	1	20	90.3733201437393	27.759301218653	69.657659810303	69.669046492546	19	19	152
429	1	20	90.3733201437393	27.759301218653	69.657659810303	69.6690697753379	19	19	152
430	1	20	90.3733201437393	27.759301218653	69.657659810303	69.6690929498379	19	19	152
431	1	20	90.3733201437393	27.759301218653	69.657659810303	69.6691160167995	19	19	152
432	1	20	90.3733201437393	27.759301218653	69.657659810303	69.6691389769696	19	19	114
433	1	20	90.3733201437393	27.759301218653	69.657659810303	69.6691618310882	19	19	133
434	1	20	90.3733201437393	27.759301218653	69.657659810303	69.6691845798882	19	19	133
435	1	20	90.3733201437393	27.759301218653	69.657659810303	69.6692072240961	17	19	133
436	1	20	90.3733201437393	27.759301218653	69.657659810303	69.6692297644314	19	19	133
437	1	20	90.3733201437393	27.759301218653	69.657659810303	69.6692522016073	19	19	133
438	1	20	90.3733201437393	27.759301218653	69.657659810303	69.6692745363304	19	19	133
439	1	20	90.3733201437393	27.759301218653	69.657659810303	69.6692967693007	19	19	133
440	1	20	90.3733201437393	27.759301218653	69.657659810303	69.6693189012121	19	19	133
441	1	20	90.3733201437393	27.759301218653	69.657659810303	69.669340932752	19	19	133
442	1	20	90.3733201437393	27.759301218653	69.657659810303	69.6693628646016	19	19	152
443	1	20	90.3733201437393	27.759301218653	69.657659810303	69.6693846974362	19	19	152
444	1	20	90.3733201437393	27.759301218653	69.657659810303	69.6694064319246	19	19	152
445	1	20	90.3733201437393	27.759301218653	69.657659810303	69.6694280687299	19	19	152
446	1	20	90.3733201437393	27.759301218653	69.657659810303	69.6694496085093	19	19	133
447	1	20	90.3733201437393	27.759301218653	69.657659810303	69.6694710519137	19	19	133
448	1	20	90.3733201437393	27.759301218653	69.657659810303	69.6694923995887	19	19	152
449	1	20	90.3733201437393	27.759301218653	69.657659810303	69.6695136521738	19	19	152
450	1	20	90.3733201437393	27.759301218653	69.657659810303	69.669534810303	18	19	152
451	1	20	90.3733201437393	27.759301218653	69.657659810303	69.6695558746045	19	19	133
452	1	20	90.3733201437393	27.759301218653	69.657659810303	69.6695768457012	19	19	114
453	1	20	90.3733201437393	27.759301218653	69.657659810303	69.6695977242103	18	19	114
454	1	20	90.3733201437393	27.759301218653	69.657659810303	69.6696185107435	19	19	114
455	1	20	90.3733201437393	27.759301218653	69.657659810303	69.6696392059074	17	19	133
456	1	20	90.3733201437393	27.759301218653	69.657659810303	69.669659810303	19	19	133
457	1	20	90.3733201437393	27.759301218653	69.657659810303	69.6696803245262	19	19	133
458	1	20	90.3733201437393	27.759301218653	69.657659810303	69.6697007491676	19	19	152
459	1	20	90.3733201437393	27.759301218653	69.657659810303	69.6697210848128	19	19	152
460	1	20	90.3733201437393	27.759301218653	69.657659810303	69.6697413320421	19	19	152
461	1	20	90.3733201437393	27.759301218653	69.657659810303	69.669761491431	19	19	133
462	1	20	90.3733201437393	27.759301218653	69.657659810303	69.6697815635497	19	19	152
463	1	20	90.3733201437393	27.759301218653	69.657659810303	69.6698015489639	19	19	152
464	1	20	90.3733201437393	27.759301218653	69.657659810303	69.669821448234	19	19	171
465	1	20	90.3733201437393	27.759301218653	69.657659810303	69.6698412619159	17	19	171
466	1	20	90.3733201437393	27.759301218653	69.657659810303	69.6698609905605	19	19	133
467	1	20	90.3733201437393	27.759301218653	69.657659810303	69.6698806347141	19	19	152
468	1	20	90.3733201437393	27.759301218653	69.657659810303	69.6699001949184	19	19	152
469	1	20	90.3733201437393	27.759301218653	69.657659810303	69.6699196717102	19	19	152
470	1	20	90.3733201437393	27.759301218653	69.657659810303	69.6699390656221	18	19	152
471	1	20	90.3733201437393	27.759301218653	69.657659810303	69.669958377182	19	19	133
472	1	20	90.3733201437393	27.759301218653	69.657659810303	69.6699776069132	19	19	114
473	1	20	90.3733201437393	27.759301218653	69.657659810303	69.6699967553347	19	19	152
474	1	20	90.3733201437393	27.759301218653	69.657659810303	69.6700158229612	19	19	152
475	1	20	90.3733201437393	27.759301218653	69.657659810303	69.670034810303	19	19	152
476	1	20	90.3733201437393	27.759301218653	69.657659810303	69.670053717866	19	19	171
477	1	20	90.3733201437393	27.759301218653	69.657659810303	69.670072546152	19	19	171
478	1	20	90.3733201437393	27.759301218653	69.657659810303	69.6700912956586	19	19	171
479	1	20	90.3733201437393	27.759301218653	69.657659810303	69.6701099668792	19	19	171
480	1	20	90.3733201437393	27.759301218653	69.657659810303	69.670128560303	19	19	171
481	1	20	90.3733201437393	27.759301218653	69.657659810303	69.6701470764152	19	19	152
482	1	20	90.3733201437393	27.759301218653	69.657659810303	69.6701655156972	19	19	152
483	1	20	90.3733201437393	27.759301218653	69.657659810303	69.6701838786259	19	19	152
484	1	20	90.3733201437393	27.759301218653	69.657659810303	69.6702021656749	19	19	152
485	1	20	90.3733201437393	27.759301218653	69.657659810303	69.6702203773133	19	19	152
486	1	20	90.3733201437393	27.759301218653	69.657659810303	69.6702385140067	19	19	152
487	1	20	90.3733201437393	27.759301218653	69.657659810303	69.6702565762167	19	19	114
488	1	20	90.3733201437393	27.759301218653	69.657659810303	69.6702745644013	19	19	133
489	1	20	90.3733201437393	27.759301218653	69.657659810303	69.6702924790146	19	19	133
490	1	20	90.3733201437393	27.759301218653	69.657659810303	69.6703103205071	18	19	133
491	1	20	90.3733201437393	27.759301218653	69.657659810303	69.6703280893254	19	19	133
492	1	20	90.3733201437393	27.759301218653	69.657659810303	69.6703457859127	19	19	133
493	1	20	90.3733201437393	27.759301218653	69.657659810303	69.6703634107087	19	19	133
494	1	20	90.3733201437393	27.759301218653	69.657659810303	69.6703809641491	19	19	133
495	1	20	90.3733201437393	27.759301218653	69.657659810303	69.6703984466666	19	19	133
496	1	20	90.3733201437393	27.759301218653	69.657659810303	69.6704158586901	19	19	133
497	1	20	90.3733201437393	27.759301218653	69.657659810303	69.670433200645	19	19	133
498	1	20	90.3733201437393	27.759301218653	69.657659810303	69.6704504729536	19	19	152
499	1	20	90.3733201437393	27.759301218653	69.657659810303	69.6704676760344	19	19	152
500	1	20	90.3733201437393	27.759301218653	69.657659810303	69.670484810303	19	19	152
501	1	20	90.3733201437393	27.759301218653	69.657659810303	69.6705018761712	19	19	133
502	1	20	90.3733201437393	27.759301218653	69.657659810303	69.670518874048	19	19	133
503	1	20	90.3733201437393	27.759301218653	69.657659810303	69.6705358043388	19	19	133
504	1	20	90.3733201437393	27.759301218653	69.657659810303	69.6705526674458	19	19	152
505	1	20	90.3733201437393	27.759301218653	69.657659810303	69.6705694637683	19	19	152
506	1	20	90.3733201437393	27.759301218653	69.657659810303	69.6705861937022	17	19	152
507	1	20	90.3733201437393	27.759301218653	69.657659810303	69.6706028576402	19	19	114
508	1	20	90.3733201437393	27.759301218653	69.657659810303	69.6706194559723	18	19	133
509	1	20	90.3733201437393	27.759301218653	69.657659810303	69.6706359890849	19	19	114
510	1	20	90.3733201437393	27.759301218653	69.657659810303	69.6706524573618	18	19	152
511	1	20	90.3733201437393	27.759301218653	69.657659810303	69.6706688611836	19	19	133
512	1	20	90.3733201437393	27.759301218653	69.657659810303	69.670685200928	19	19	133
513	1	20	90.3733201437393	27.759301218653	69.657659810303	69.6707014769696	19	19	133
514	1	20	90.3733201437393	27.759301218653	69.657659810303	69.6707176896804	19	19	133
515	1	20	90.3733201437393	27.759301218653	69.657659810303	69.6707338394292	19	19	133
516	1	20	90.3733201437393	27.759301218653	69.657659810303	69.670749926582	19	19	133
517	1	20	90.3733201437393	27.759301218653	69.657659810303	69.6707659515022	19	19	152
518	1	20	90.3733201437393	27.759301218653	69.657659810303	69.6707819145501	19	19	152
519	1	20	90.3733201437393	27.759301218653	69.657659810303	69.6707978160833	19	19	171
520	1	20	90.3733201437393	27.759301218653	69.657659810303	69.6708136564568	17	19	171
521	1	20	90.3733201437393	27.759301218653	69.657659810303	69.6708294360227	19	19	133
522	1	20	90.3733201437393	27.759301218653	69.657659810303	69.6708451551306	19	19	152
523	1	20	90.3733201437393	27.759301218653	69.657659810303	69.6708608141271	19	19	152
524	1	20	90.3733201437393	27.759301218653	69.657659810303	69.6708764133564	19	19	152
525	1	20	90.3733201437393	27.759301218653	69.657659810303	69.6708919531601	19	19	152
526	1	20	90.3733201437393	27.759301218653	69.657659810303	69.6709074338771	19	19	152
527	1	20	90.3733201437393	27.759301218653	69.657659810303	69.6709228558438	19	19	133
528	1	20	90.3733201437393	27.759301218653	69.657659810303	69.6709382193939	19	19	152
529	1	20	90.3733201437393	27.759301218653	69.657659810303	69.6709535248587	19	19	152
530	1	20	90.3733201437393	27.759301218653	69.657659810303	69.6709687725671	19	19	152
531	1	20	90.3733201437393	27.759301218653	69.657659810303	69.6709839628453	19	19	171
532	1	20	90.3733201437393	27.759301218653	69.657659810303	69.6709990960173	19	19	171
533	1	20	90.3733201437393	27.759301218653	69.657659810303	69.6710141724043	19	19	171
534	1	20	90.3733201437393	27.759301218653	69.657659810303	69.6710291923254	19	19	171
535	1	20	90.3733201437393	27.759301218653	69.657659810303	69.6710441560974	19	19	171
536	1	20	90.3733201437393	27.759301218653	69.657659810303	69.6710590640343	19	19	152
537	1	20	90.3733201437393	27.759301218653	69.657659810303	69.6710739164482	19	19	152
538	1	20	90.3733201437393	27.759301218653	69.657659810303	69.6710887136487	19	19	152
539	1	20	90.3733201437393	27.759301218653	69.657659810303	69.6711034559431	19	19	152
540	1	20	90.3733201437393	27.759301218653	69.657659810303	69.6711181436363	19	19	152
