"Iteration #"	"Inertia"	"Number of features"	"CV best"	"Permuted CV best"	"Global best fitness"	"Current best fitness"	"Number of features in current best agent"	"Number of features in global best"	"Number of features in local best"
1	1	40	71.286072910865	45.0718624416363	31.3586954184478	31.3586954184478	15	40	800
2	1	19	87.4021415865311	38.1825351393769	54.26688714789	54.26688714789	18	19	19
3	1	19	87.4021415865311	38.1825351393769	54.26688714789	54.3169629464726	16	19	16
4	1	19	90.6544453468916	38.7337185477956	57.5973699156007	57.5973699156007	19	19	19
5	1	18	90.6544453468916	38.7337185477956	57.8111199156007	57.8111199156007	17	19	19
6	1	18	90.6544453468916	38.7337185477956	57.8111199156007	56.5135928211803	21	19	22
7	1	18	90.6544453468916	38.7337185477956	57.8111199156007	55.1753211532223	20	19	20
8	1	18	90.6544453468916	38.7337185477956	57.8111199156007	56.1616760759381	16	19	16
9	1	19	90.2945081773927	35.6998616100755	60.1448668948806	60.1448668948806	17	17	17
10	1	19	90.2945081773927	35.6998616100755	60.1448668948806	60.1873668948806	17	17	34
11	1	19	90.2945081773927	35.6998616100755	60.1448668948806	58.6551701441208	25	17	25
12	1	14	89.0265087261353	38.9581135382594	60.7360076233754	60.7360076233754	13	13	13
13	1	14	89.0265087261353	38.9581135382594	60.7360076233754	60.7547576233754	13	13	13
14	1	14	89.0265087261353	38.9581135382594	60.7360076233754	60.7708290519469	13	13	13
15	1	15	89.071154600514	36.0837237934468	62.7503148505283	62.7503148505283	14	15	15
16	1	15	89.071154600514	36.0837237934468	62.7503148505283	58.8149712804844	25	15	25
17	1	15	89.071154600514	36.0837237934468	62.7503148505283	60.8849925168894	14	15	14
18	1	15	89.071154600514	36.0837237934468	62.7503148505283	60.8952866345365	14	15	14
19	1	15	89.071154600514	36.0837237934468	62.7503148505283	61.5886376541803	16	15	15
20	1	16	89.6788485522882	31.9296500996696	65.1617146777807	65.1617146777807	12	16	16
21	1	16	89.6788485522882	31.9296500996696	65.1617146777807	60.3492091942263	19	16	19
22	1	16	89.6788485522882	31.9296500996696	65.1617146777807	60.9991985077165	17	16	17
23	1	16	89.6788485522882	31.9296500996696	65.1617146777807	61.0067577962541	17	16	17
24	1	16	89.6788485522882	31.9296500996696	65.1617146777807	64.0889100182176	15	16	15
25	1	16	89.6788485522882	31.9296500996696	65.1617146777807	64.0945350182176	15	16	15
26	1	16	89.6788485522882	31.9296500996696	65.1617146777807	60.6960181426752	20	16	20
27	1	16	89.6788485522882	31.9296500996696	65.1617146777807	64.1045350182176	15	16	15
28	1	16	89.6788485522882	31.9296500996696	65.1617146777807	64.9697226391432	16	16	17
29	1	16	89.6788485522882	31.9296500996696	65.1617146777807	63.7620811293718	14	16	14
30	1	16	89.6788485522882	31.9296500996696	65.1617146777807	64.6838957954499	19	16	21
31	1	16	89.6788485522882	31.9296500996696	65.1617146777807	61.8563315229744	14	16	14
32	1	16	89.6788485522882	31.9296500996696	65.1617146777807	64.6230047834724	21	16	21
33	1	16	89.6788485522882	31.9296500996696	65.1617146777807	64.6274792152905	21	16	21
34	1	16	89.6788485522882	31.9296500996696	65.1617146777807	64.6906463167474	15	16	15
35	1	16	89.6788485522882	31.9296500996696	65.1617146777807	64.6934824512012	16	16	15
36	1	16	89.6788485522882	31.9296500996696	65.1617146777807	65.2417146777807	16	16	16
37	1	16	89.6788485522882	31.9296500996696	65.1617146777807	65.2444173804834	16	16	32
38	1	16	89.6788485522882	31.9296500996696	65.1617146777807	65.2469778356754	16	16	32
39	1	16	89.6788485522882	31.9296500996696	65.1617146777807	65.249406985473	16	16	48
40	1	16	89.6788485522882	31.9296500996696	65.1617146777807	65.2517146777807	17	16	48
41	1	16	89.6788485522882	31.9296500996696	65.1617146777807	65.2539097997319	16	16	16
42	1	16	89.6788485522882	31.9296500996696	65.1617146777807	65.2560003920664	16	16	16
43	1	16	89.6788485522882	31.9296500996696	65.1617146777807	65.2579937475481	16	16	32
44	1	16	89.6788485522882	31.9296500996696	65.1617146777807	65.2598964959625	16	16	32
45	1	16	89.6788485522882	31.9296500996696	65.1617146777807	65.2617146777807	16	16	32
46	1	10	90.1541919488302	31.7278900240245	65.6521958240326	65.6521958240326	15	15	15
47	1	10	90.1541919488302	31.7278900240245	65.6521958240326	65.6537568786117	15	15	15
48	1	10	90.1541919488302	31.7278900240245	65.6521958240326	65.65525288925	15	15	15
49	1	10	90.1541919488302	31.7278900240245	65.6521958240326	65.6566878382296	15	15	15
50	1	10	90.1541919488302	31.7278900240245	65.6521958240326	65.65806538925	16	15	15
51	1	10	90.1541919488302	31.7278900240245	65.6521958240326	65.2711264424866	16	15	47
52	1	10	90.1541919488302	31.7278900240245	65.6521958240326	65.2724839085499	16	15	47
53	1	10	90.1541919488302	31.7278900240245	65.6521958240326	65.2737901494788	16	15	47
54	1	10	90.1541919488302	31.7278900240245	65.6521958240326	65.275048011114	16	15	47
55	1	10	90.1541919488302	31.7278900240245	65.6521958240326	65.2762601323262	16	15	47
56	1	10	90.1541919488302	31.7278900240245	65.6521958240326	63.1396663234444	13	15	13
57	1	10	90.1541919488302	31.7278900240245	65.6521958240326	65.2785567830439	16	15	16
58	1	10	90.1541919488302	31.7278900240245	65.6521958240326	65.2796457122635	16	15	16
59	1	10	90.1541919488302	31.7278900240245	65.6521958240326	65.2806977286282	16	15	16
60	1	10	89.3645754390604	30.9633966315816	65.8205817149659	65.8205817149659	15	15	15
61	1	10	89.3645754390604	30.9633966315816	65.8205817149659	65.6702375203975	15	15	60
62	1	10	89.3645754390604	30.9633966315816	65.8205817149659	65.671129905379	15	15	60
63	1	10	89.3645754390604	30.9633966315816	65.8205817149659	65.8232602863945	15	15	15
64	1	7	89.8271710072749	31.6035127312875	66.2463134407772	66.2463134407772	21	21	21
65	1	7	89.8271710072749	31.6035127312875	66.2463134407772	66.2474492580849	16	21	21
66	1	7	89.8271710072749	31.6035127312875	66.2463134407772	65.2871692232353	17	21	45
67	1	7	89.8271710072749	31.6035127312875	66.2463134407772	66.2496191777175	21	21	21
68	1	7	89.8271710072749	31.6035127312875	66.2463134407772	66.2506562716596	21	21	21
69	1	7	89.8271710072749	31.6035127312875	66.2463134407772	66.2516633049076	21	21	21
70	1	7	89.8271710072749	31.6035127312875	66.2463134407772	66.2526415657772	18	21	21
71	1	7	89.8271710072749	31.6035127312875	66.2463134407772	65.4474820436898	15	21	15
72	1	7	89.8271710072749	31.6035127312875	66.2463134407772	65.67869038925	15	21	15
73	1	7	89.8271710072749	31.6035127312875	66.2463134407772	65.6793325125377	16	21	30
74	1	7	89.8271710072749	31.6035127312875	66.2463134407772	65.6799572811419	15	21	15
75	1	7	89.8271710072749	31.6035127312875	66.2463134407772	65.7426527999874	21	21	22
76	1	7	89.8271710072749	31.6035127312875	66.2463134407772	65.6811574945131	15	21	30
77	1	7	89.8271710072749	31.6035127312875	66.2463134407772	65.6817342204188	15	21	15
78	1	7	89.8271710072749	31.6035127312875	66.2463134407772	65.6822961584808	15	21	30
79	1	7	89.8271710072749	31.6035127312875	66.2463134407772	65.6828438702626	15	21	30
80	1	7	89.8271710072749	31.6035127312875	66.2463134407772	65.68337788925	16	21	45
81	1	7	89.8271710072749	31.6035127312875	66.2463134407772	65.6838987225833	15	21	15
82	1	7	89.8271710072749	31.6035127312875	66.2463134407772	65.6844068526646	15	21	45
83	1	7	89.8271710072749	31.6035127312875	66.2463134407772	65.6849027386476	15	21	45
84	1	7	91.5931984125803	32.6478091295133	66.8156387679823	66.8156387679823	20	20	20
85	1	7	91.5931984125803	32.6478091295133	66.8156387679823	66.8162690200831	12	20	20
86	1	7	91.5931984125803	32.6478091295133	66.8156387679823	65.6863212032035	15	20	15
87	1	7	91.5931984125803	32.6478091295133	66.8156387679823	65.7517562482633	22	20	22
88	1	7	91.5931984125803	32.6478091295133	66.8156387679823	66.462741336285	19	20	19
89	1	7	91.5931984125803	32.6478091295133	66.8156387679823	66.4632871738744	19	20	19
90	1	7	91.5931984125803	32.6478091295133	66.8156387679823	66.4638208817396	19	20	19
91	1	7	91.5931984125803	32.6478091295133	66.8156387679823	65.6884774771621	15	20	15
92	1	7	91.5931984125803	32.6478091295133	66.8156387679823	65.6888806066413	15	20	45
93	1	7	91.5931984125803	32.6478091295133	66.8156387679823	65.6892750666693	15	20	45
94	1	7	91.5931984125803	32.6478091295133	66.8156387679823	65.6896611339308	15	20	45
95	1	7	91.5931984125803	32.6478091295133	66.8156387679823	65.6900390734605	16	20	45
96	1	7	91.5931984125803	32.6478091295133	66.8156387679823	66.8223351965537	20	20	20
97	1	7	91.5931984125803	32.6478091295133	66.8156387679823	66.8228184439764	20	20	20
98	1	7	91.5931984125803	32.6478091295133	66.8156387679823	66.8232918292068	20	20	20
99	1	7	91.5931984125803	32.6478091295133	66.8156387679823	66.8237556510992	20	20	20
100	1	7	91.5931984125803	32.6478091295133	66.8156387679823	66.8242101965537	20	20	20
101	1	7	91.5931984125803	32.6478091295133	66.8156387679823	66.8246557411082	20	20	20
102	1	7	91.5931984125803	32.6478091295133	66.8156387679823	66.8250925494949	20	20	20
103	1	7	91.5931984125803	32.6478091295133	66.8156387679823	66.8255208761654	20	20	40
104	1	7	91.5931984125803	32.6478091295133	66.8156387679823	66.8259409657845	20	20	40
105	1	20	91.5931984125803	32.4317879388657	67.0198694744515	67.0198694744515	20	21	21
106	1	20	91.5931984125803	32.4317879388657	67.0198694744515	65.6937257666085	15	21	15
107	1	20	91.5931984125803	32.4317879388657	67.0198694744515	65.8940563725039	21	21	20
108	1	20	91.5931984125803	32.4317879388657	67.0198694744515	66.827543529887	20	21	20
109	1	20	91.5931984125803	32.4317879388657	67.0198694744515	66.827925792884	20	21	20
110	1	20	91.5931984125803	32.4317879388657	67.0198694744515	66.8283011056446	20	21	20
111	1	20	91.5931984125803	32.4317879388657	67.0198694744515	66.8286696560132	20	21	20
112	1	20	91.5931984125803	32.4317879388657	67.0198694744515	66.8290316251251	20	21	20
113	1	20	91.5931984125803	32.4317879388657	67.0198694744515	67.0230553151594	21	21	21
114	1	20	91.5931984125803	32.4317879388657	67.0198694744515	67.0234221060304	21	21	21
115	1	20	91.5931984125803	32.4317879388657	67.0198694744515	67.0237825179297	21	21	21
116	1	20	91.5931984125803	32.4317879388657	67.0198694744515	67.0241367158308	21	21	42
117	1	20	91.5931984125803	32.4317879388657	67.0198694744515	67.0244848590668	21	21	42
118	1	20	91.5931984125803	32.4317879388657	67.0198694744515	67.0248271015701	21	21	42
119	1	20	91.5931984125803	32.4317879388657	67.0198694744515	67.0251635920985	21	21	42
120	1	20	91.5931984125803	32.4317879388657	67.0198694744515	67.0254944744514	20	21	42
121	1	20	91.5931984125803	32.4317879388657	67.0198694744515	66.0927786341045	19	21	20
122	1	20	91.5931984125803	32.4317879388657	67.0198694744515	66.0930682290103	20	21	20
123	1	20	91.5931984125803	32.4317879388657	67.0198694744515	66.8326248307001	20	21	40
124	1	20	91.5931984125803	32.4317879388657	67.0198694744515	66.8329198739731	20	21	40
125	1	20	91.5931984125803	32.4317879388657	67.0198694744515	66.8332101965537	19	21	40
126	1	20	91.5931984125803	32.4317879388657	67.0198694744515	67.0273694744514	21	21	21
127	1	20	91.5931984125803	32.4317879388657	67.0198694744515	67.027664750042	21	21	21
128	1	20	91.5931984125803	32.4317879388657	67.0198694744515	67.0279554119515	21	21	21
129	1	20	91.5931984125803	32.4317879388657	67.0198694744515	67.0282415674747	21	21	21
130	1	20	91.5931984125803	32.4317879388657	67.0198694744515	67.0285233206053	22	21	21
131	1	20	91.5931984125803	32.4317879388657	67.0198694744515	67.0288007721614	21	21	42
132	1	20	91.5931984125803	32.4317879388657	67.0198694744515	67.029074019906	21	21	63
133	1	20	91.5931984125803	32.4317879388657	67.0198694744515	67.029343158662	21	21	63
134	1	20	91.5931984125803	32.4317879388657	67.0198694744515	67.0296082804216	21	21	63
135	1	20	91.5931984125803	32.4317879388657	67.0198694744515	67.0298694744514	20	21	84
136	1	20	91.5931984125803	32.4317879388657	67.0198694744515	67.0301268273926	21	21	63
137	1	20	91.5931984125803	32.4317879388657	67.0198694744515	67.0303804233566	21	21	63
138	1	20	91.5931984125803	32.4317879388657	67.0198694744515	67.0306303440167	21	21	63
139	1	20	91.5931984125803	32.4317879388657	67.0198694744515	67.0308766686961	21	21	63
140	1	20	91.5931984125803	32.4317879388657	67.0198694744515	67.0311194744514	21	21	84
141	1	20	91.5931984125803	32.4317879388657	67.0198694744515	67.0313588361536	21	21	42
142	1	20	91.5931984125803	32.4317879388657	67.0198694744515	67.0315948265641	21	21	63
143	1	20	91.5931984125803	32.4317879388657	67.0198694744515	67.0318275164095	21	21	63
144	1	20	91.5931984125803	32.4317879388657	67.0198694744515	67.0320569744515	21	21	63
145	1	20	91.5931984125803	32.4317879388657	67.0198694744515	67.0322832675549	20	21	63
146	1	20	91.5931984125803	32.4317879388657	67.0198694744515	67.0325064607528	21	21	21
147	1	20	91.5931984125803	32.4317879388657	67.0198694744515	67.0327266173086	21	21	42
148	1	20	91.5931984125803	32.4317879388657	67.0198694744515	67.0329437987758	21	21	63
149	1	20	91.5931984125803	32.4317879388657	67.0198694744515	67.0331580650555	21	21	63
150	1	20	91.5931984125803	32.4317879388657	67.0198694744515	67.0333694744514	21	21	63
151	1	20	91.5931984125803	32.4317879388657	67.0198694744515	67.033578083723	21	21	63
152	1	20	91.5931984125803	32.4317879388657	67.0198694744515	67.0337839481357	21	21	84
153	1	20	91.5931984125803	32.4317879388657	67.0198694744515	67.0339871215103	21	21	84
154	1	20	91.5931984125803	32.4317879388657	67.0198694744515	67.0341876562696	21	21	84
155	1	20	91.5931984125803	32.4317879388657	67.0198694744515	67.0343856034837	21	21	84
156	1	20	91.5931984125803	32.4317879388657	67.0198694744515	67.034581012913	21	21	84
157	1	20	91.5931984125803	32.4317879388657	67.0198694744515	67.0347739330502	21	21	105
158	1	20	91.5931984125803	32.4317879388657	67.0198694744515	67.0349644111603	21	21	105
159	1	20	91.5931984125803	32.4317879388657	67.0198694744515	67.0351524933194	21	21	105
160	1	20	91.5931984125803	32.4317879388657	67.0198694744515	67.0353382244515	21	21	105
161	1	20	91.5931984125803	32.4317879388657	67.0198694744515	67.0355216483645	21	21	63
162	1	20	91.5931984125803	32.4317879388657	67.0198694744515	67.0357028077848	21	21	63
163	1	20	91.5931984125803	32.4317879388657	67.0198694744515	67.0358817443901	21	21	63
164	1	20	91.5931984125803	32.4317879388657	67.0198694744515	67.0360584988417	21	21	63
165	1	20	91.5931984125803	32.4317879388657	67.0198694744515	67.0362331108151	21	21	63
166	1	20	91.5931984125803	32.4317879388657	67.0198694744515	67.0364056190298	21	21	84
167	1	20	91.5931984125803	32.4317879388657	67.0198694744515	67.0365760612778	21	21	84
168	1	20	91.5931984125803	32.4317879388657	67.0198694744515	67.0367444744515	21	21	84
169	1	20	91.5931984125803	32.4317879388657	67.0198694744515	67.0369108945698	21	21	84
170	1	20	91.5931984125803	32.4317879388657	67.0198694744515	67.0370753568044	21	21	84
171	1	20	91.5931984125803	32.4317879388657	67.0198694744515	67.0372378955041	23	21	105
172	1	20	91.5931984125803	32.4317879388657	67.0198694744515	67.0373985442189	21	21	84
173	1	20	91.5931984125803	32.4317879388657	67.0198694744515	67.0375573357231	21	21	105
174	1	20	91.5931984125803	32.4317879388657	67.0198694744515	67.0377143020377	21	21	105
175	1	20	91.5931984125803	32.4317879388657	67.0198694744515	67.0378694744514	21	21	105
176	1	20	91.5931984125803	32.4317879388657	67.0198694744515	67.0380228835424	21	21	84
177	1	20	91.5931984125803	32.4317879388657	67.0198694744515	67.0381745591972	21	21	84
178	1	20	91.5931984125803	32.4317879388657	67.0198694744515	67.0383245306312	21	21	84
179	1	20	91.5931984125803	32.4317879388657	67.0198694744515	67.0384728264068	21	21	84
180	1	20	91.5931984125803	32.4317879388657	67.0198694744515	67.0386194744515	21	21	84
181	1	20	91.5931984125803	32.4317879388657	67.0198694744515	67.0387645020758	21	21	63
182	1	20	91.5931984125803	32.4317879388657	67.0198694744515	67.0389079359899	21	21	63
183	1	20	91.5931984125803	32.4317879388657	67.0198694744515	67.0390498023203	21	21	63
184	1	20	91.5931984125803	32.4317879388657	67.0198694744515	67.0391901266254	21	21	63
185	1	20	91.5931984125803	32.4317879388657	67.0198694744515	67.0393289339109	21	21	63
186	1	20	91.5931984125803	32.4317879388657	67.0198694744515	67.039466248645	21	21	84
187	1	20	91.5931984125803	32.4317879388657	67.0198694744515	67.0396020947723	21	21	105
188	1	20	91.5931984125803	32.4317879388657	67.0198694744515	67.039736495728	21	21	105
189	1	20	91.5931984125803	32.4317879388657	67.0198694744515	67.0398694744515	21	21	105
190	1	20	91.5931984125803	32.4317879388657	67.0198694744515	67.0400010533988	19	21	105
191	1	20	91.5931984125803	32.4317879388657	67.0198694744515	67.0401312545562	21	21	105
192	1	20	91.5931984125803	32.4317879388657	67.0198694744515	67.0402600994514	21	21	105
193	1	20	91.5931984125803	32.4317879388657	67.0198694744515	67.0403876091665	20	21	126
194	1	20	91.5931984125803	32.4317879388657	67.0198694744515	67.0405138043484	21	21	84
195	1	20	91.5931984125803	32.4317879388657	67.0198694744515	67.0406387052207	18	21	126
196	1	20	91.5931984125803	32.4317879388657	67.0198694744515	67.0407623315943	21	21	84
197	1	20	91.5931984125803	32.4317879388657	67.0198694744515	67.0408847028778	21	21	84
198	1	20	91.5931984125803	32.4317879388657	67.0198694744515	67.0410058380878	21	21	84
199	1	20	91.5931984125803	32.4317879388657	67.0198694744515	67.0411257558585	21	21	84
200	1	20	91.5931984125803	32.4317879388657	67.0198694744515	67.0412444744514	21	21	84
201	1	20	91.5931984125803	32.4317879388657	67.0198694744515	67.0413620117649	21	21	63
202	1	20	91.5931984125803	32.4317879388657	67.0198694744515	67.0414783853425	21	21	63
203	1	20	91.5931984125803	32.4317879388657	67.0198694744515	67.0415936123825	21	21	63
204	1	20	91.5931984125803	32.4317879388657	67.0198694744515	67.0417077097456	21	21	63
205	1	20	91.5931984125803	32.4317879388657	67.0198694744515	67.0418206939636	21	21	63
206	1	20	91.5931984125803	32.4317879388657	67.0198694744515	67.0419325812476	21	21	84
207	1	20	91.5931984125803	32.4317879388657	67.0198694744515	67.0420433874949	21	21	84
208	1	20	91.5931984125803	32.4317879388657	67.0198694744515	67.0421531282976	21	21	105
209	1	20	91.5931984125803	32.4317879388657	67.0198694744515	67.0422618189491	21	21	105
210	1	20	91.5931984125803	32.4317879388657	67.0198694744515	67.0423694744514	20	21	105
211	1	20	91.5931984125803	32.4317879388657	67.0198694744515	67.0424761095225	21	21	105
212	1	20	91.5931984125803	32.4317879388657	67.0198694744515	67.0425817386024	21	21	105
213	1	20	91.5931984125803	32.4317879388657	67.0198694744515	67.0426863758599	21	21	105
214	1	20	91.5931984125803	32.4317879388657	67.0198694744515	67.0427900351991	21	21	105
215	1	20	91.5931984125803	32.4317879388657	67.0198694744515	67.0428927302654	21	21	105
216	1	20	91.5931984125803	32.4317879388657	67.0198694744515	67.0429944744514	21	21	84
217	1	20	91.5931984125803	32.4317879388657	67.0198694744515	67.0430952809031	21	21	84
218	1	20	91.5931984125803	32.4317879388657	67.0198694744515	67.0431951625248	21	21	84
219	1	20	91.5931984125803	32.4317879388657	67.0198694744515	67.0432941319857	21	21	84
220	1	20	91.5931984125803	32.4317879388657	67.0198694744515	67.0433922017242	21	21	84
221	1	20	91.5931984125803	32.4317879388657	67.0198694744515	67.0434893839537	21	21	105
222	1	20	91.5931984125803	32.4317879388657	67.0198694744515	67.0435856906677	21	21	105
223	1	20	91.5931984125803	32.4317879388657	67.0198694744515	67.0436811336443	21	21	105
224	1	20	91.5931984125803	32.4317879388657	67.0198694744515	67.0437757244515	21	21	105
225	1	20	91.5931984125803	32.4317879388657	67.0198694744515	67.0438694744514	21	21	105
226	1	20	91.5931984125803	32.4317879388657	67.0198694744515	67.0439623948054	21	21	126
227	1	20	91.5931984125803	32.4317879388657	67.0198694744515	67.0440544964779	21	21	105
228	1	20	91.5931984125803	32.4317879388657	67.0198694744515	67.0441457902409	21	21	126
229	1	20	91.5931984125803	32.4317879388657	67.0198694744515	67.0442362866785	21	21	126
230	1	20	91.5931984125803	32.4317879388657	67.0198694744515	67.0443259961906	18	21	126
231	1	20	91.5931984125803	32.4317879388657	67.0198694744515	67.0444149289969	21	21	84
232	1	20	91.5931984125803	32.4317879388657	67.0198694744515	67.0445030951411	21	21	84
233	1	20	91.5931984125803	32.4317879388657	67.0198694744515	67.0445905044944	21	21	84
234	1	20	91.5931984125803	32.4317879388657	67.0198694744515	67.0446771667591	21	21	84
235	1	20	91.5931984125803	32.4317879388657	67.0198694744515	67.0447630914727	21	21	84
236	1	20	91.5931984125803	32.4317879388657	67.0198694744515	67.0448482880108	21	21	63
237	1	15	91.5931984125803	30.4264273739362	68.570028339663	68.570028339663	19	19	19
238	1	15	91.5931984125803	30.4264273739362	68.570028339663	68.5701041294726	19	19	19
239	1	15	91.5931984125803	30.4264273739362	68.570028339663	68.5701792850579	19	19	19
240	1	15	91.5931984125803	30.4264273739362	68.570028339663	68.5702538143466	20	19	19
241	1	15	91.5931984125803	30.4264273739362	68.570028339663	67.0452636653228	21	19	84
242	1	15	91.5931984125803	30.4264273739362	68.570028339663	67.045344681063	21	19	84
243	1	15	91.5931984125803	30.4264273739362	68.570028339663	67.045425030007	21	19	84
244	1	15	91.5931984125803	30.4264273739362	68.570028339663	68.5705458225433	19	19	19
245	1	15	91.5931984125803	30.4264273739362	68.570028339663	68.5706173347547	18	19	19
246	1	15	91.5931984125803	30.4264273739362	68.570028339663	67.0456621573783	20	19	84
247	1	15	91.5931984125803	30.4264273739362	68.570028339663	67.0457399197956	21	19	84
248	1	15	91.5931984125803	30.4264273739362	68.570028339663	67.0458170550966	23	19	84
249	1	15	91.5931984125803	30.4264273739362	68.570028339663	67.045893570837	21	19	63
250	1	15	91.5931984125803	30.4264273739362	68.570028339663	68.5709663143466	17	19	19
251	1	15	91.5931984125803	30.4264273739362	68.570028339663	67.0460447732562	21	19	84
252	1	15	91.5931984125803	30.4264273739362	68.570028339663	67.0461194744514	21	19	84
253	1	15	91.5931984125803	30.4264273739362	68.570028339663	67.0461935851234	21	19	84
254	1	15	91.5931984125803	30.4264273739362	68.570028339663	67.0462671122467	21	19	84
255	1	15	91.5931984125803	30.4264273739362	68.570028339663	67.0463400626867	21	19	84
256	1	15	91.5931984125803	30.4264273739362	68.570028339663	67.0464124432014	21	19	42
257	1	15	91.5931984125803	30.4264273739362	68.570028339663	67.0464842604437	21	19	63
258	1	15	91.5931984125803	30.4264273739362	68.570028339663	67.0465555209631	21	19	84
259	1	15	91.5931984125803	30.4264273739362	68.570028339663	68.5715605228408	19	19	19
260	1	15	91.5931984125803	30.4264273739362	68.570028339663	68.5716240066543	19	19	19
261	1	15	91.5931984125803	30.4264273739362	68.570028339663	67.0467660261756	21	19	63
262	1	15	91.5931984125803	30.4264273739362	68.570028339663	67.0468351233064	21	19	63
263	1	15	91.5931984125803	30.4264273739362	68.570028339663	68.5718115614949	19	19	19
264	1	15	91.5931984125803	30.4264273739362	68.570028339663	68.5718731325284	19	19	19
265	1	15	91.5931984125803	30.4264273739362	68.570028339663	68.5719342388749	18	19	19
266	1	15	91.5931984125803	30.4264273739362	68.570028339663	67.0471063165567	21	19	42
267	1	15	91.5931984125803	30.4264273739362	68.570028339663	67.047172845238	21	19	63
268	1	15	91.5931984125803	30.4264273739362	68.570028339663	68.5721148218093	19	19	19
269	1	15	91.5931984125803	30.4264273739362	68.570028339663	67.0473044186894	20	19	42
270	1	15	91.5931984125803	30.4264273739362	68.570028339663	68.5722329810132	19	19	19
271	1	15	91.5931984125803	30.4264273739362	68.570028339663	68.5722914065975	19	19	19
272	1	15	91.5931984125803	30.4264273739362	68.570028339663	68.5723494025819	19	19	19
273	1	15	91.5931984125803	30.4264273739362	68.570028339663	68.5724069736872	19	19	19
274	1	15	91.5931984125803	30.4264273739362	68.570028339663	68.5724641245656	19	19	19
275	1	15	91.5931984125803	30.4264273739362	68.570028339663	68.5725208598011	19	19	19
276	1	15	91.5931984125803	30.4264273739362	68.570028339663	68.5725771839118	19	19	57
277	1	15	91.5931984125803	30.4264273739362	68.570028339663	68.5726331013502	19	19	57
278	1	15	91.5931984125803	30.4264273739362	68.570028339663	68.5726886165048	19	19	57
279	1	15	91.5931984125803	30.4264273739362	68.570028339663	68.5727437337014	19	19	57
280	1	15	91.5931984125803	30.4264273739362	68.570028339663	68.5727984572037	19	19	57
281	1	15	91.5931984125803	30.4264273739362	68.570028339663	68.5728527912149	19	19	38
282	1	15	91.5931984125803	30.4264273739362	68.570028339663	68.5729067398785	19	19	38
283	1	15	91.5931984125803	30.4264273739362	68.570028339663	68.5729603072794	19	19	38
284	1	15	91.5931984125803	30.4264273739362	68.570028339663	68.5730134974452	19	19	38
285	1	15	91.5931984125803	30.4264273739362	68.570028339663	68.5730663143466	18	19	38
286	1	15	91.5931984125803	30.4264273739362	68.570028339663	68.573118761899	19	19	19
287	1	15	91.5931984125803	30.4264273739362	68.570028339663	68.5731708439633	19	19	19
288	1	15	91.5931984125803	30.4264273739362	68.570028339663	68.5732225643466	19	19	19
289	1	15	91.5931984125803	30.4264273739362	68.570028339663	68.5732739268033	19	19	19
290	1	15	91.5931984125803	30.4264273739362	68.570028339663	68.5733249350362	19	19	19
291	1	15	91.5931984125803	30.4264273739362	68.570028339663	68.5733755926971	19	19	19
292	1	15	91.5931984125803	30.4264273739362	68.570028339663	68.5734259033877	19	19	38
293	1	15	91.5931984125803	30.4264273739362	68.570028339663	68.5734758706606	19	19	38
294	1	15	91.5931984125803	30.4264273739362	68.570028339663	68.57352549802	19	19	38
295	1	15	91.5931984125803	30.4264273739362	68.570028339663	68.5735747889228	19	19	38
296	1	15	91.5931984125803	30.4264273739362	68.570028339663	68.573623746779	19	19	57
297	1	15	91.5931984125803	30.4264273739362	68.570028339663	68.5736723749526	19	19	57
298	1	15	91.5931984125803	30.4264273739362	68.570028339663	68.5737206767627	19	19	57
299	1	15	91.5931984125803	30.4264273739362	68.570028339663	68.5737686554837	19	19	57
300	1	15	91.5931984125803	30.4264273739362	68.570028339663	68.5738163143466	19	19	57
301	1	15	91.5931984125803	30.4264273739362	68.570028339663	68.5738636565393	17	19	57
302	1	15	91.5931984125803	30.4264273739362	68.570028339663	68.5739106852075	19	19	38
303	1	15	91.5931984125803	30.4264273739362	68.570028339663	68.5739574034555	19	19	38
304	1	15	91.5931984125803	30.4264273739362	68.570028339663	68.5740038143466	19	19	57
305	1	15	91.5931984125803	30.4264273739362	68.570028339663	68.5740499209039	16	19	57
306	1	15	91.5931984125803	30.4264273739362	68.570028339663	68.5740957261113	19	19	38
307	1	15	91.5931984125803	30.4264273739362	68.570028339663	68.5741412329133	19	19	57
308	1	15	91.5931984125803	30.4264273739362	68.570028339663	68.5741864442167	19	19	57
309	1	15	91.5931984125803	30.4264273739362	68.570028339663	68.5742313628903	19	19	57
310	1	15	91.5931984125803	30.4264273739362	68.570028339663	68.5742759917659	21	19	57
311	1	15	91.5931984125803	30.4264273739362	68.570028339663	68.5743203336392	19	19	19
312	1	15	91.5931984125803	30.4264273739362	68.570028339663	68.5743643912697	19	19	19
313	1	15	91.5931984125803	30.4264273739362	68.570028339663	68.5744081673817	19	19	38
314	1	15	91.5931984125803	30.4264273739362	68.570028339663	68.574451664665	19	19	38
315	1	15	91.5931984125803	30.4264273739362	68.570028339663	68.5744948857751	18	19	38
316	1	15	91.5931984125803	30.4264273739362	68.570028339663	68.5745378333339	19	19	38
317	1	15	91.5931984125803	30.4264273739362	68.570028339663	68.5745805099302	19	19	76
318	1	15	91.5931984125803	30.4264273739362	68.570028339663	68.5746229181202	19	19	95
319	1	15	91.5931984125803	30.4264273739362	68.570028339663	68.5746650604281	19	19	95
320	1	15	91.5931984125803	30.4264273739362	68.570028339663	68.5747069393466	19	19	95
321	1	15	91.5931984125803	30.4264273739362	68.570028339663	68.5747485573372	18	19	76
322	1	15	91.5931984125803	30.4264273739362	68.570028339663	68.574789916831	19	19	76
323	1	15	91.5931984125803	30.4264273739362	68.570028339663	68.5748310202289	19	19	95
324	1	15	91.5931984125803	30.4264273739362	68.570028339663	68.5748718699021	19	19	95
325	1	15	91.5931984125803	30.4264273739362	68.570028339663	68.5749124681927	19	19	95
326	1	15	91.5931984125803	30.4264273739362	68.570028339663	68.5749528174141	19	19	38
327	1	15	91.5931984125803	30.4264273739362	68.570028339663	68.5749929198512	19	19	38
328	1	15	91.5931984125803	30.4264273739362	68.570028339663	68.5750327777612	19	19	57
329	1	15	91.5931984125803	30.4264273739362	68.570028339663	68.5750723933739	19	19	57
330	1	15	91.5931984125803	30.4264273739362	68.570028339663	68.575111768892	19	19	57
331	1	15	91.5931984125803	30.4264273739362	68.570028339663	68.5751509064916	19	19	95
332	1	15	91.5931984125803	30.4264273739362	68.570028339663	68.5751898083225	19	19	95
333	1	15	91.5931984125803	30.4264273739362	68.570028339663	68.5752284765087	19	19	95
334	1	15	91.5931984125803	30.4264273739362	68.570028339663	68.575266913149	19	19	95
335	1	15	91.5931984125803	30.4264273739362	68.570028339663	68.5753051203167	19	19	95
336	1	15	91.5931984125803	30.4264273739362	68.570028339663	68.5753431000609	19	19	76
337	1	15	91.5931984125803	30.4264273739362	68.570028339663	68.5753808544059	19	19	76
338	1	15	91.5931984125803	30.4264273739362	68.570028339663	68.5754183853525	19	19	76
339	1	15	91.5931984125803	30.4264273739362	68.570028339663	68.5754556948775	19	19	76
340	1	15	91.5931984125803	30.4264273739362	68.570028339663	68.5754927849348	18	19	76
341	1	15	91.5931984125803	30.4264273739362	68.570028339663	68.5755296574551	19	19	76
342	1	15	91.5931984125803	30.4264273739362	68.570028339663	68.5755663143466	19	19	76
343	1	15	91.5931984125803	30.4264273739362	68.570028339663	68.5756027574953	19	19	76
344	1	15	91.5931984125803	30.4264273739362	68.570028339663	68.5756389887652	19	19	76
345	1	15	91.5931984125803	30.4264273739362	68.570028339663	68.5756750099987	19	19	76
346	1	15	91.5931984125803	30.4264273739362	68.570028339663	68.5757108230171	19	19	38
347	1	15	91.5931984125803	30.4264273739362	68.570028339663	68.5757464296204	19	19	38
348	1	15	91.5931984125803	30.4264273739362	68.570028339663	68.5757818315879	19	19	38
349	1	15	91.5931984125803	30.4264273739362	68.570028339663	68.5758170306789	19	19	38
350	1	15	91.5931984125803	30.4264273739362	68.570028339663	68.5758520286323	19	19	38
351	1	15	91.5931984125803	30.4264273739362	68.570028339663	68.5758868271671	19	19	76
352	1	15	91.5931984125803	30.4264273739362	68.570028339663	68.5759214279829	19	19	95
353	1	15	91.5931984125803	30.4264273739362	68.570028339663	68.5759558327602	19	19	95
354	1	15	91.5931984125803	30.4264273739362	68.570028339663	68.5759900431601	19	19	95
355	1	15	91.5931984125803	30.4264273739362	68.570028339663	68.5760240608254	18	19	95
356	1	15	91.5931984125803	30.4264273739362	68.570028339663	68.5760578873803	19	19	76
357	1	15	91.5931984125803	30.4264273739362	68.570028339663	68.5760915244306	19	19	76
358	1	15	91.5931984125803	30.4264273739362	68.570028339663	68.5761249735644	21	19	76
359	1	15	91.5931984125803	30.4264273739362	68.570028339663	68.5761582363521	19	19	76
360	1	15	91.5931984125803	30.4264273739362	68.570028339663	68.5761913143466	16	19	95
361	1	15	91.5931984125803	30.4264273739362	68.570028339663	68.5762242090834	19	19	76
362	1	15	91.5931984125803	30.4264273739362	68.570028339663	68.5762569220814	19	19	76
363	1	15	91.5931984125803	30.4264273739362	68.570028339663	68.5762894548424	19	19	76
364	1	15	91.5931984125803	30.4264273739362	68.570028339663	68.5763218088521	19	19	76
365	1	15	91.5931984125803	30.4264273739362	68.570028339663	68.5763539855794	19	19	76
366	1	15	91.5931984125803	30.4264273739362	68.570028339663	68.5763859864777	19	19	38
367	1	15	91.5931984125803	30.4264273739362	68.570028339663	68.5764178129842	19	19	38
368	1	15	91.5931984125803	30.4264273739362	68.570028339663	68.5764494665205	19	19	38
369	1	15	91.5931984125803	30.4264273739362	68.570028339663	68.5764809484929	19	19	57
370	1	15	91.5931984125803	30.4264273739362	68.570028339663	68.5765122602925	19	19	57
371	1	15	91.5931984125803	30.4264273739362	68.570028339663	68.5765434032954	19	19	95
372	1	15	91.5931984125803	30.4264273739362	68.570028339663	68.5765743788627	19	19	95
373	1	15	91.5931984125803	30.4264273739362	68.570028339663	68.5766051883412	19	19	95
374	1	15	91.5931984125803	30.4264273739362	68.570028339663	68.5766358330632	19	19	95
375	1	15	91.5931984125803	30.4264273739362	68.570028339663	68.5766663143466	19	19	95
376	1	15	91.5931984125803	30.4264273739362	68.570028339663	68.5766966334955	18	19	95
377	1	15	91.5931984125803	30.4264273739362	68.570028339663	68.5767267918002	19	19	76
378	1	15	91.5931984125803	30.4264273739362	68.570028339663	68.576756790537	19	19	95
379	1	15	91.5931984125803	30.4264273739362	68.570028339663	68.5767866309693	19	19	95
380	1	15	91.5931984125803	30.4264273739362	68.570028339663	68.5768163143466	19	19	95
381	1	15	91.5931984125803	30.4264273739362	68.570028339663	68.5768458419056	19	19	57
382	1	15	91.5931984125803	30.4264273739362	68.570028339663	68.5768752148701	19	19	57
383	1	15	91.5931984125803	30.4264273739362	68.570028339663	68.576904434451	19	19	57
384	1	15	91.5931984125803	30.4264273739362	68.570028339663	68.5769335018466	19	19	57
385	1	15	91.5931984125803	30.4264273739362	68.570028339663	68.5769624182427	19	19	57
386	1	15	91.5931984125803	30.4264273739362	68.570028339663	68.5769911848129	19	19	95
387	1	15	91.5931984125803	30.4264273739362	68.570028339663	68.5770198027187	19	19	95
388	1	15	91.5931984125803	30.4264273739362	68.570028339663	68.5770482731095	19	19	95
389	1	15	91.5931984125803	30.4264273739362	68.570028339663	68.5770765971229	19	19	95
390	1	15	91.5931984125803	30.4264273739362	68.570028339663	68.577104775885	19	19	95
391	1	15	91.5931984125803	30.4264273739362	68.570028339663	68.5771328105102	19	19	95
392	1	15	91.5931984125803	30.4264273739362	68.570028339663	68.5771607021017	19	19	76
393	1	15	91.5931984125803	30.4264273739362	68.570028339663	68.5771884517512	19	19	95
394	1	15	91.5931984125803	30.4264273739362	68.570028339663	68.5772160605395	19	19	95
395	1	15	91.5931984125803	30.4264273739362	68.570028339663	68.5772435295364	16	19	95
396	1	15	91.5931984125803	30.4264273739362	68.570028339663	68.5772708598011	19	19	76
397	1	15	91.5931984125803	30.4264273739362	68.570028339663	68.5772980523818	19	19	76
398	1	15	91.5931984125803	30.4264273739362	68.570028339663	68.5773251083164	19	19	76
399	1	15	91.5931984125803	30.4264273739362	68.570028339663	68.5773520286323	19	19	76
400	1	15	91.5931984125803	30.4264273739362	68.570028339663	68.5773788143466	19	19	76
401	1	15	91.5931984125803	30.4264273739362	68.570028339663	68.5774054664663	19	19	57
402	1	15	91.5931984125803	30.4264273739362	68.570028339663	68.5774319859884	19	19	57
403	1	15	91.5931984125803	30.4264273739362	68.570028339663	68.5774583738999	19	19	76
404	1	15	91.5931984125803	30.4264273739362	68.570028339663	68.5774846311783	19	19	76
405	1	15	91.5931984125803	30.4264273739362	68.570028339663	68.577510758791	18	19	76
406	1	15	91.5931984125803	30.4264273739362	68.570028339663	68.5775367576963	19	19	76
407	1	15	91.5931984125803	30.4264273739362	68.570028339663	68.5775626288429	19	19	95
408	1	15	91.5931984125803	30.4264273739362	68.570028339663	68.5775883731701	19	19	95
409	1	15	91.5931984125803	30.4264273739362	68.570028339663	68.5776139916082	19	19	95
410	1	15	91.5931984125803	30.4264273739362	68.570028339663	68.5776394850783	19	19	95
411	1	15	91.5931984125803	30.4264273739362	68.570028339663	68.5776648544926	17	19	114
412	1	15	91.5931984125803	30.4264273739362	68.570028339663	68.5776901007543	19	19	95
413	1	15	91.5931984125803	30.4264273739362	68.570028339663	68.5777152247582	19	19	114
414	1	15	91.5931984125803	30.4264273739362	68.570028339663	68.5777402273901	19	19	95
415	1	15	91.5931984125803	30.4264273739362	68.570028339663	68.5777651095273	17	19	114
416	1	15	91.5931984125803	30.4264273739362	68.570028339663	68.5777898720389	19	19	76
417	1	15	91.5931984125803	30.4264273739362	68.570028339663	68.5778145157854	19	19	76
418	1	15	91.5931984125803	30.4264273739362	68.570028339663	68.5778390416193	19	19	76
419	1	15	91.5931984125803	30.4264273739362	68.570028339663	68.5778634503848	19	19	76
420	1	15	91.5931984125803	30.4264273739362	68.570028339663	68.577887742918	19	19	76
421	1	15	91.5931984125803	30.4264273739362	68.570028339663	68.5779119200473	19	19	57
422	1	15	91.5931984125803	30.4264273739362	68.570028339663	68.577935982593	19	19	57
423	1	15	91.5931984125803	30.4264273739362	68.570028339663	68.5779599313678	19	19	57
424	1	15	91.5931984125803	30.4264273739362	68.570028339663	68.5779837671768	19	19	76
425	1	15	91.5931984125803	30.4264273739362	68.570028339663	68.5780074908172	18	19	76
426	1	15	91.5931984125803	30.4264273739362	68.570028339663	68.578031103079	19	19	76
427	1	15	91.5931984125803	30.4264273739362	68.570028339663	68.5780546047447	19	19	95
428	1	15	91.5931984125803	30.4264273739362	68.570028339663	68.5780779965896	19	19	95
429	1	15	91.5931984125803	30.4264273739362	68.570028339663	68.5781012793815	19	19	95
430	1	15	91.5931984125803	30.4264273739362	68.570028339663	68.5781244538815	19	19	95
431	1	15	91.5931984125803	30.4264273739362	68.570028339663	68.5781475208431	18	19	114
432	1	15	91.5931984125803	30.4264273739362	68.570028339663	68.5781704810132	19	19	95
433	1	15	91.5931984125803	30.4264273739362	68.570028339663	68.5781933351318	19	19	114
434	1	15	91.5931984125803	30.4264273739362	68.570028339663	68.5782160839318	19	19	114
435	1	15	91.5931984125803	30.4264273739362	68.570028339663	68.5782387281397	19	19	114
436	1	15	91.5931984125803	30.4264273739362	68.570028339663	68.578261268475	19	19	76
437	1	15	91.5931984125803	30.4264273739362	68.570028339663	68.5782837056509	19	19	76
438	1	15	91.5931984125803	30.4264273739362	68.570028339663	68.578306040374	19	19	76
439	1	15	91.5931984125803	30.4264273739362	68.570028339663	68.5783282733443	19	19	76
440	1	15	91.5931984125803	30.4264273739362	68.570028339663	68.5783504052557	19	19	76
441	1	15	91.5931984125803	30.4264273739362	68.570028339663	68.5783724367955	19	19	95
442	1	15	91.5931984125803	30.4264273739362	68.570028339663	68.5783943686452	19	19	95
443	1	15	91.5931984125803	30.4264273739362	68.570028339663	68.5784162014798	19	19	95
444	1	15	91.5931984125803	30.4264273739362	68.570028339663	68.5784379359682	19	19	95
445	1	15	91.5931984125803	30.4264273739362	68.570028339663	68.5784595727735	19	19	95
446	1	15	91.5931984125803	30.4264273739362	68.570028339663	68.5784811125529	19	19	114
447	1	15	91.5931984125803	30.4264273739362	68.570028339663	68.5785025559573	19	19	95
448	1	15	91.5931984125803	30.4264273739362	68.570028339663	68.5785239036323	19	19	114
449	1	15	91.5931984125803	30.4264273739362	68.570028339663	68.5785451562174	19	19	114
450	1	15	91.5931984125803	30.4264273739362	68.570028339663	68.5785663143466	17	19	114
451	1	15	91.5931984125803	30.4264273739362	68.570028339663	68.5785873786481	19	19	76
452	1	15	91.5931984125803	30.4264273739362	68.570028339663	68.5786083497448	19	19	76
453	1	15	91.5931984125803	30.4264273739362	68.570028339663	68.5786292282539	19	19	76
454	1	15	91.5931984125803	30.4264273739362	68.570028339663	68.5786500147871	19	19	76
455	1	15	91.5931984125803	30.4264273739362	68.570028339663	68.578670709951	19	19	76
456	1	15	91.5931984125803	30.4264273739362	68.570028339663	68.5786913143466	19	19	57
457	1	15	91.5931984125803	30.4264273739362	68.570028339663	68.5787118285698	19	19	57
458	1	15	91.5931984125803	30.4264273739362	68.570028339663	68.5787322532112	19	19	76
459	1	15	91.5931984125803	30.4264273739362	68.570028339663	68.5787525888564	19	19	76
460	1	15	91.5931984125803	30.4264273739362	68.570028339663	68.5787728360857	18	19	76
461	1	15	91.5931984125803	30.4264273739362	68.570028339663	68.5787929954746	19	19	76
462	1	15	91.5931984125803	30.4264273739362	68.570028339663	68.5788130675933	19	19	95
463	1	15	91.5931984125803	30.4264273739362	68.570028339663	68.5788330530075	19	19	95
464	1	15	91.5931984125803	30.4264273739362	68.570028339663	68.5788529522776	19	19	95
465	1	15	91.5931984125803	30.4264273739362	68.570028339663	68.5788727659595	18	19	95
466	1	15	91.5931984125803	30.4264273739362	68.570028339663	68.5788924946041	19	19	95
467	1	15	91.5931984125803	30.4264273739362	68.570028339663	68.5789121387577	19	19	95
468	1	15	91.5931984125803	30.4264273739362	68.570028339663	68.578931698962	21	19	95
469	1	15	91.5931984125803	30.4264273739362	68.570028339663	68.5789511757538	19	19	95
470	1	15	91.5931984125803	30.4264273739362	68.570028339663	68.5789705696657	16	19	114
471	1	15	91.5931984125803	30.4264273739362	68.570028339663	68.5789898812256	19	19	76
472	1	15	91.5931984125803	30.4264273739362	68.570028339663	68.5790091109567	19	19	76
473	1	15	91.5931984125803	30.4264273739362	68.570028339663	68.5790282593783	19	19	76
474	1	15	91.5931984125803	30.4264273739362	68.570028339663	68.5790473270048	19	19	76
475	1	15	91.5931984125803	30.4264273739362	68.570028339663	68.5790663143466	19	19	76
476	1	15	91.5931984125803	30.4264273739362	68.570028339663	68.5790852219096	19	19	57
477	1	15	91.5931984125803	30.4264273739362	68.570028339663	68.5791040501956	19	19	76
478	1	15	91.5931984125803	30.4264273739362	68.570028339663	68.5791227997022	19	19	76
479	1	15	91.5931984125803	30.4264273739362	68.570028339663	68.5791414709228	19	19	95
480	1	15	91.5931984125803	30.4264273739362	68.570028339663	68.5791600643466	18	19	95
481	1	15	91.5931984125803	30.4264273739362	68.570028339663	68.5791785804588	19	19	76
482	1	15	91.5931984125803	30.4264273739362	68.570028339663	68.5791970197408	19	19	95
483	1	15	91.5931984125803	30.4264273739362	68.570028339663	68.5792153826695	19	19	95
484	1	15	91.5931984125803	30.4264273739362	68.570028339663	68.5792336697185	19	19	95
485	1	15	91.5931984125803	30.4264273739362	68.570028339663	68.5792518813569	19	19	95
486	1	15	91.5931984125803	30.4264273739362	68.570028339663	68.5792700180503	16	19	114
487	1	15	91.5931984125803	30.4264273739362	68.570028339663	68.5792880802603	19	19	95
488	1	15	91.5931984125803	30.4264273739362	68.570028339663	68.5793060684449	19	19	95
489	1	15	91.5931984125803	30.4264273739362	68.570028339663	68.5793239830582	19	19	95
490	1	15	91.5931984125803	30.4264273739362	68.570028339663	68.5793418245507	19	19	95
491	1	15	91.5931984125803	30.4264273739362	68.570028339663	68.579359593369	19	19	76
492	1	15	91.5931984125803	30.4264273739362	68.570028339663	68.5793772899563	19	19	76
493	1	15	91.5931984125803	30.4264273739362	68.570028339663	68.5793949147523	19	19	76
494	1	15	91.5931984125803	30.4264273739362	68.570028339663	68.5794124681927	19	19	76
495	1	15	91.5931984125803	30.4264273739362	68.570028339663	68.5794299507102	19	19	76
496	1	15	91.5931984125803	30.4264273739362	68.570028339663	68.5794473627337	19	19	95
497	1	15	91.5931984125803	30.4264273739362	68.570028339663	68.5794647046886	19	19	95
498	1	15	91.5931984125803	30.4264273739362	68.570028339663	68.5794819769972	19	19	95
499	1	15	91.5931984125803	30.4264273739362	68.570028339663	68.579499180078	19	19	95
500	1	15	91.5931984125803	30.4264273739362	68.570028339663	68.5795163143466	19	19	95
501	1	15	91.5931984125803	30.4264273739362	68.570028339663	68.5795333802148	19	19	114
502	1	15	91.5931984125803	30.4264273739362	68.570028339663	68.5795503780916	19	19	95
503	1	15	91.5931984125803	30.4264273739362	68.570028339663	68.5795673083824	19	19	114
504	1	15	91.5931984125803	30.4264273739362	68.570028339663	68.5795841714894	19	19	114
505	1	15	91.5931984125803	30.4264273739362	68.570028339663	68.5796009678119	17	19	114
506	1	15	91.5931984125803	30.4264273739362	68.570028339663	68.5796176977458	19	19	76
507	1	15	91.5931984125803	30.4264273739362	68.570028339663	68.5796343616838	19	19	76
508	1	15	91.5931984125803	30.4264273739362	68.570028339663	68.5796509600159	19	19	76
509	1	15	91.5931984125803	30.4264273739362	68.570028339663	68.5796674931285	19	19	76
510	1	15	91.5931984125803	30.4264273739362	68.570028339663	68.5796839614054	19	19	76
511	1	15	91.5931984125803	30.4264273739362	68.570028339663	68.5797003652272	19	19	57
512	1	15	91.5931984125803	30.4264273739362	68.570028339663	68.5797167049716	19	19	76
513	1	15	91.5931984125803	30.4264273739362	68.570028339663	68.5797329810132	19	19	76
514	1	15	91.5931984125803	30.4264273739362	68.570028339663	68.579749193724	19	19	95
515	1	15	91.5931984125803	30.4264273739362	68.570028339663	68.5797653434728	19	19	95
516	1	15	91.5931984125803	30.4264273739362	68.570028339663	68.5797814306256	19	19	95
517	1	15	91.5931984125803	30.4264273739362	68.570028339663	68.5797974555458	19	19	95
518	1	15	91.5931984125803	30.4264273739362	68.570028339663	68.5798134185937	19	19	95
519	1	15	91.5931984125803	30.4264273739362	68.570028339663	68.5798293201269	19	19	95
520	1	15	91.5931984125803	30.4264273739362	68.570028339663	68.5798451605004	19	19	95
521	1	15	91.5931984125803	30.4264273739362	68.570028339663	68.5798609400663	17	19	114
522	1	15	91.5931984125803	30.4264273739362	68.570028339663	68.5798766591742	19	19	95
523	1	15	91.5931984125803	30.4264273739362	68.570028339663	68.5798923181707	21	19	95
524	1	15	91.5931984125803	30.4264273739362	68.570028339663	68.5799079174	19	19	95
525	1	15	91.5931984125803	30.4264273739362	68.570028339663	68.5799234572037	16	19	114
526	1	15	91.5931984125803	30.4264273739362	68.570028339663	68.5799389379207	19	19	76
527	1	15	91.5931984125803	30.4264273739362	68.570028339663	68.5799543598874	19	19	76
528	1	15	91.5931984125803	30.4264273739362	68.570028339663	68.5799697234375	19	19	76
529	1	15	91.5931984125803	30.4264273739362	68.570028339663	68.5799850289023	19	19	76
530	1	15	91.5931984125803	30.4264273739362	68.570028339663	68.5800002766107	19	19	76
531	1	15	91.5931984125803	30.4264273739362	68.570028339663	68.5800154668889	19	19	57
532	1	15	91.5931984125803	30.4264273739362	68.570028339663	68.5800306000609	19	19	76
533	1	15	91.5931984125803	30.4264273739362	68.570028339663	68.5800456764479	19	19	95
534	1	15	91.5931984125803	30.4264273739362	68.570028339663	68.580060696369	19	19	95
535	1	15	91.5931984125803	30.4264273739362	68.570028339663	68.580075660141	19	19	95
536	1	15	91.5931984125803	30.4264273739362	68.570028339663	68.5800905680779	19	19	95
537	1	15	91.5931984125803	30.4264273739362	68.570028339663	68.5801054204918	19	19	95
538	1	15	91.5931984125803	30.4264273739362	68.570028339663	68.5801202176923	19	19	95
539	1	15	91.5931984125803	30.4264273739362	68.570028339663	68.5801349599867	19	19	95
540	1	15	91.5931984125803	30.4264273739362	68.570028339663	68.5801496476799	19	19	95
541	1	15	91.5931984125803	30.4264273739362	68.570028339663	68.5801642810749	15	19	114
542	1	15	91.5931984125803	30.4264273739362	68.570028339663	68.580178860472	19	19	95
543	1	15	91.5931984125803	30.4264273739362	68.570028339663	68.5801933861698	19	19	114
544	1	15	91.5931984125803	30.4264273739362	68.570028339663	68.5802078584642	19	19	114
545	1	15	91.5931984125803	30.4264273739362	68.570028339663	68.5802222776493	19	19	114
546	1	15	91.5931984125803	30.4264273739362	68.570028339663	68.5802366440169	19	19	76
547	1	15	91.5931984125803	30.4264273739362	68.570028339663	68.5802509578566	19	19	76
548	1	15	91.5931984125803	30.4264273739362	68.570028339663	68.5802652194561	19	19	76
549	1	15	91.5931984125803	30.4264273739362	68.570028339663	68.5802794291007	19	19	76
550	1	15	91.5931984125803	30.4264273739362	68.570028339663	68.5802935870738	19	19	76
551	1	15	91.5931984125803	30.4264273739362	68.570028339663	68.5803076936569	19	19	95
552	1	15	91.5931984125803	30.4264273739362	68.570028339663	68.5803217491292	19	19	95
553	1	15	91.5931984125803	30.4264273739362	68.570028339663	68.5803357537679	19	19	95
554	1	15	91.5931984125803	30.4264273739362	68.570028339663	68.5803497078484	19	19	95
555	1	15	91.5931984125803	30.4264273739362	68.570028339663	68.5803636116439	19	19	95
556	1	15	91.5931984125803	30.4264273739362	68.570028339663	68.5803774654257	19	19	114
557	1	15	91.5931984125803	30.4264273739362	68.570028339663	68.5803912694633	19	19	95
558	1	15	91.5931984125803	30.4264273739362	68.570028339663	68.580405024024	19	19	114
559	1	15	91.5931984125803	30.4264273739362	68.570028339663	68.5804187293734	19	19	114
560	1	15	91.5931984125803	30.4264273739362	68.570028339663	68.5804323857751	18	19	114
561	1	15	91.5931984125803	30.4264273739362	68.570028339663	68.580445993491	19	19	76
562	1	15	91.5931984125803	30.4264273739362	68.570028339663	68.5804595527807	19	19	76
563	1	15	91.5931984125803	30.4264273739362	68.570028339663	68.5804730639025	19	19	76
564	1	15	91.5931984125803	30.4264273739362	68.570028339663	68.5804865271125	19	19	76
565	1	15	91.5931984125803	30.4264273739362	68.570028339663	68.5804999426652	19	19	76
566	1	15	91.5931984125803	30.4264273739362	68.570028339663	68.580513310813	19	19	57
567	1	15	91.5931984125803	30.4264273739362	68.570028339663	68.5805266318069	19	19	76
568	1	15	91.5931984125803	30.4264273739362	68.570028339663	68.5805399058959	19	19	76
569	1	15	91.5931984125803	30.4264273739362	68.570028339663	68.5805531333272	19	19	95
570	1	15	91.5931984125803	30.4264273739362	68.570028339663	68.5805663143466	19	19	95
571	1	15	91.5931984125803	30.4264273739362	68.570028339663	68.5805794491977	19	19	95
572	1	15	91.5931984125803	30.4264273739362	68.570028339663	68.5805925381228	19	19	95
573	1	15	91.5931984125803	30.4264273739362	68.570028339663	68.5806055813623	19	19	95
574	1	15	91.5931984125803	30.4264273739362	68.570028339663	68.5806185791549	19	19	95
575	1	15	91.5931984125803	30.4264273739362	68.570028339663	68.5806315317379	19	19	95
576	1	15	91.5931984125803	30.4264273739362	68.570028339663	68.5806444393466	17	19	114
577	1	15	91.5931984125803	30.4264273739362	68.570028339663	68.5806573022149	19	19	95
578	1	15	91.5931984125803	30.4264273739362	68.570028339663	68.580670120575	17	19	114
579	1	15	91.5931984125803	30.4264273739362	68.570028339663	68.5806828946575	19	19	76
580	1	15	91.5931984125803	30.4264273739362	68.570028339663	68.5806956246914	19	19	114
581	1	15	91.5931984125803	30.4264273739362	68.570028339663	68.5807083109042	19	19	76
582	1	15	91.5931984125803	30.4264273739362	68.570028339663	68.5807209535218	19	19	76
583	1	15	91.5931984125803	30.4264273739362	68.570028339663	68.5807335527685	19	19	76
584	1	15	91.5931984125803	30.4264273739362	68.570028339663	68.5807461088671	19	19	76
585	1	15	91.5931984125803	30.4264273739362	68.570028339663	68.5807586220389	19	19	76
586	1	15	91.5931984125803	30.4264273739362	68.570028339663	68.5807710925036	19	19	95
587	1	15	91.5931984125803	30.4264273739362	68.570028339663	68.5807835204795	19	19	95
588	1	15	91.5931984125803	30.4264273739362	68.570028339663	68.5807959061833	19	19	95
589	1	15	91.5931984125803	30.4264273739362	68.570028339663	68.5808082498304	19	19	95
590	1	15	91.5931984125803	30.4264273739362	68.570028339663	68.5808205516347	19	19	95
591	1	15	91.5931984125803	30.4264273739362	68.570028339663	68.5808328118085	19	19	76
592	1	15	91.5931984125803	30.4264273739362	68.570028339663	68.5808450305628	19	19	76
593	1	15	91.5931984125803	30.4264273739362	68.570028339663	68.5808572081071	19	19	76
594	1	15	91.5931984125803	30.4264273739362	68.570028339663	68.5808693446496	19	19	76
595	1	15	91.5931984125803	30.4264273739362	68.570028339663	68.580881440397	19	19	76
596	1	15	91.5931984125803	30.4264273739362	68.570028339663	68.5808934955546	19	19	95
597	1	15	91.5931984125803	30.4264273739362	68.570028339663	68.5809055103265	19	19	95
598	1	15	91.5931984125803	30.4264273739362	68.570028339663	68.5809174849151	19	19	95
599	1	15	91.5931984125803	30.4264273739362	68.570028339663	68.5809294195219	19	19	95
600	1	15	91.5931984125803	30.4264273739362	68.570028339663	68.5809413143466	17	19	95
601	1	15	91.5931984125803	30.4264273739362	68.570028339663	68.5809531695878	19	19	76
602	1	15	91.5931984125803	30.4264273739362	68.570028339663	68.5809649854429	19	19	114
603	1	15	91.5931984125803	30.4264273739362	68.570028339663	68.5809767621078	19	19	114
604	1	15	91.5931984125803	30.4264273739362	68.570028339663	68.580988499777	19	19	114
605	1	15	91.5931984125803	30.4264273739362	68.570028339663	68.5810001986441	19	19	114
606	1	15	91.5931984125803	30.4264273739362	68.570028339663	68.581011858901	19	19	76
607	1	15	91.5931984125803	30.4264273739362	68.570028339663	68.5810234807387	19	19	76
608	1	15	91.5931984125803	30.4264273739362	68.570028339663	68.5810350643466	19	19	76
609	1	15	91.5931984125803	30.4264273739362	68.570028339663	68.5810466099131	19	19	76
610	1	15	91.5931984125803	30.4264273739362	68.570028339663	68.5810581176253	19	19	76
611	1	15	91.5931984125803	30.4264273739362	68.570028339663	68.581069587669	19	19	95
612	1	15	91.5931984125803	30.4264273739362	68.570028339663	68.5810810202289	19	19	95
613	1	15	91.5931984125803	30.4264273739362	68.570028339663	68.5810924154885	19	19	95
614	1	15	91.5931984125803	30.4264273739362	68.570028339663	68.58110377363	19	19	95
615	1	15	91.5931984125803	30.4264273739362	68.570028339663	68.5811150948344	19	19	95
616	1	15	91.5931984125803	30.4264273739362	68.570028339663	68.5811263792816	19	19	76
617	1	15	91.5931984125803	30.4264273739362	68.570028339663	68.5811376271505	19	19	76
618	1	15	91.5931984125803	30.4264273739362	68.570028339663	68.5811488386184	19	19	76
619	1	15	91.5931984125803	30.4264273739362	68.570028339663	68.5811600138619	19	19	95
620	1	15	91.5931984125803	30.4264273739362	68.570028339663	68.5811711530562	19	19	95
621	1	15	91.5931984125803	30.4264273739362	68.570028339663	68.5811822563756	19	19	95
622	1	15	91.5931984125803	30.4264273739362	68.570028339663	68.5811933239929	19	19	95
623	1	15	91.5931984125803	30.4264273739362	68.570028339663	68.5812043560801	19	19	95
624	1	15	91.5931984125803	30.4264273739362	68.570028339663	68.5812153528081	19	19	95
625	1	15	91.5931984125803	30.4264273739362	68.570028339663	68.5812263143466	19	19	95
626	1	15	91.5931984125803	30.4264273739362	68.570028339663	68.5812372408641	19	19	95
627	1	15	91.5931984125803	30.4264273739362	68.570028339663	68.5812481325284	19	19	95
628	1	15	91.5931984125803	30.4264273739362	68.570028339663	68.5812589895058	19	19	95
629	1	15	91.5931984125803	30.4264273739362	68.570028339663	68.5812698119618	19	19	95
630	1	15	91.5931984125803	30.4264273739362	68.570028339663	68.5812806000609	19	19	95
631	1	15	91.5931984125803	30.4264273739362	68.570028339663	68.5812913539662	19	19	114
632	1	15	91.5931984125803	30.4264273739362	68.570028339663	68.5813020738402	19	19	114
633	1	15	91.5931984125803	30.4264273739362	68.570028339663	68.5813127598442	19	19	114
634	1	15	91.5931984125803	30.4264273739362	68.570028339663	68.5813234121384	19	19	114
635	1	15	91.5931984125803	30.4264273739362	68.570028339663	68.581334030882	19	19	114
636	1	15	91.5931984125803	30.4264273739362	68.570028339663	68.5813446162334	19	19	95
637	1	15	91.5931984125803	30.4264273739362	68.570028339663	68.5813551683497	19	19	95
638	1	15	91.5931984125803	30.4264273739362	68.570028339663	68.5813656873873	19	19	95
639	1	15	91.5931984125803	30.4264273739362	68.570028339663	68.5813761735015	19	19	95
640	1	15	91.5931984125803	30.4264273739362	68.570028339663	68.5813866268466	19	19	95
641	1	15	91.5931984125803	30.4264273739362	68.570028339663	68.5813970475759	19	19	114
642	1	15	91.5931984125803	30.4264273739362	68.570028339663	68.5814074358419	19	19	114
643	1	15	91.5931984125803	30.4264273739362	68.570028339663	68.581417791796	19	19	114
644	1	15	91.5931984125803	30.4264273739362	68.570028339663	68.5814281155888	19	19	114
645	1	15	91.5931984125803	30.4264273739362	68.570028339663	68.5814384073698	19	19	114
646	1	15	91.5931984125803	30.4264273739362	68.570028339663	68.5814486672877	19	19	95
647	1	15	91.5931984125803	30.4264273739362	68.570028339663	68.5814588954903	19	19	95
648	1	15	91.5931984125803	30.4264273739362	68.570028339663	68.5814690921244	19	19	95
649	1	15	91.5931984125803	30.4264273739362	68.570028339663	68.5814792573358	19	19	95
650	1	15	91.5931984125803	30.4264273739362	68.570028339663	68.5814893912696	19	19	95
651	1	15	91.5931984125803	30.4264273739362	68.570028339663	68.5814994940701	19	19	114
652	1	15	91.5931984125803	30.4264273739362	68.570028339663	68.5815095658803	19	19	114
653	1	15	91.5931984125803	30.4264273739362	68.570028339663	68.5815196068427	19	19	114
654	1	15	91.5931984125803	30.4264273739362	68.570028339663	68.5815296170989	19	19	114
655	1	15	91.5931984125803	30.4264273739362	68.570028339663	68.5815395967893	19	19	114
656	1	15	91.5931984125803	30.4264273739362	68.570028339663	68.5815495460539	19	19	95
657	1	15	91.5931984125803	30.4264273739362	68.570028339663	68.5815594650315	19	19	114
658	1	15	91.5931984125803	30.4264273739362	68.570028339663	68.5815693538602	19	19	114
659	1	15	91.5931984125803	30.4264273739362	68.570028339663	68.5815792126774	19	19	114
660	1	15	91.5931984125803	30.4264273739362	68.570028339663	68.5815890416193	19	19	114
661	1	15	91.5931984125803	30.4264273739362	68.570028339663	68.5815988408216	19	19	95
662	1	15	91.5931984125803	30.4264273739362	68.570028339663	68.5816086104191	19	19	95
663	1	15	91.5931984125803	30.4264273739362	68.570028339663	68.5816183505457	19	19	95
664	1	15	91.5931984125803	30.4264273739362	68.570028339663	68.5816280613345	19	19	95
665	1	15	91.5931984125803	30.4264273739362	68.570028339663	68.581637742918	19	19	95
666	1	15	91.5931984125803	30.4264273739362	68.570028339663	68.5816473954277	19	19	114
667	1	15	91.5931984125803	30.4264273739362	68.570028339663	68.5816570189942	19	19	114
668	1	15	91.5931984125803	30.4264273739362	68.570028339663	68.5816666137478	19	19	114
669	1	15	91.5931984125803	30.4264273739362	68.570028339663	68.5816761798174	19	19	114
670	1	15	91.5931984125803	30.4264273739362	68.570028339663	68.5816857173317	19	19	114
671	1	15	91.5931984125803	30.4264273739362	68.570028339663	68.5816952264181	19	19	95
672	1	15	91.5931984125803	30.4264273739362	68.570028339663	68.5817047072037	19	19	95
673	1	15	91.5931984125803	30.4264273739362	68.570028339663	68.5817141598146	19	19	95
674	1	15	91.5931984125803	30.4264273739362	68.570028339663	68.5817235843762	19	19	95
675	1	15	91.5931984125803	30.4264273739362	68.570028339663	68.5817329810132	19	19	95
676	1	15	91.5931984125803	30.4264273739362	68.570028339663	68.5817423498495	19	19	114
677	1	15	91.5931984125803	30.4264273739362	68.570028339663	68.5817516910083	19	19	114
678	1	15	91.5931984125803	30.4264273739362	68.570028339663	68.5817610046121	19	19	114
679	1	15	91.5931984125803	30.4264273739362	68.570028339663	68.5817702907825	19	19	114
680	1	15	91.5931984125803	30.4264273739362	68.570028339663	68.5817795496407	19	19	114
681	1	15	91.5931984125803	30.4264273739362	68.570028339663	68.5817887813069	19	19	95
682	1	15	91.5931984125803	30.4264273739362	68.570028339663	68.5817979859008	19	19	95
683	1	15	91.5931984125803	30.4264273739362	68.570028339663	68.5818071635413	19	19	95
684	1	15	91.5931984125803	30.4264273739362	68.570028339663	68.5818163143466	19	19	95
685	1	15	91.5931984125803	30.4264273739362	68.570028339663	68.5818254384342	19	19	95
686	1	15	91.5931984125803	30.4264273739362	68.570028339663	68.5818345359209	19	19	114
687	1	15	91.5931984125803	30.4264273739362	68.570028339663	68.581843606923	19	19	114
688	1	15	91.5931984125803	30.4264273739362	68.570028339663	68.5818526515559	19	19	114
689	1	15	91.5931984125803	30.4264273739362	68.570028339663	68.5818616699344	19	19	114
690	1	15	91.5931984125803	30.4264273739362	68.570028339663	68.5818706621727	19	19	114
691	1	15	91.5931984125803	30.4264273739362	68.570028339663	68.5818796283842	19	19	95
692	1	15	91.5931984125803	30.4264273739362	68.570028339663	68.5818885686818	19	19	95
693	1	15	91.5931984125803	30.4264273739362	68.570028339663	68.5818974831777	19	19	95
694	1	15	91.5931984125803	30.4264273739362	68.570028339663	68.5819063719835	19	19	95
695	1	15	91.5931984125803	30.4264273739362	68.570028339663	68.5819152352099	19	19	95
696	1	15	91.5931984125803	30.4264273739362	68.570028339663	68.5819240729673	19	19	114
697	1	15	91.5931984125803	30.4264273739362	68.570028339663	68.5819328853652	19	19	114
698	1	15	91.5931984125803	30.4264273739362	68.570028339663	68.5819416725128	19	19	114
699	1	15	91.5931984125803	30.4264273739362	68.570028339663	68.5819504345182	19	19	114
700	1	15	91.5931984125803	30.4264273739362	68.570028339663	68.5819591714894	19	19	114
701	1	15	91.5931984125803	30.4264273739362	68.570028339663	68.5819678835335	19	19	95
702	1	15	91.5931984125803	30.4264273739362	68.570028339663	68.5819765707568	19	19	95
703	1	15	91.5931984125803	30.4264273739362	68.570028339663	68.5819852332655	19	19	95
704	1	15	91.5931984125803	30.4264273739362	68.570028339663	68.5819938711648	19	19	95
705	1	15	91.5931984125803	30.4264273739362	68.570028339663	68.5820024845593	19	19	95
706	1	15	91.5931984125803	30.4264273739362	68.570028339663	68.5820110735534	19	19	114
707	1	15	91.5931984125803	30.4264273739362	68.570028339663	68.5820196382504	19	19	114
708	1	15	91.5931984125803	30.4264273739362	68.570028339663	68.5820281787533	19	19	114
709	1	15	91.5931984125803	30.4264273739362	68.570028339663	68.5820366951646	19	19	114
710	1	15	91.5931984125803	30.4264273739362	68.570028339663	68.582045187586	19	19	114
711	1	15	91.5931984125803	30.4264273739362	68.570028339663	68.5820536561187	19	19	95
712	1	15	91.5931984125803	30.4264273739362	68.570028339663	68.5820621008634	19	19	114
713	1	15	91.5931984125803	30.4264273739362	68.570028339663	68.5820705219202	19	19	133
714	1	15	91.5931984125803	30.4264273739362	68.570028339663	68.5820789193886	19	19	133
715	1	15	91.5931984125803	30.4264273739362	68.570028339663	68.5820872933676	19	19	133
716	1	15	91.5931984125803	30.4264273739362	68.570028339663	68.5820956439555	19	19	95
717	1	15	91.5931984125803	30.4264273739362	68.570028339663	68.5821039712503	19	19	95
718	1	15	91.5931984125803	30.4264273739362	68.570028339663	68.5821122753494	19	19	95
719	1	15	91.5931984125803	30.4264273739362	68.570028339663	68.5821205563494	19	19	95
720	1	15	91.5931984125803	30.4264273739362	68.570028339663	68.5821288143466	19	19	95
721	1	15	91.5931984125803	30.4264273739362	68.570028339663	68.5821370494367	19	19	114
722	1	15	91.5931984125803	30.4264273739362	68.570028339663	68.582145261715	19	19	114
723	1	15	91.5931984125803	30.4264273739362	68.570028339663	68.582153451276	19	19	114
724	1	15	91.5931984125803	30.4264273739362	68.570028339663	68.582161618214	19	19	114
725	1	15	91.5931984125803	30.4264273739362	68.570028339663	68.5821697626224	19	19	114
726	1	15	91.5931984125803	30.4264273739362	68.570028339663	68.5821778845945	19	19	95
727	1	15	91.5931984125803	30.4264273739362	68.570028339663	68.5821859842228	19	19	95
728	1	15	91.5931984125803	30.4264273739362	68.570028339663	68.5821940615993	19	19	95
729	1	15	91.5931984125803	30.4264273739362	68.570028339663	68.5822021168157	19	19	95
730	1	15	91.5931984125803	30.4264273739362	68.570028339663	68.582210149963	19	19	95
731	1	15	91.5931984125803	30.4264273739362	68.570028339663	68.5822181611318	19	19	114
732	1	15	91.5931984125803	30.4264273739362	68.570028339663	68.5822261504121	19	19	114
733	1	15	91.5931984125803	30.4264273739362	68.570028339663	68.5822341178936	19	19	114
734	1	15	91.5931984125803	30.4264273739362	68.570028339663	68.5822420636654	19	19	114
735	1	15	91.5931984125803	30.4264273739362	68.570028339663	68.582249987816	19	19	114
736	1	15	91.5931984125803	30.4264273739362	68.570028339663	68.5822578904335	19	19	114
737	1	15	91.5931984125803	30.4264273739362	68.570028339663	68.5822657716057	19	19	114
738	1	15	91.5931984125803	30.4264273739362	68.570028339663	68.5822736314197	19	19	114
739	1	15	91.5931984125803	30.4264273739362	68.570028339663	68.5822814699623	19	19	114
740	1	15	91.5931984125803	30.4264273739362	68.570028339663	68.5822892873195	19	19	114
741	1	15	91.5931984125803	30.4264273739362	68.570028339663	68.5822970835773	19	19	114
742	1	15	91.5931984125803	30.4264273739362	68.570028339663	68.582304858821	19	19	114
