"Iteration #"	"Inertia"	"Number of features"	"CV best"	"Permuted CV best"	"Global best fitness"	"Current best fitness"	"Number of features in current best agent"	"Number of features in global best"	"Number of features in local best"
1	1	40	76.8952345270529	43.4493706580335	36.3540886568884	36.3540886568884	15	40	800
2	1	19	77.0998277480912	40.2617745255583	46.9624619765109	46.9624619765109	20	21	21
3	1	20	81.4556155375022	40.3548845422585	50.0821813624346	50.0821813624346	29	29	29
4	1	27	81.2042524314265	35.1723000952273	54.1582737013552	54.1582737013552	27	27	27
5	1	24	81.2042524314265	35.1723000952273	54.4620237013552	54.4620237013552	22	27	27
6	1	24	81.2042524314265	35.1723000952273	54.4620237013552	51.8649289550988	25	27	26
7	1	24	81.2042524314265	35.1723000952273	54.4620237013552	53.8759106461865	27	27	27
8	1	23	82.8788343621958	35.3850571554373	56.0982663183963	56.0982663183963	23	23	23
9	1	23	87.8729359621392	35.8639412177549	59.6693875636204	59.6693875636204	24	24	24
10	1	23	87.8729359621392	35.8639412177549	59.6693875636204	59.7293875636204	21	24	24
11	1	23	87.8729359621392	35.8639412177549	59.6693875636204	53.2053836922857	24	24	23
12	1	23	87.8729359621392	35.8639412177549	59.6693875636204	57.8717731782873	24	24	24
13	1	23	89.3029756802116	35.9972193939969	59.8338790390617	59.8338790390617	23	23	23
14	1	21	88.003777602339	32.2116681080651	62.5921655261087	62.5921655261087	21	21	21
15	1	21	88.003777602339	32.2116681080651	62.5921655261087	62.6146655261087	18	21	21
16	1	21	88.003777602339	32.2116681080651	62.5921655261087	58.458832637446	18	21	18
17	1	15	90.7655759475927	33.8198870581496	63.7744440265258	63.7744440265258	20	20	20
18	1	15	90.7655759475927	33.8198870581496	63.7744440265258	63.7891499088787	20	20	20
19	1	15	90.7655759475927	33.8198870581496	63.7744440265258	63.8023078036156	20	20	20
20	1	15	90.7655759475927	33.8198870581496	63.7744440265258	63.8141499088787	22	20	20
21	1	15	90.7655759475927	33.8198870581496	63.7744440265258	62.1192978112603	25	20	25
22	1	15	90.7655759475927	33.8198870581496	63.7744440265258	63.4380738290967	23	20	23
23	1	15	90.7655759475927	33.8198870581496	63.7744440265258	63.4483011018239	23	20	23
24	1	15	90.7655759475927	33.8198870581496	63.7744440265258	63.5277226484757	20	20	20
25	1	24	91.1487907140267	32.7759145358377	65.1225639715448	65.1225639715448	17	23	23
26	1	24	91.1487907140267	32.7759145358377	65.1225639715448	63.8788814987768	13	23	17
27	1	24	91.1487907140267	32.7759145358377	65.1225639715448	62.840865759114	19	23	22
28	1	24	91.1487907140267	32.7759145358377	65.1225639715448	64.4743250270631	24	23	23
29	1	21	91.4182366077787	30.2874426679357	66.7845940250607	66.7845940250607	24	24	24
30	1	21	91.4182366077787	30.2874426679357	66.7845940250607	66.7908009216124	23	24	48
31	1	21	91.4182366077787	30.2874426679357	66.7845940250607	62.3383851228804	24	24	23
32	1	21	91.4182366077787	30.2874426679357	66.7845940250607	63.6628890392943	24	24	24
33	1	21	91.4182366077787	30.2874426679357	66.7845940250607	66.8071645579761	24	24	24
34	1	21	91.4182366077787	30.2874426679357	66.7845940250607	66.8119773922007	24	24	48
35	1	21	91.4182366077787	30.2874426679357	66.7845940250607	66.8165152073267	25	24	48
36	1	21	91.4182366077787	30.2874426679357	66.7845940250607	65.8257694904014	24	24	24
37	1	21	91.4182366077787	30.2874426679357	66.7845940250607	66.8248549756665	24	24	24
38	1	21	91.4182366077787	30.2874426679357	66.7845940250607	66.8286956584545	24	24	24
39	1	21	91.4182366077787	30.2874426679357	66.7845940250607	66.8323393831509	21	24	96
40	1	21	91.4182366077787	30.2874426679357	66.7845940250607	66.8358009216124	24	24	72
41	1	21	91.4182366077787	30.2874426679357	66.7845940250607	66.8390936045393	24	24	48
42	1	21	91.4182366077787	30.2874426679357	66.7845940250607	66.842229493041	24	24	48
43	1	21	91.4182366077787	30.2874426679357	66.7845940250607	66.8452195262636	24	24	48
44	1	21	91.4182366077787	30.2874426679357	66.7845940250607	66.8480736488852	24	24	48
45	1	21	91.4182366077787	30.2874426679357	66.7845940250607	66.8508009216124	22	24	72
46	1	24	91.8698360740317	30.63890718081	66.9364222221934	66.9364222221934	22	22	22
47	1	24	91.8698360740317	30.63890718081	66.9364222221934	66.9387117689094	22	22	22
48	1	24	91.8698360740317	30.63890718081	66.9364222221934	66.9409059178456	22	22	22
49	1	24	91.8698360740317	30.63890718081	66.9364222221934	66.9430105096824	22	22	44
50	1	24	91.8698360740317	30.63890718081	66.9364222221934	66.9450309178456	23	22	44
51	1	24	91.8698360740317	30.63890718081	66.9364222221934	66.8649185686713	23	22	48
52	1	24	91.8698360740317	30.63890718081	66.9364222221934	66.8669547677663	23	22	48
53	1	24	91.8698360740317	30.63890718081	66.9364222221934	66.9506346914305	23	22	22
54	1	24	91.8698360740317	30.63890718081	66.9364222221934	66.9523642511789	22	22	22
55	1	24	91.8698360740317	30.63890718081	66.9364222221934	66.9596024100901	17	22	23
56	1	24	91.8698360740317	30.63890718081	66.9364222221934	66.9556380607028	22	22	66
57	1	24	91.8698360740317	30.63890718081	66.9364222221934	66.9571888125825	22	22	66
58	1	24	91.8698360740317	30.63890718081	66.9364222221934	66.9586860902594	22	22	66
59	1	24	91.8698360740317	30.63890718081	66.9364222221934	66.9601326127609	22	22	88
60	1	24	91.8698360740317	30.63890718081	66.9364222221934	66.9615309178456	22	22	88
61	1	24	91.8698360740317	30.63890718081	66.9364222221934	66.962883376862	22	22	66
62	1	24	91.8698360740317	30.63890718081	66.9364222221934	66.9641922081682	22	22	66
63	1	24	91.8698360740317	30.63890718081	66.9364222221934	66.9654594892742	22	22	88
64	1	24	91.8698360740317	30.63890718081	66.9364222221934	66.9666871678456	22	22	88
65	1	24	91.8698360740317	30.63890718081	66.9364222221934	66.9678770716918	23	22	88
66	1	24	91.8698360740317	30.63890718081	66.9364222221934	66.9690309178456	22	22	88
67	1	24	91.8698360740317	30.63890718081	66.9364222221934	66.9701503208307	22	22	88
68	1	24	91.8698360740317	30.63890718081	66.9364222221934	66.9712368001986	22	22	110
69	1	12	91.1487907140267	29.1596656004705	67.4669768736448	67.4669768736448	22	22	22
70	1	12	91.1487907140267	29.1596656004705	67.4669768736448	66.9733166321313	22	22	66
71	1	12	91.1487907140267	29.1596656004705	67.4669768736448	66.9743126079865	22	22	44
72	1	12	91.1487907140267	29.1596656004705	67.4669768736448	66.9978565726554	22	22	22
73	1	12	91.1487907140267	29.1596656004705	67.4669768736448	66.9987983534773	22	22	22
74	1	12	91.1487907140267	29.1596656004705	67.4669768736448	66.9997146807635	22	22	22
75	1	12	91.1487907140267	29.1596656004705	67.4669768736448	67.0006065726554	20	22	44
76	1	12	91.1487907140267	29.1596656004705	67.4669768736448	66.9788993388982	22	22	110
77	1	12	91.1487907140267	29.1596656004705	67.4669768736448	66.9797452035599	22	22	132
78	1	12	91.1487907140267	29.1596656004705	67.4669768736448	66.9805693793841	23	22	154
79	1	12	91.1487907140267	29.1596656004705	67.4669768736448	66.9813726899975	23	22	88
80	1	12	91.1487907140267	29.1596656004705	67.4669768736448	66.9821559178456	22	22	88
81	1	12	91.1487907140267	29.1596656004705	67.4669768736448	66.9829198067345	22	22	66
82	1	12	91.1487907140267	29.1596656004705	67.4669768736448	67.4783501504211	22	22	22
83	1	12	91.1487907140267	29.1596656004705	67.4669768736448	67.4790774498627	22	22	22
84	1	12	91.1487907140267	29.1596656004705	67.4669768736448	67.479787432651	22	22	44
85	1	12	91.1487907140267	29.1596656004705	67.4669768736448	67.480480709962	22	22	44
86	1	12	91.1487907140267	29.1596656004705	67.4669768736448	67.4811578645447	23	22	22
87	1	12	91.1487907140267	29.1596656004705	67.4669768736448	66.9871343661215	22	22	66
88	1	12	91.1487907140267	29.1596656004705	67.4669768736448	67.4824660040796	23	22	22
89	1	12	91.1487907140267	29.1596656004705	67.4669768736448	67.4830980265515	22	22	22
90	1	12	91.1487907140267	29.1596656004705	67.4669768736448	67.4837160040796	22	22	44
91	1	12	91.1487907140267	29.1596656004705	67.4669768736448	67.484320399684	22	22	22
92	1	12	91.1487907140267	29.1596656004705	67.4669768736448	67.4849116562535	22	22	44
93	1	12	91.1487907140267	29.1596656004705	67.4669768736448	67.485490197628	22	22	66
94	1	12	91.1487907140267	29.1596656004705	67.4669768736448	67.4860564296115	22	22	66
95	1	12	91.1487907140267	29.1596656004705	67.4669768736448	67.4866107409217	22	22	66
96	1	12	91.1487907140267	29.1596656004705	67.4669768736448	67.4871535040796	22	22	88
97	1	12	91.1487907140267	29.1596656004705	67.4669768736448	67.4876850762445	22	22	88
98	1	12	91.1487907140267	29.1596656004705	67.4669768736448	67.488205799998	22	22	88
99	1	12	91.1487907140267	29.1596656004705	67.4669768736448	67.4887160040796	22	22	88
100	1	12	91.1487907140267	29.1596656004705	67.4669768736448	67.4892160040796	23	22	88
101	1	12	91.1487907140267	29.1596656004705	67.4669768736448	67.4897061030895	22	22	44
102	1	12	91.1487907140267	29.1596656004705	67.4669768736448	67.4901865923149	22	22	88
103	1	12	91.1487907140267	29.1596656004705	67.4669768736448	67.4906577516524	21	22	88
104	1	12	91.1487907140267	29.1596656004705	67.4669768736448	67.4911198502334	22	22	66
105	1	12	91.1487907140267	29.1596656004705	67.4669768736448	67.4915731469367	22	22	66
106	1	12	91.1487907140267	29.1596656004705	67.4669768736448	67.492017890872	22	22	44
107	1	12	91.1487907140267	29.1596656004705	67.4669768736448	67.4924543218366	22	22	44
108	1	12	91.1487907140267	29.1596656004705	67.4669768736448	67.4928826707463	22	22	44
109	1	12	91.1487907140267	29.1596656004705	67.4669768736448	67.4933031600429	22	22	66
110	1	12	91.1487907140267	29.1596656004705	67.4669768736448	67.4937160040796	22	22	66
111	1	12	91.1487907140267	29.1596656004705	67.4669768736448	67.494121409485	22	22	66
112	1	12	91.1487907140267	29.1596656004705	67.4669768736448	67.4945195755082	22	22	66
113	1	12	91.1487907140267	29.1596656004705	67.4669768736448	67.4949106943451	22	22	66
114	1	12	91.1487907140267	29.1596656004705	67.4669768736448	67.495294951448	22	22	88
115	1	12	91.1487907140267	29.1596656004705	67.4669768736448	67.4956725258187	21	22	88
116	1	12	91.1487907140267	29.1596656004705	67.4669768736448	67.4960435902865	22	22	66
117	1	12	91.1487907140267	29.1596656004705	67.4669768736448	67.4964083117719	22	22	110
118	1	12	91.1487907140267	29.1596656004705	67.4669768736448	67.4967668515372	22	22	110
119	1	12	91.1487907140267	29.1596656004705	67.4669768736448	67.4971193654241	22	22	110
120	1	12	91.1487907140267	29.1596656004705	67.4669768736448	67.4974660040796	22	22	110
121	1	12	91.1487907140267	29.1596656004705	67.4669768736448	67.4978069131705	22	22	66
122	1	12	91.1487907140267	29.1596656004705	67.4669768736448	67.4981422335878	22	22	66
123	1	12	91.1487907140267	29.1596656004705	67.4669768736448	67.4984721016406	22	22	88
124	1	12	91.1487907140267	29.1596656004705	67.4669768736448	67.4987966492409	21	22	88
125	1	12	91.1487907140267	29.1596656004705	67.4669768736448	67.4991160040796	22	22	66
126	1	12	91.1487907140267	29.1596656004705	67.4669768736448	67.4994302897939	22	22	66
127	1	12	91.1487907140267	29.1596656004705	67.4669768736448	67.4997396261268	22	22	88
128	1	12	91.1487907140267	29.1596656004705	67.4669768736448	67.5000441290796	22	22	88
129	1	12	91.1487907140267	29.1596656004705	67.4669768736448	67.5003439110563	22	22	88
130	1	12	91.1487907140267	29.1596656004705	67.4669768736448	67.5006390810027	22	22	88
131	1	12	91.1487907140267	29.1596656004705	67.4669768736448	67.5009297445376	22	22	66
132	1	12	91.1487907140267	29.1596656004705	67.4669768736448	67.5012160040796	22	22	88
133	1	12	91.1487907140267	29.1596656004705	67.4669768736448	67.5014979589668	22	22	88
134	1	12	91.1487907140267	29.1596656004705	67.4669768736448	67.5017757055721	22	22	110
135	1	12	91.1487907140267	29.1596656004705	67.4669768736448	67.5020493374129	22	22	110
136	1	12	91.1487907140267	29.1596656004705	67.4669768736448	67.5023189452561	22	22	110
137	1	12	91.1487907140267	29.1596656004705	67.4669768736448	67.5025846172183	22	22	110
138	1	12	91.1487907140267	29.1596656004705	67.4669768736448	67.5028464388622	22	22	110
139	1	12	91.1487907140267	29.1596656004705	67.4669768736448	67.5031044932882	22	22	110
140	1	12	91.1487907140267	29.1596656004705	67.4669768736448	67.5033588612225	22	22	110
141	1	12	91.1487907140267	29.1596656004705	67.4669768736448	67.5036096211009	22	22	66
142	1	12	91.1487907140267	29.1596656004705	67.4669768736448	67.50385684915	22	22	88
143	1	12	91.1487907140267	29.1596656004705	67.4669768736448	67.5041006194642	22	22	110
144	1	12	91.1487907140267	29.1596656004705	67.4669768736448	67.5043410040796	22	22	110
145	1	12	91.1487907140267	29.1596656004705	67.4669768736448	67.5045780730451	22	22	110
146	1	12	91.1487907140267	29.1596656004705	67.4669768736448	67.5048118944906	22	22	110
147	1	12	91.1487907140267	29.1596656004705	67.4669768736448	67.5050425346918	22	22	110
148	1	12	91.1487907140267	29.1596656004705	67.4669768736448	67.5052700581337	22	22	110
149	1	12	91.1487907140267	29.1596656004705	67.4669768736448	67.5054945275695	22	22	110
150	1	12	91.1487907140267	29.1596656004705	67.4669768736448	67.5057160040796	22	22	110
151	1	12	91.1487907140267	29.1596656004705	67.4669768736448	67.505934547126	22	22	132
152	1	12	91.1487907140267	29.1596656004705	67.4669768736448	67.5061502146059	22	22	132
153	1	12	91.1487907140267	29.1596656004705	67.4669768736448	67.5063630629031	22	22	132
154	1	12	91.1487907140267	29.1596656004705	67.4669768736448	67.5065731469367	22	22	132
155	1	12	91.1487907140267	29.1596656004705	67.4669768736448	67.5067805202086	22	22	132
156	1	12	91.1487907140267	29.1596656004705	67.4669768736448	67.5069852348488	22	22	110
157	1	12	91.1487907140267	29.1596656004705	67.4669768736448	67.5071873416592	22	22	132
158	1	12	91.1487907140267	29.1596656004705	67.4669768736448	67.5073868901555	21	22	132
159	1	12	91.1487907140267	29.1596656004705	67.4669768736448	67.5075839286079	22	22	110
160	1	12	91.1487907140267	29.1596656004705	67.4669768736448	67.5077785040796	18	22	132
161	1	12	91.1487907140267	29.1596656004705	67.4669768736448	67.5079706624647	22	22	88
162	1	12	91.1487907140267	29.1596656004705	67.4669768736448	67.5081604485241	22	22	88
163	1	12	91.1487907140267	29.1596656004705	67.4669768736448	67.5083479059201	22	22	110
164	1	12	91.1487907140267	29.1596656004705	67.4669768736448	67.5085330772503	22	22	110
165	1	12	91.1487907140267	29.1596656004705	67.4669768736448	67.5087160040796	22	22	110
166	1	12	91.1487907140267	29.1596656004705	67.4669768736448	67.5088967269712	22	22	88
167	1	12	91.1487907140267	29.1596656004705	67.4669768736448	67.5090752855167	22	22	88
168	1	12	91.1487907140267	29.1596656004705	67.4669768736448	67.5092517183653	22	22	110
169	1	12	91.1487907140267	29.1596656004705	67.4669768736448	67.5094260632512	22	22	110
170	1	12	91.1487907140267	29.1596656004705	67.4669768736448	67.5095983570208	22	22	110
171	1	12	91.1487907140267	29.1596656004705	67.4669768736448	67.5097686356585	22	22	110
172	1	12	91.1487907140267	29.1596656004705	67.4669768736448	67.5099369343122	22	22	110
173	1	12	91.1487907140267	29.1596656004705	67.4669768736448	67.5101032873166	22	22	132
174	1	12	91.1487907140267	29.1596656004705	67.4669768736448	67.5102677282175	22	22	132
175	1	12	91.1487907140267	29.1596656004705	67.4669768736448	67.5104302897939	22	22	132
176	1	12	91.1487907140267	29.1596656004705	67.4669768736448	67.5105910040796	22	22	110
177	1	12	91.1487907140267	29.1596656004705	67.4669768736448	67.5107499023847	22	22	110
178	1	12	91.1487907140267	29.1596656004705	67.4669768736448	67.5109070153156	22	22	154
179	1	12	91.1487907140267	29.1596656004705	67.4669768736448	67.5110623727947	22	22	154
180	1	12	91.1487907140267	29.1596656004705	67.4669768736448	67.5112160040796	19	22	154
181	1	12	91.1487907140267	29.1596656004705	67.4669768736448	67.5113679377813	22	22	88
182	1	12	91.1487907140267	29.1596656004705	67.4669768736448	67.5115182018818	22	22	110
183	1	12	91.1487907140267	29.1596656004705	67.4669768736448	67.5116668237517	22	22	110
184	1	12	91.1487907140267	29.1596656004705	67.4669768736448	67.5118138301666	22	22	110
185	1	12	91.1487907140267	29.1596656004705	67.4669768736448	67.5119592473228	22	22	110
186	1	12	91.1487907140267	29.1596656004705	67.4669768736448	67.5121031008538	22	22	88
187	1	12	91.1487907140267	29.1596656004705	67.4669768736448	67.5122454158443	22	22	110
188	1	12	91.1487907140267	29.1596656004705	67.4669768736448	67.5123862168456	22	22	110
189	1	12	91.1487907140267	29.1596656004705	67.4669768736448	67.5125255278891	22	22	132
190	1	12	91.1487907140267	29.1596656004705	67.4669768736448	67.5126633725007	21	22	132
191	1	12	91.1487907140267	29.1596656004705	67.4669768736448	67.5127997737131	22	22	132
192	1	12	91.1487907140267	29.1596656004705	67.4669768736448	67.5129347540796	22	22	110
193	1	12	91.1487907140267	29.1596656004705	67.4669768736448	67.5130683356858	22	22	132
194	1	12	91.1487907140267	29.1596656004705	67.4669768736448	67.5132005401621	22	22	132
195	1	12	91.1487907140267	29.1596656004705	67.4669768736448	67.513331388695	21	22	132
196	1	12	91.1487907140267	29.1596656004705	67.4669768736448	67.5134609020388	22	22	110
197	1	12	91.1487907140267	29.1596656004705	67.4669768736448	67.5135891005263	22	22	110
198	1	12	91.1487907140267	29.1596656004705	67.4669768736448	67.5137160040796	22	22	132
199	1	12	91.1487907140267	29.1596656004705	67.4669768736448	67.5138416322203	22	22	132
200	1	12	91.1487907140267	29.1596656004705	67.4669768736448	67.5139660040796	22	22	132
201	1	12	91.1487907140267	29.1596656004705	67.4669768736448	67.514089138408	22	22	110
202	1	12	91.1487907140267	29.1596656004705	67.4669768736448	67.5142110535845	22	22	110
203	1	12	91.1487907140267	29.1596656004705	67.4669768736448	67.5143317676264	22	22	110
204	1	12	91.1487907140267	29.1596656004705	67.4669768736448	67.5144512981972	22	22	110
205	1	12	91.1487907140267	29.1596656004705	67.4669768736448	67.5145696626162	22	22	110
206	1	12	91.1487907140267	29.1596656004705	67.4669768736448	67.514686877866	22	22	132
207	1	12	91.1487907140267	29.1596656004705	67.4669768736448	67.5148029606013	22	22	132
208	1	12	91.1487907140267	29.1596656004705	67.4669768736448	67.5149179271565	22	22	132
209	1	12	91.1487907140267	29.1596656004705	67.4669768736448	67.5150317935533	22	22	132
210	1	12	91.1487907140267	29.1596656004705	67.4669768736448	67.5151445755082	22	22	132
211	1	12	91.1487907140267	29.1596656004705	67.4669768736448	67.5152562884398	22	22	110
212	1	12	91.1487907140267	29.1596656004705	67.4669768736448	67.5153669474758	22	22	132
213	1	12	91.1487907140267	29.1596656004705	67.4669768736448	67.5154765674599	21	22	132
214	1	12	91.1487907140267	29.1596656004705	67.4669768736448	67.5155851629581	22	22	110
215	1	12	91.1487907140267	29.1596656004705	67.4669768736448	67.5156927482656	22	22	110
216	1	12	91.1487907140267	29.1596656004705	67.4669768736448	67.5157993374129	22	22	88
217	1	12	91.1487907140267	29.1596656004705	67.4669768736448	67.5159049441718	22	22	110
218	1	12	91.1487907140267	29.1596656004705	67.4669768736448	67.5160095820613	22	22	110
219	1	12	91.1487907140267	29.1596656004705	67.4669768736448	67.5161132643536	22	22	110
220	1	12	91.1487907140267	29.1596656004705	67.4669768736448	67.5162160040796	22	22	110
221	1	12	91.1487907140267	29.1596656004705	67.4669768736448	67.5163178140344	22	22	88
222	1	12	91.1487907140267	29.1596656004705	67.4669768736448	67.5164187067823	22	22	110
223	1	12	91.1487907140267	29.1596656004705	67.4669768736448	67.5165186946626	22	22	110
224	1	12	91.1487907140267	29.1596656004705	67.4669768736448	67.5166177897939	22	22	110
225	1	12	91.1487907140267	29.1596656004705	67.4669768736448	67.5167160040796	22	22	110
226	1	12	91.1487907140267	29.1596656004705	67.4669768736448	67.5168133492123	22	22	110
227	1	12	91.1487907140267	29.1596656004705	67.4669768736448	67.5169098366787	22	22	132
228	1	12	91.1487907140267	29.1596656004705	67.4669768736448	67.5170054777638	22	22	132
229	1	12	91.1487907140267	29.1596656004705	67.4669768736448	67.5171002835556	22	22	132
230	1	12	91.1487907140267	29.1596656004705	67.4669768736448	67.5171942649492	22	22	132
231	1	12	91.1487907140267	29.1596656004705	67.4669768736448	67.517287432651	22	22	110
232	1	12	91.1487907140267	29.1596656004705	67.4669768736448	67.5173797971831	22	22	110
233	1	12	91.1487907140267	29.1596656004705	67.4669768736448	67.5174713688865	22	22	154
234	1	12	91.1487907140267	29.1596656004705	67.4669768736448	67.5175621579258	22	22	154
235	1	12	91.1487907140267	29.1596656004705	67.4669768736448	67.5176521742924	20	22	154
236	1	12	91.1487907140267	29.1596656004705	67.4669768736448	67.5177414278084	22	22	88
237	1	12	91.1487907140267	29.1596656004705	67.4669768736448	67.5178299281302	22	22	110
238	1	12	91.1487907140267	29.1596656004705	67.4669768736448	67.5179176847519	22	22	110
239	1	12	91.1487907140267	29.1596656004705	67.4669768736448	67.5180047070085	22	22	110
240	1	12	91.1487907140267	29.1596656004705	67.4669768736448	67.5180910040796	22	22	110
241	1	12	91.1487907140267	29.1596656004705	67.4669768736448	67.5181765849925	22	22	88
242	1	12	91.1487907140267	29.1596656004705	67.4669768736448	67.518261458625	22	22	110
243	1	12	91.1487907140267	29.1596656004705	67.4669768736448	67.5183456337092	22	22	110
244	1	12	91.1487907140267	29.1596656004705	67.4669768736448	67.5184291188337	22	22	132
245	1	12	91.1487907140267	29.1596656004705	67.4669768736448	67.5185119224469	20	22	132
246	1	12	91.1487907140267	29.1596656004705	67.4669768736448	67.5185940528601	22	22	110
247	1	12	91.1487907140267	29.1596656004705	67.4669768736448	67.5186755182496	22	22	110
248	1	12	91.1487907140267	29.1596656004705	67.4669768736448	67.5187563266603	22	22	132
249	1	12	91.1487907140267	29.1596656004705	67.4669768736448	67.5188364860073	22	22	132
250	1	12	91.1487907140267	29.1596656004705	67.4669768736448	67.5189160040796	20	22	132
251	1	12	91.1487907140267	29.1596656004705	67.4669768736448	67.5189948885418	22	22	110
252	1	12	91.1487907140267	29.1596656004705	67.4669768736448	67.5190731469367	22	22	110
253	1	12	91.1487907140267	29.1596656004705	67.4669768736448	67.5191507866883	22	22	132
254	1	12	91.1487907140267	29.1596656004705	67.4669768736448	67.5192278151032	22	22	132
255	1	12	91.1487907140267	29.1596656004705	67.4669768736448	67.5193042393737	22	22	132
256	1	12	91.1487907140267	29.1596656004705	67.4669768736448	67.5193800665796	22	22	110
257	1	12	91.1487907140267	29.1596656004705	67.4669768736448	67.5194553036905	22	22	110
258	1	12	91.1487907140267	29.1596656004705	67.4669768736448	67.519529957568	22	22	110
259	1	12	91.1487907140267	29.1596656004705	67.4669768736448	67.5196040349676	22	22	110
260	1	12	91.1487907140267	29.1596656004705	67.4669768736448	67.5196775425411	22	22	110
261	1	12	91.1487907140267	29.1596656004705	67.4669768736448	67.5197504868382	22	22	132
262	1	12	91.1487907140267	29.1596656004705	67.4669768736448	67.5198228743086	22	22	132
263	1	12	91.1487907140267	29.1596656004705	67.4669768736448	67.5198947113039	22	22	132
264	1	12	91.1487907140267	29.1596656004705	67.4669768736448	67.5199660040796	22	22	132
265	1	12	91.1487907140267	29.1596656004705	67.4669768736448	67.5200367587966	23	22	132
266	1	12	91.1487907140267	29.1596656004705	67.4669768736448	67.5201069815232	22	22	110
267	1	12	91.1487907140267	29.1596656004705	67.4669768736448	67.5201766782369	22	22	132
268	1	12	91.1487907140267	29.1596656004705	67.4669768736448	67.5202458548259	21	22	132
269	1	12	91.1487907140267	29.1596656004705	67.4669768736448	67.5203145170908	22	22	110
270	1	12	91.1487907140267	29.1596656004705	67.4669768736448	67.5203826707463	21	22	132
271	1	12	91.1487907140267	29.1596656004705	67.4669768736448	67.5204503214228	22	22	88
272	1	12	91.1487907140267	29.1596656004705	67.4669768736448	67.5205174746678	22	22	88
273	1	12	91.1487907140267	29.1596656004705	67.4669768736448	67.5205841359477	22	22	110
274	1	12	91.1487907140267	29.1596656004705	67.4669768736448	67.5206503106489	22	22	110
275	1	12	91.1487907140267	29.1596656004705	67.4669768736448	67.5207160040796	22	22	132
276	1	12	91.1487907140267	29.1596656004705	67.4669768736448	67.5207812214709	22	22	88
277	1	12	91.1487907140267	29.1596656004705	67.4669768736448	67.5208459679785	22	22	132
278	1	12	91.1487907140267	29.1596656004705	67.4669768736448	67.5209102486839	22	22	132
279	1	12	91.1487907140267	29.1596656004705	67.4669768736448	67.5209740685957	22	22	132
280	1	12	91.1487907140267	29.1596656004705	67.4669768736448	67.521037432651	22	22	132
281	1	12	91.1487907140267	29.1596656004705	67.4669768736448	67.5211003457166	22	22	110
282	1	12	91.1487907140267	29.1596656004705	67.4669768736448	67.5211628125902	22	22	132
283	1	12	91.1487907140267	29.1596656004705	67.4669768736448	67.5212248380019	22	22	132
284	1	12	91.1487907140267	29.1596656004705	67.4669768736448	67.5212864266148	22	22	132
285	1	12	91.1487907140267	29.1596656004705	67.4669768736448	67.521347583027	22	22	132
286	1	12	91.1487907140267	29.1596656004705	67.4669768736448	67.5214083117719	22	22	110
287	1	12	91.1487907140267	29.1596656004705	67.4669768736448	67.52146861732	22	22	110
288	1	12	91.1487907140267	29.1596656004705	67.4669768736448	67.5215285040796	22	22	154
289	1	12	91.1487907140267	29.1596656004705	67.4669768736448	67.5215879763979	22	22	154
290	1	12	91.1487907140267	29.1596656004705	67.4669768736448	67.5216470385624	19	22	154
291	1	12	91.1487907140267	29.1596656004705	67.4669768736448	67.5217056948013	22	22	88
292	1	12	91.1487907140267	29.1596656004705	67.4669768736448	67.5217639492851	22	22	88
293	1	12	91.1487907140267	29.1596656004705	67.4669768736448	67.5218218061274	22	22	132
294	1	12	91.1487907140267	29.1596656004705	67.4669768736448	67.5218792693857	22	22	132
295	1	12	91.1487907140267	29.1596656004705	67.4669768736448	67.5219363430626	22	22	132
296	1	12	91.1487907140267	29.1596656004705	67.4669768736448	67.5219930311066	22	22	88
297	1	12	91.1487907140267	29.1596656004705	67.4669768736448	67.5220493374129	22	22	132
298	1	12	91.1487907140267	29.1596656004705	67.4669768736448	67.5221052658246	22	22	132
299	1	12	91.1487907140267	29.1596656004705	67.4669768736448	67.5221608201331	22	22	154
300	1	12	91.1487907140267	29.1596656004705	67.4669768736448	67.5222160040796	20	22	154
301	1	12	91.1487907140267	29.1596656004705	67.4669768736448	67.5222708213553	22	22	110
302	1	12	91.1487907140267	29.1596656004705	67.4669768736448	67.5223252756028	22	22	132
303	1	12	91.1487907140267	29.1596656004705	67.4669768736448	67.5223793704162	22	22	132
304	1	12	91.1487907140267	29.1596656004705	67.4669768736448	67.5224331093428	22	22	154
305	1	12	91.1487907140267	29.1596656004705	67.4669768736448	67.5224864958829	21	22	154
306	1	12	91.1487907140267	29.1596656004705	67.4669768736448	67.5225395334914	22	22	110
307	1	12	91.1487907140267	29.1596656004705	67.4669768736448	67.522592225578	22	22	110
308	1	12	91.1487907140267	29.1596656004705	67.4669768736448	67.5226445755082	22	22	132
309	1	12	91.1487907140267	29.1596656004705	67.4669768736448	67.5226965866039	22	22	132
310	1	12	91.1487907140267	29.1596656004705	67.4669768736448	67.5227482621441	22	22	154
311	1	12	91.1487907140267	29.1596656004705	67.4669768736448	67.5227996053658	22	22	110
312	1	12	91.1487907140267	29.1596656004705	67.4669768736448	67.5228506194642	22	22	110
313	1	12	91.1487907140267	29.1596656004705	67.4669768736448	67.522901307594	22	22	110
314	1	12	91.1487907140267	29.1596656004705	67.4669768736448	67.5229516728694	22	22	132
315	1	12	91.1487907140267	29.1596656004705	67.4669768736448	67.5230017183653	22	22	132
316	1	12	91.1487907140267	29.1596656004705	67.4669768736448	67.5230514471176	22	22	132
317	1	12	91.1487907140267	29.1596656004705	67.4669768736448	67.5231008621238	22	22	132
318	1	12	91.1487907140267	29.1596656004705	67.4669768736448	67.5231499663438	22	22	132
319	1	12	91.1487907140267	29.1596656004705	67.4669768736448	67.5231987627003	22	22	132
320	1	12	91.1487907140267	29.1596656004705	67.4669768736448	67.5232472540796	23	22	132
321	1	12	91.1487907140267	29.1596656004705	67.4669768736448	67.5232954433319	22	22	110
322	1	12	91.1487907140267	29.1596656004705	67.4669768736448	67.5233433332722	22	22	132
323	1	12	91.1487907140267	29.1596656004705	67.4669768736448	67.5233909266802	21	22	132
324	1	12	91.1487907140267	29.1596656004705	67.4669768736448	67.5234382263018	22	22	132
325	1	12	91.1487907140267	29.1596656004705	67.4669768736448	67.5234852348488	22	22	154
326	1	12	91.1487907140267	29.1596656004705	67.4669768736448	67.5235319549998	15	22	110
327	1	12	91.1487907140267	29.1596656004705	67.4669768736448	67.5235783894007	22	22	110
328	1	12	91.1487907140267	29.1596656004705	67.4669768736448	67.523624540665	22	22	110
329	1	12	91.1487907140267	29.1596656004705	67.4669768736448	67.5236704113744	22	22	110
330	1	12	91.1487907140267	29.1596656004705	67.4669768736448	67.5237160040796	22	22	110
331	1	12	91.1487907140267	29.1596656004705	67.4669768736448	67.5237613213001	22	22	88
332	1	12	91.1487907140267	29.1596656004705	67.4669768736448	67.5238063655254	22	22	110
333	1	12	91.1487907140267	29.1596656004705	67.4669768736448	67.5238511392147	22	22	110
334	1	12	91.1487907140267	29.1596656004705	67.4669768736448	67.5238956447982	22	22	110
335	1	12	91.1487907140267	29.1596656004705	67.4669768736448	67.5239398846766	22	22	110
336	1	12	91.1487907140267	29.1596656004705	67.4669768736448	67.5239838612225	22	22	110
337	1	12	91.1487907140267	29.1596656004705	67.4669768736448	67.5240275767799	22	22	110
338	1	12	91.1487907140267	29.1596656004705	67.4669768736448	67.5240710336654	22	22	132
339	1	12	91.1487907140267	29.1596656004705	67.4669768736448	67.5241142341681	22	22	132
340	1	12	91.1487907140267	29.1596656004705	67.4669768736448	67.5241571805502	22	22	132
341	1	12	91.1487907140267	29.1596656004705	67.4669768736448	67.5241998750473	22	22	110
342	1	12	91.1487907140267	29.1596656004705	67.4669768736448	67.5242423198691	22	22	110
343	1	12	91.1487907140267	29.1596656004705	67.4669768736448	67.5242845171991	22	22	154
344	1	12	91.1487907140267	29.1596656004705	67.4669768736448	67.5243264691959	22	22	154
345	1	12	91.1487907140267	29.1596656004705	67.4669768736448	67.5243681779926	20	22	154
346	1	12	91.1487907140267	29.1596656004705	67.4669768736448	67.5244096456981	22	22	88
347	1	12	91.1487907140267	29.1596656004705	67.4669768736448	67.5244508743966	22	22	110
348	1	12	91.1487907140267	29.1596656004705	67.4669768736448	67.5244918661486	22	22	110
349	1	12	91.1487907140267	29.1596656004705	67.4669768736448	67.5245326229908	22	22	110
350	1	12	91.1487907140267	29.1596656004705	67.4669768736448	67.5245731469367	22	22	110
351	1	12	91.1487907140267	29.1596656004705	67.4669768736448	67.524613439977	22	22	88
352	1	12	91.1487907140267	29.1596656004705	67.4669768736448	67.5246535040796	22	22	110
353	1	12	91.1487907140267	29.1596656004705	67.4669768736448	67.5246933411901	22	22	110
354	1	12	91.1487907140267	29.1596656004705	67.4669768736448	67.5247329532321	22	22	132
355	1	12	91.1487907140267	29.1596656004705	67.4669768736448	67.5247723421078	20	22	132
356	1	12	91.1487907140267	29.1596656004705	67.4669768736448	67.5248115096976	22	22	110
357	1	12	91.1487907140267	29.1596656004705	67.4669768736448	67.5248504578611	22	22	110
358	1	12	91.1487907140267	29.1596656004705	67.4669768736448	67.5248891884371	22	22	110
359	1	12	91.1487907140267	29.1596656004705	67.4669768736448	67.5249277032439	22	22	132
360	1	12	91.1487907140267	29.1596656004705	67.4669768736448	67.5249660040796	22	22	154
361	1	12	91.1487907140267	29.1596656004705	67.4669768736448	67.5250040927223	22	22	110
362	1	12	91.1487907140267	29.1596656004705	67.4669768736448	67.5250419709304	22	22	110
363	1	12	91.1487907140267	29.1596656004705	67.4669768736448	67.5250796404432	22	22	154
364	1	12	91.1487907140267	29.1596656004705	67.4669768736448	67.5251171029807	22	22	154
365	1	12	91.1487907140267	29.1596656004705	67.4669768736448	67.525154360244	22	22	154
366	1	12	91.1487907140267	29.1596656004705	67.4669768736448	67.5251914139157	22	22	110
367	1	12	91.1487907140267	29.1596656004705	67.4669768736448	67.52522826566	22	22	110
368	1	12	91.1487907140267	29.1596656004705	67.4669768736448	67.5252649171231	22	22	110
369	1	12	91.1487907140267	29.1596656004705	67.4669768736448	67.5253013699333	22	22	110
370	1	12	91.1487907140267	29.1596656004705	67.4669768736448	67.5253376257012	22	22	110
371	1	12	91.1487907140267	29.1596656004705	67.4669768736448	67.5253736860203	22	22	132
372	1	12	91.1487907140267	29.1596656004705	67.4669768736448	67.5254095524667	22	22	132
373	1	12	91.1487907140267	29.1596656004705	67.4669768736448	67.5254452265997	22	22	132
374	1	12	91.1487907140267	29.1596656004705	67.4669768736448	67.525480709962	22	22	132
375	1	12	91.1487907140267	29.1596656004705	67.4669768736448	67.5255160040796	23	22	132
376	1	12	91.1487907140267	29.1596656004705	67.4669768736448	67.5255511104626	22	22	110
377	1	12	91.1487907140267	29.1596656004705	67.4669768736448	67.5255860306048	22	22	132
378	1	12	91.1487907140267	29.1596656004705	67.4669768736448	67.5256207659844	21	22	132
379	1	12	91.1487907140267	29.1596656004705	67.4669768736448	67.5256553180638	22	22	110
380	1	12	91.1487907140267	29.1596656004705	67.4669768736448	67.5256896882901	22	22	110
381	1	12	91.1487907140267	29.1596656004705	67.4669768736448	67.5257238780953	22	22	88
382	1	12	91.1487907140267	29.1596656004705	67.4669768736448	67.5257578888964	22	22	88
383	1	12	91.1487907140267	29.1596656004705	67.4669768736448	67.5257917220953	22	22	88
384	1	12	91.1487907140267	29.1596656004705	67.4669768736448	67.5258253790796	22	22	88
385	1	12	91.1487907140267	29.1596656004705	67.4669768736448	67.5258588612225	22	22	110
386	1	12	91.1487907140267	29.1596656004705	67.4669768736448	67.5258921698827	22	22	88
387	1	12	91.1487907140267	29.1596656004705	67.4669768736448	67.5259253064052	22	22	110
388	1	12	91.1487907140267	29.1596656004705	67.4669768736448	67.5259582721208	22	22	110
389	1	12	91.1487907140267	29.1596656004705	67.4669768736448	67.525991068347	22	22	110
390	1	12	91.1487907140267	29.1596656004705	67.4669768736448	67.5260236963873	22	22	110
391	1	12	91.1487907140267	29.1596656004705	67.4669768736448	67.5260561575323	22	22	110
392	1	12	91.1487907140267	29.1596656004705	67.4669768736448	67.5260884530592	22	22	132
393	1	12	91.1487907140267	29.1596656004705	67.4669768736448	67.5261205842323	22	22	132
394	1	12	91.1487907140267	29.1596656004705	67.4669768736448	67.5261525523029	22	22	132
395	1	12	91.1487907140267	29.1596656004705	67.4669768736448	67.52618435851	20	22	132
396	1	12	91.1487907140267	29.1596656004705	67.4669768736448	67.5262160040796	22	22	110
397	1	12	91.1487907140267	29.1596656004705	67.4669768736448	67.5262474902257	22	22	110
398	1	12	91.1487907140267	29.1596656004705	67.4669768736448	67.5262788181499	22	22	154
399	1	12	91.1487907140267	29.1596656004705	67.4669768736448	67.526309989042	21	22	154
400	1	12	91.1487907140267	29.1596656004705	67.4669768736448	67.5263410040796	22	22	132
401	1	12	91.1487907140267	29.1596656004705	67.4669768736448	67.5263718644287	22	22	88
402	1	12	91.1487907140267	29.1596656004705	67.4669768736448	67.5264025712438	22	22	110
403	1	12	91.1487907140267	29.1596656004705	67.4669768736448	67.5264331256677	22	22	110
404	1	12	91.1487907140267	29.1596656004705	67.4669768736448	67.5264635288321	22	22	110
405	1	12	91.1487907140267	29.1596656004705	67.4669768736448	67.5264937818574	22	22	132
406	1	12	91.1487907140267	29.1596656004705	67.4669768736448	67.526523885853	22	22	88
407	1	12	91.1487907140267	29.1596656004705	67.4669768736448	67.5265538419174	22	22	110
408	1	12	91.1487907140267	29.1596656004705	67.4669768736448	67.5265836511384	22	22	110
409	1	12	91.1487907140267	29.1596656004705	67.4669768736448	67.526613314593	22	22	132
410	1	12	91.1487907140267	29.1596656004705	67.4669768736448	67.5266428333479	22	22	132
411	1	12	91.1487907140267	29.1596656004705	67.4669768736448	67.5266722084592	22	22	110
412	1	12	91.1487907140267	29.1596656004705	67.4669768736448	67.5267014409728	22	22	110
413	1	12	91.1487907140267	29.1596656004705	67.4669768736448	67.5267305319246	22	22	110
414	1	12	91.1487907140267	29.1596656004705	67.4669768736448	67.5267594823405	22	22	132
415	1	12	91.1487907140267	29.1596656004705	67.4669768736448	67.5267882932362	22	22	132
416	1	12	91.1487907140267	29.1596656004705	67.4669768736448	67.5268169656181	22	22	110
417	1	12	91.1487907140267	29.1596656004705	67.4669768736448	67.5268455004825	22	22	110
418	1	12	91.1487907140267	29.1596656004705	67.4669768736448	67.5268738988164	22	22	110
419	1	12	91.1487907140267	29.1596656004705	67.4669768736448	67.5269021615975	22	22	132
420	1	12	91.1487907140267	29.1596656004705	67.4669768736448	67.5269302897939	22	22	132
421	1	12	91.1487907140267	29.1596656004705	67.4669768736448	67.5269582843646	22	22	132
422	1	12	91.1487907140267	29.1596656004705	67.4669768736448	67.5269861462597	22	22	132
423	1	12	91.1487907140267	29.1596656004705	67.4669768736448	67.52701387642	22	22	132
424	1	12	91.1487907140267	29.1596656004705	67.4669768736448	67.5270414757777	22	22	132
425	1	12	91.1487907140267	29.1596656004705	67.4669768736448	67.5270689452561	22	22	132
426	1	12	91.1487907140267	29.1596656004705	67.4669768736448	67.5270962857697	22	22	110
427	1	12	91.1487907140267	29.1596656004705	67.4669768736448	67.5271234982248	22	22	110
428	1	12	91.1487907140267	29.1596656004705	67.4669768736448	67.5271505835188	22	22	110
429	1	12	91.1487907140267	29.1596656004705	67.4669768736448	67.5271775425411	22	22	110
430	1	12	91.1487907140267	29.1596656004705	67.4669768736448	67.5272043761726	22	22	110
431	1	12	91.1487907140267	29.1596656004705	67.4669768736448	67.5272310852861	22	22	132
432	1	12	91.1487907140267	29.1596656004705	67.4669768736448	67.5272576707463	22	22	132
433	1	12	91.1487907140267	29.1596656004705	67.4669768736448	67.5272841334099	22	22	132
434	1	12	91.1487907140267	29.1596656004705	67.4669768736448	67.5273104741257	22	22	132
435	1	12	91.1487907140267	29.1596656004705	67.4669768736448	67.5273366937348	22	22	132
436	1	12	91.1487907140267	29.1596656004705	67.4669768736448	67.5273627930704	22	22	110
437	1	12	91.1487907140267	29.1596656004705	67.4669768736448	67.5273887729583	22	22	110
438	1	12	91.1487907140267	29.1596656004705	67.4669768736448	67.5274146342166	22	22	110
439	1	12	91.1487907140267	29.1596656004705	67.4669768736448	67.5274403776559	22	22	110
440	1	12	91.1487907140267	29.1596656004705	67.4669768736448	67.5274660040796	22	22	132
441	1	12	91.1487907140267	29.1596656004705	67.4669768736448	67.5274915142837	22	22	132
442	1	12	91.1487907140267	29.1596656004705	67.4669768736448	67.527516909057	22	22	132
443	1	12	91.1487907140267	29.1596656004705	67.4669768736448	67.5275421891812	22	22	132
444	1	12	91.1487907140267	29.1596656004705	67.4669768736448	67.5275673554309	22	22	132
445	1	12	91.1487907140267	29.1596656004705	67.4669768736448	67.527592408574	22	22	132
446	1	12	91.1487907140267	29.1596656004705	67.4669768736448	67.5276173493711	22	22	110
447	1	12	91.1487907140267	29.1596656004705	67.4669768736448	67.5276421785762	22	22	110
448	1	12	91.1487907140267	29.1596656004705	67.4669768736448	67.5276668969367	22	22	110
449	1	12	91.1487907140267	29.1596656004705	67.4669768736448	67.5276915051932	22	22	110
450	1	12	91.1487907140267	29.1596656004705	67.4669768736448	67.5277160040796	22	22	110
451	1	12	91.1487907140267	29.1596656004705	67.4669768736448	67.5277403943235	22	22	132
452	1	12	91.1487907140267	29.1596656004705	67.4669768736448	67.527764676646	22	22	132
453	1	12	91.1487907140267	29.1596656004705	67.4669768736448	67.5277888517617	22	22	132
454	1	12	91.1487907140267	29.1596656004705	67.4669768736448	67.5278129203792	22	22	132
455	1	12	91.1487907140267	29.1596656004705	67.4669768736448	67.5278368832005	22	22	132
456	1	12	91.1487907140267	29.1596656004705	67.4669768736448	67.5278607409217	22	22	110
457	1	12	91.1487907140267	29.1596656004705	67.4669768736448	67.5278844942328	22	22	110
458	1	12	91.1487907140267	29.1596656004705	67.4669768736448	67.5279081438176	22	22	110
459	1	12	91.1487907140267	29.1596656004705	67.4669768736448	67.5279316903541	22	22	110
460	1	12	91.1487907140267	29.1596656004705	67.4669768736448	67.5279551345144	22	22	132
461	1	12	91.1487907140267	29.1596656004705	67.4669768736448	67.5279784769646	22	22	132
462	1	12	91.1487907140267	29.1596656004705	67.4669768736448	67.5280017183653	22	22	132
463	1	12	91.1487907140267	29.1596656004705	67.4669768736448	67.5280248593712	22	22	132
464	1	12	91.1487907140267	29.1596656004705	67.4669768736448	67.5280479006313	22	22	132
465	1	12	91.1487907140267	29.1596656004705	67.4669768736448	67.5280708427893	20	22	132
466	1	12	91.1487907140267	29.1596656004705	67.4669768736448	67.528093686483	22	22	88
467	1	12	91.1487907140267	29.1596656004705	67.4669768736448	67.5281164323451	22	22	110
468	1	12	91.1487907140267	29.1596656004705	67.4669768736448	67.5281390810027	22	22	132
469	1	12	91.1487907140267	29.1596656004705	67.4669768736448	67.5281616330775	22	22	132
470	1	12	91.1487907140267	29.1596656004705	67.4669768736448	67.528184089186	22	22	132
471	1	12	91.1487907140267	29.1596656004705	67.4669768736448	67.5282064499395	22	22	110
472	1	12	91.1487907140267	29.1596656004705	67.4669768736448	67.528228715944	22	22	110
473	1	12	91.1487907140267	29.1596656004705	67.4669768736448	67.5282508878005	22	22	132
474	1	12	91.1487907140267	29.1596656004705	67.4669768736448	67.5282729661049	22	22	132
475	1	12	91.1487907140267	29.1596656004705	67.4669768736448	67.528294951448	22	22	132
476	1	12	91.1487907140267	29.1596656004705	67.4669768736448	67.5283168444157	22	22	132
477	1	12	91.1487907140267	29.1596656004705	67.4669768736448	67.528338645589	22	22	132
478	1	12	91.1487907140267	29.1596656004705	67.4669768736448	67.528360355544	22	22	132
479	1	12	91.1487907140267	29.1596656004705	67.4669768736448	67.528381974852	22	22	132
480	1	12	91.1487907140267	29.1596656004705	67.4669768736448	67.5284035040796	22	22	132
481	1	12	91.1487907140267	29.1596656004705	67.4669768736448	67.5284249437885	22	22	110
482	1	12	91.1487907140267	29.1596656004705	67.4669768736448	67.528446294536	22	22	110
483	1	12	91.1487907140267	29.1596656004705	67.4669768736448	67.5284675568746	22	22	110
484	1	12	91.1487907140267	29.1596656004705	67.4669768736448	67.5284887313523	22	22	110
485	1	12	91.1487907140267	29.1596656004705	67.4669768736448	67.5285098185126	22	22	110
486	1	12	91.1487907140267	29.1596656004705	67.4669768736448	67.5285308188944	22	22	132
487	1	12	91.1487907140267	29.1596656004705	67.4669768736448	67.5285517330324	22	22	132
488	1	12	91.1487907140267	29.1596656004705	67.4669768736448	67.5285725614567	22	22	132
489	1	12	91.1487907140267	29.1596656004705	67.4669768736448	67.5285933046931	22	22	132
490	1	12	91.1487907140267	29.1596656004705	67.4669768736448	67.5286139632633	22	22	132
491	1	12	91.1487907140267	29.1596656004705	67.4669768736448	67.5286345376845	22	22	110
492	1	12	91.1487907140267	29.1596656004705	67.4669768736448	67.5286550284698	22	22	110
493	1	12	91.1487907140267	29.1596656004705	67.4669768736448	67.5286754361283	22	22	110
494	1	12	91.1487907140267	29.1596656004705	67.4669768736448	67.5286957611646	22	22	110
495	1	12	91.1487907140267	29.1596656004705	67.4669768736448	67.5287160040796	22	22	110
496	1	12	91.1487907140267	29.1596656004705	67.4669768736448	67.5287361653699	22	22	132
497	1	12	91.1487907140267	29.1596656004705	67.4669768736448	67.5287562455283	22	22	132
498	1	12	91.1487907140267	29.1596656004705	67.4669768736448	67.5287762450435	22	22	132
499	1	12	91.1487907140267	29.1596656004705	67.4669768736448	67.5287961644002	22	22	132
500	1	12	91.1487907140267	29.1596656004705	67.4669768736448	67.5288160040796	22	22	132
501	1	12	91.1487907140267	29.1596656004705	67.4669768736448	67.5288357645586	22	22	110
502	1	12	91.1487907140267	29.1596656004705	67.4669768736448	67.5288554463107	22	22	110
503	1	12	91.1487907140267	29.1596656004705	67.4669768736448	67.5288750498053	22	22	110
504	1	12	91.1487907140267	29.1596656004705	67.4669768736448	67.5288945755082	22	22	110
505	1	12	91.1487907140267	29.1596656004705	67.4669768736448	67.5289140238816	22	22	110
506	1	12	91.1487907140267	29.1596656004705	67.4669768736448	67.5289333953839	22	22	132
507	1	12	91.1487907140267	29.1596656004705	67.4669768736448	67.5289526904701	22	22	132
508	1	12	91.1487907140267	29.1596656004705	67.4669768736448	67.5289719095914	22	22	132
509	1	12	91.1487907140267	29.1596656004705	67.4669768736448	67.5289910531955	22	22	132
510	1	12	91.1487907140267	29.1596656004705	67.4669768736448	67.5290101217267	22	22	132
511	1	12	91.1487907140267	29.1596656004705	67.4669768736448	67.5290291156256	22	22	110
512	1	12	91.1487907140267	29.1596656004705	67.4669768736448	67.5290480353296	22	22	110
513	1	12	91.1487907140267	29.1596656004705	67.4669768736448	67.5290668812726	22	22	110
514	1	12	91.1487907140267	29.1596656004705	67.4669768736448	67.529085653885	22	22	110
515	1	12	91.1487907140267	29.1596656004705	67.4669768736448	67.5291043535942	22	22	110
516	1	12	91.1487907140267	29.1596656004705	67.4669768736448	67.5291229808238	22	22	132
517	1	12	91.1487907140267	29.1596656004705	67.4669768736448	67.5291415359945	22	22	132
518	1	12	91.1487907140267	29.1596656004705	67.4669768736448	67.5291600195236	22	22	132
519	1	12	91.1487907140267	29.1596656004705	67.4669768736448	67.5291784318253	22	22	132
520	1	12	91.1487907140267	29.1596656004705	67.4669768736448	67.5291967733104	22	22	132
521	1	12	91.1487907140267	29.1596656004705	67.4669768736448	67.5292150443867	22	22	132
522	1	12	91.1487907140267	29.1596656004705	67.4669768736448	67.5292332454589	22	22	132
523	1	12	91.1487907140267	29.1596656004705	67.4669768736448	67.5292513769285	22	22	132
524	1	12	91.1487907140267	29.1596656004705	67.4669768736448	67.5292694391941	22	22	132
525	1	12	91.1487907140267	29.1596656004705	67.4669768736448	67.529287432651	22	22	132
526	1	12	91.1487907140267	29.1596656004705	67.4669768736448	67.5293053576918	22	22	110
527	1	12	91.1487907140267	29.1596656004705	67.4669768736448	67.5293232147058	22	22	110
528	1	12	91.1487907140267	29.1596656004705	67.4669768736448	67.5293410040796	22	22	110
529	1	12	91.1487907140267	29.1596656004705	67.4669768736448	67.5293587261968	22	22	110
530	1	12	91.1487907140267	29.1596656004705	67.4669768736448	67.5293763814381	22	22	110
531	1	12	91.1487907140267	29.1596656004705	67.4669768736448	67.5293939701813	22	22	132
532	1	12	91.1487907140267	29.1596656004705	67.4669768736448	67.5294114928014	22	22	132
533	1	12	91.1487907140267	29.1596656004705	67.4669768736448	67.5294289496706	22	22	132
534	1	12	91.1487907140267	29.1596656004705	67.4669768736448	67.5294463411582	22	22	132
535	1	12	91.1487907140267	29.1596656004705	67.4669768736448	67.529463667631	22	22	132
536	1	12	91.1487907140267	29.1596656004705	67.4669768736448	67.5294809294527	22	22	110
537	1	12	91.1487907140267	29.1596656004705	67.4669768736448	67.5294981269846	22	22	110
538	1	12	91.1487907140267	29.1596656004705	67.4669768736448	67.5295152605852	22	22	110
539	1	12	91.1487907140267	29.1596656004705	67.4669768736448	67.5295323306102	22	22	110
540	1	12	91.1487907140267	29.1596656004705	67.4669768736448	67.5295493374129	22	22	110
541	1	12	91.1487907140267	29.1596656004705	67.4669768736448	67.5295662813439	22	22	132
542	1	12	91.1487907140267	29.1596656004705	67.4669768736448	67.5295831627512	22	22	132
543	1	12	91.1487907140267	29.1596656004705	67.4669768736448	67.5295999819802	22	22	132
544	1	12	91.1487907140267	29.1596656004705	67.4669768736448	67.5296167393737	22	22	132
545	1	12	91.1487907140267	29.1596656004705	67.4669768736448	67.5296334352723	22	22	132
546	1	12	91.1487907140267	29.1596656004705	67.4669768736448	67.5296500700137	22	22	110
547	1	12	91.1487907140267	29.1596656004705	67.4669768736448	67.5296666439334	22	22	110
548	1	12	91.1487907140267	29.1596656004705	67.4669768736448	67.5296831573643	22	22	110
549	1	12	91.1487907140267	29.1596656004705	67.4669768736448	67.529699610637	22	22	110
550	1	12	91.1487907140267	29.1596656004705	67.4669768736448	67.5297160040796	22	22	110
551	1	12	91.1487907140267	29.1596656004705	67.4669768736448	67.5297323380179	22	22	132
552	1	12	91.1487907140267	29.1596656004705	67.4669768736448	67.5297486127753	22	22	132
553	1	12	91.1487907140267	29.1596656004705	67.4669768736448	67.5297648286727	22	22	132
554	1	12	91.1487907140267	29.1596656004705	67.4669768736448	67.5297809860291	22	22	132
555	1	12	91.1487907140267	29.1596656004705	67.4669768736448	67.5297970851607	22	22	132
556	1	12	91.1487907140267	29.1596656004705	67.4669768736448	67.5298131263818	22	22	110
557	1	12	91.1487907140267	29.1596656004705	67.4669768736448	67.5298291100042	22	22	110
558	1	12	91.1487907140267	29.1596656004705	67.4669768736448	67.5298450363377	22	22	110
559	1	12	91.1487907140267	29.1596656004705	67.4669768736448	67.5298609056896	22	22	110
560	1	12	91.1487907140267	29.1596656004705	67.4669768736448	67.5298767183653	22	22	110
561	1	12	91.1487907140267	29.1596656004705	67.4669768736448	67.5298924746678	22	22	132
562	1	12	91.1487907140267	29.1596656004705	67.4669768736448	67.5299081748981	22	22	132
563	1	12	91.1487907140267	29.1596656004705	67.4669768736448	67.5299238193549	22	22	132
564	1	12	91.1487907140267	29.1596656004705	67.4669768736448	67.5299394083349	22	22	132
565	1	12	91.1487907140267	29.1596656004705	67.4669768736448	67.5299549421327	22	22	132
566	1	12	91.1487907140267	29.1596656004705	67.4669768736448	67.5299704210407	22	22	110
567	1	12	91.1487907140267	29.1596656004705	67.4669768736448	67.5299858453494	22	22	110
568	1	12	91.1487907140267	29.1596656004705	67.4669768736448	67.5300012153472	22	22	110
569	1	12	91.1487907140267	29.1596656004705	67.4669768736448	67.5300165313204	22	22	110
570	1	12	91.1487907140267	29.1596656004705	67.4669768736448	67.5300317935533	22	22	110
571	1	12	91.1487907140267	29.1596656004705	67.4669768736448	67.5300470023283	22	22	132
572	1	12	91.1487907140267	29.1596656004705	67.4669768736448	67.5300621579258	22	22	132
573	1	12	91.1487907140267	29.1596656004705	67.4669768736448	67.5300772606241	22	22	132
574	1	12	91.1487907140267	29.1596656004705	67.4669768736448	67.5300923106998	22	22	132
