"Iteration #"	"Inertia"	"Number of features"	"CV best"	"Permuted CV best"	"Global best fitness"	"Current best fitness"	"Number of features in current best agent"	"Number of features in global best"	"Number of features in local best"
1	1	40	70.2176554500753	37.2852884086184	37.6746508126347	37.6746508126347	15	40	800
2	1	19	76.3117711700283	35.4172554302061	50.7973051319325	50.7973051319325	16	16	16
3	1	16	77.5955058795429	28.9105162336702	56.9259347127548	56.9259347127548	27	27	27
4	1	20	80.6361264611668	28.4666329690385	60.0928128786593	60.0928128786593	27	27	27
5	1	25	80.6361264611668	28.4666329690385	60.3965628786593	60.3965628786593	17	27	27
6	1	25	80.6361264611668	28.4666329690385	60.3965628786593	54.0396614256771	20	27	27
7	1	27	80.6361264611668	28.4666329690385	60.7437057358021	60.7437057358021	27	27	27
8	1	27	80.6361264611668	28.4666329690385	60.8521878786593	60.8521878786593	27	27	54
9	1	26	83.1596538941692	30.1260367050593	61.937070282641	61.937070282641	23	23	23
10	1	25	81.6388216900975	26.4614845075886	62.9294104455944	62.9294104455944	26	26	26
11	1	25	81.6388216900975	26.4614845075886	62.9294104455944	55.8538776014458	25	26	25
12	1	25	81.6388216900975	26.4614845075886	62.9294104455944	58.7604646214742	19	26	19
13	1	22	83.526185809916	26.2421027482104	65.149953758476	65.149953758476	22	22	22
14	1	22	83.526185809916	26.2421027482104	65.149953758476	65.1771515606738	22	22	22
15	1	22	83.526185809916	26.2421027482104	65.149953758476	65.2007229892453	21	22	22
16	1	22	83.526185809916	26.2421027482104	65.149953758476	61.8308006060261	23	22	23
17	1	22	83.526185809916	26.2421027482104	65.149953758476	63.5496127860172	22	22	22
18	1	22	83.526185809916	26.2421027482104	65.149953758476	65.1978043200249	22	22	22
19	1	22	83.526185809916	26.2421027482104	65.149953758476	65.2122780042354	22	22	22
20	1	22	83.526185809916	26.2421027482104	65.149953758476	65.2253043200249	21	22	22
21	1	22	83.526185809916	26.2421027482104	65.149953758476	62.9827307181012	17	22	17
22	1	20	81.1786384342609	21.750343984307	65.4403036932464	65.4403036932464	13	20	20
23	1	20	81.1786384342609	21.750343984307	65.4403036932464	64.0467515601019	25	20	25
24	1	20	81.1786384342609	21.750343984307	65.4403036932464	64.0569417774932	25	20	25
25	1	20	84.7974666935423	26.0350226426571	65.9819175036301	65.9819175036301	29	25	25
26	1	20	84.7974666935423	26.0350226426571	65.9819175036301	62.9777526962027	23	25	23
27	1	20	84.7974666935423	26.0350226426571	65.9819175036301	64.1251844963044	25	25	25
28	1	20	84.7974666935423	26.0350226426571	65.9819175036301	66.0060246464872	25	25	50
29	1	20	84.7974666935423	26.0350226426571	65.9819175036301	66.0129519863887	25	25	50
30	1	25	87.2229439385202	26.1130301916657	68.0247534863908	68.0247534863908	10	24	24
31	1	25	87.2229439385202	26.1130301916657	68.0247534863908	64.5540295396114	22	24	22
32	1	25	87.2229439385202	26.1130301916657	68.0247534863908	66.3397436635179	23	24	23
33	1	25	87.2229439385202	26.1130301916657	68.0247534863908	67.0368434389534	24	24	24
34	1	25	87.2229439385202	26.1130301916657	68.0247534863908	67.041656273178	24	24	24
35	1	25	87.2229439385202	26.1130301916657	68.0247534863908	67.0461940883041	19	24	24
36	1	25	87.2229439385202	26.1130301916657	68.0247534863908	66.0064779041646	22	24	21
37	1	25	87.2229439385202	26.1130301916657	68.0247534863908	65.5032214900069	22	24	24
38	1	25	87.2229439385202	26.1130301916657	68.0247534863908	66.0588911878406	25	24	25
39	1	23	86.3880005646111	24.5845903984558	68.5794367171888	68.5794367171888	24	24	24
40	1	23	86.3880005646111	24.5845903984558	68.5794367171888	68.5828982556503	24	24	24
41	1	23	85.6597565698011	23.7515661329802	69.8646560936143	69.8646560936143	22	22	22
42	1	23	85.6597565698011	23.7515661329802	69.8646560936143	69.8675306580742	22	22	22
43	1	23	85.6597565698011	23.7515661329802	69.8646560936143	69.8702715218616	22	22	22
44	1	23	85.6597565698011	23.7515661329802	69.8646560936143	69.8728878009314	22	22	44
45	1	23	85.6597565698011	23.7515661329802	69.8646560936143	69.8753878009314	17	22	44
46	1	23	85.6597565698011	23.7515661329802	69.8646560936143	69.8777791052792	22	22	22
47	1	23	85.6597565698011	23.7515661329802	69.8646560936143	69.8800686519952	22	22	44
48	1	23	85.6597565698011	23.7515661329802	69.8646560936143	69.8822628009314	22	22	66
49	1	23	85.6597565698011	23.7515661329802	69.8646560936143	69.8843673927681	22	22	66
50	1	23	85.6597565698011	23.7515661329802	69.8646560936143	69.8863878009314	25	22	66
51	1	23	85.6597565698011	23.7515661329802	69.8646560936143	68.0988711334497	24	22	24
52	1	23	85.6597565698011	23.7515661329802	69.8646560936143	69.890195493239	22	22	22
53	1	23	85.6597565698011	23.7515661329802	69.8646560936143	69.8919915745163	22	22	22
54	1	23	85.6597565698011	23.7515661329802	69.8646560936143	69.8937211342647	22	22	22
55	1	23	85.6597565698011	23.7515661329802	69.8646560936143	69.8953878009314	24	22	22
56	1	23	85.6597565698011	23.7515661329802	69.8646560936143	69.8969949437885	22	22	44
57	1	23	85.6597565698011	23.7515661329802	69.8646560936143	69.8985456956682	22	22	44
58	1	23	85.6597565698011	23.7515661329802	69.8646560936143	69.9000429733452	22	22	66
59	1	23	85.6597565698011	23.7515661329802	69.8646560936143	69.9014894958466	22	22	66
60	1	23	85.6597565698011	23.7515661329802	69.8646560936143	69.9028878009314	17	22	66
61	1	23	85.6597565698011	23.7515661329802	69.8646560936143	69.9042402599478	22	22	44
62	1	20	88.8231679724978	25.4459541441765	71.1492940999551	71.1492940999551	20	20	20
63	1	20	88.8231679724978	25.4459541441765	71.1492940999551	71.1504461736879	20	20	20
64	1	20	88.8231679724978	25.4459541441765	71.1492940999551	71.1515622451164	20	20	20
65	1	20	88.8231679724978	25.4459541441765	71.1492940999551	71.1526439758857	13	20	20
66	1	20	88.8231679724978	25.4459541441765	71.1492940999551	69.9103878009314	19	20	44
67	1	20	88.8231679724978	25.4459541441765	71.1492940999551	69.9115072039164	22	20	22
68	1	20	88.8231679724978	25.4459541441765	71.1492940999551	69.9125936832843	22	20	22
69	1	20	88.8231679724978	25.4459541441765	71.1492940999551	69.9136486704966	21	20	66
70	1	20	88.8231679724978	25.4459541441765	71.1492940999551	69.9146735152171	22	20	22
71	1	20	88.8231679724978	25.4459541441765	71.1492940999551	69.9156694910722	22	20	66
72	1	20	88.8231679724978	25.4459541441765	71.1492940999551	69.9166378009314	22	20	66
73	1	20	88.8231679724978	25.4459541441765	71.1492940999551	69.9175795817533	22	20	66
74	1	20	88.8231679724978	25.4459541441765	71.1492940999551	69.9184959090395	22	20	66
75	1	20	88.8231679724978	25.4459541441765	71.1492940999551	69.9193878009314	19	20	88
76	1	20	88.8231679724978	25.4459541441765	71.1492940999551	69.920256221984	22	20	66
77	1	20	88.8231679724978	25.4459541441765	71.1492940999551	69.9211020866456	22	20	66
78	1	20	88.8231679724978	25.4459541441765	71.1492940999551	69.9219262624698	22	20	66
79	1	20	88.8231679724978	25.4459541441765	71.1492940999551	69.9227295730833	22	20	66
80	1	20	88.8231679724978	25.4459541441765	71.1492940999551	69.9235128009314	19	20	66
81	1	20	88.8231679724978	25.4459541441765	71.1492940999551	69.9242766898202	22	20	22
82	1	20	88.8231679724978	25.4459541441765	71.1492940999551	69.9250219472728	19	20	66
83	1	20	88.8231679724978	25.4459541441765	71.1492940999551	69.9257492467145	22	20	22
84	1	20	88.8231679724978	25.4459541441765	71.1492940999551	69.9264592295028	22	20	44
85	1	20	88.8231679724978	25.4459541441765	71.1492940999551	69.9271525068137	23	20	22
86	1	21	89.7529953154995	24.1940393930661	71.4656437176799	71.4656437176799	21	21	21
87	1	21	89.7529953154995	24.1940393930661	71.4656437176799	71.4662752333174	21	21	21
88	1	21	89.7529953154995	24.1940393930661	71.4656437176799	71.4668923963268	21	21	21
89	1	21	89.7529953154995	24.1940393930661	71.4656437176799	71.4674956905046	21	21	21
90	1	21	89.7529953154995	24.1940393930661	71.4656437176799	71.468085578145	22	21	21
91	1	21	89.7529953154995	24.1940393930661	71.4656437176799	69.9309921965358	22	21	44
92	1	21	89.7529953154995	24.1940393930661	71.4656437176799	69.9315834531053	22	21	44
93	1	21	89.7529953154995	24.1940393930661	71.4656437176799	70.9875329993153	20	21	20
94	1	21	89.7529953154995	24.1940393930661	71.4656437176799	71.3349062460539	20	21	20
95	1	21	89.7529953154995	24.1940393930661	71.4656437176799	71.3354101654268	22	21	20
96	1	21	89.7529953154995	24.1940393930661	71.4656437176799	71.1749997451164	22	21	21
97	1	21	89.7529953154995	24.1940393930661	71.4656437176799	71.4718742379388	21	21	21
98	1	21	89.7529953154995	24.1940393930661	71.4656437176799	71.4723712924307	21	21	21
99	1	21	89.7529953154995	24.1940393930661	71.4656437176799	71.4728583054177	21	21	21
100	1	21	89.7529953154995	24.1940393930661	71.4656437176799	71.473335578145	21	21	42
101	1	21	89.7529953154995	24.1940393930661	71.4656437176799	71.4738033999272	21	21	21
102	1	21	89.7529953154995	24.1940393930661	71.4656437176799	71.4742620487332	21	21	42
103	1	21	89.7529953154995	24.1940393930661	71.4656437176799	71.4747117917372	21	21	42
104	1	21	89.7529953154995	24.1940393930661	71.4656437176799	71.4751528858373	21	21	42
105	1	21	89.7529953154995	24.1940393930661	71.4656437176799	71.475585578145	21	21	42
106	1	21	89.7529953154995	24.1940393930661	71.4656437176799	71.4760101064469	21	21	42
107	1	21	89.7529953154995	24.1940393930661	71.4656437176799	71.4764266996403	21	21	63
108	1	21	89.7529953154995	24.1940393930661	71.4656437176799	71.476835578145	21	21	63
109	1	21	89.7529953154995	24.1940393930661	71.4656437176799	71.4772369542918	21	21	63
110	1	21	89.7529953154995	24.1940393930661	71.4656437176799	71.4776310326905	22	21	63
111	1	21	89.7529953154995	24.1940393930661	71.4656437176799	71.4780180105774	21	21	21
112	1	21	89.7529953154995	24.1940393930661	71.4656437176799	71.478398078145	21	21	21
113	1	21	89.7529953154995	24.1940393930661	71.4656437176799	71.478771418853	20	21	63
114	1	21	89.7529953154995	24.1940393930661	71.4656437176799	71.479138209724	21	21	42
115	1	21	89.7529953154995	24.1940393930661	71.4656437176799	71.4794986216233	21	21	63
116	1	21	89.7529953154995	24.1940393930661	71.4656437176799	71.4798528195243	21	21	42
117	1	12	89.8255466703794	22.7146623131913	72.6665459562002	72.6665459562002	20	20	20
118	1	12	89.8255466703794	22.7146623131913	72.6665459562002	72.6668719014414	20	20	20
119	1	12	89.8255466703794	22.7146623131913	72.6665459562002	72.6671923686113	20	20	20
120	1	12	89.8255466703794	22.7146623131913	72.6665459562002	72.6675074946617	21	20	20
121	1	12	89.8255466703794	22.7146623131913	72.6665459562002	72.6678174120171	20	20	20
122	1	12	89.8255466703794	22.7146623131913	72.6665459562002	72.6681222487601	20	20	40
123	1	12	89.8255466703794	22.7146623131913	72.6665459562002	72.668422128808	20	20	60
124	1	12	89.8255466703794	22.7146623131913	72.6665459562002	72.6687171720811	20	20	60
125	1	12	89.8255466703794	22.7146623131913	72.6665459562002	72.6690074946617	21	20	60
126	1	12	89.8255466703794	22.7146623131913	72.6665459562002	72.6692932089474	20	20	20
127	1	12	89.8255466703794	22.7146623131913	72.6665459562002	72.6695744237956	20	20	40
128	1	12	89.8255466703794	22.7146623131913	72.6665459562002	72.6698512446617	21	20	60
129	1	12	89.8255466703794	22.7146623131913	72.6665459562002	72.6701237737315	20	20	40
130	1	12	89.8255466703794	22.7146623131913	72.6665459562002	72.6703921100463	21	20	60
131	1	12	89.8255466703794	22.7146623131913	72.6665459562002	72.6706563496235	20	20	40
132	1	12	89.8255466703794	22.7146623131913	72.6665459562002	72.6709165855708	20	20	40
133	1	12	89.8255466703794	22.7146623131913	72.6665459562002	72.6711729081955	20	20	60
134	1	12	89.8255466703794	22.7146623131913	72.6665459562002	72.6714254051095	20	20	60
135	1	12	89.8255466703794	22.7146623131913	72.6665459562002	72.6716741613284	20	20	80
136	1	12	89.8255466703794	22.7146623131913	72.6665459562002	72.6719192593676	20	20	60
137	1	12	89.8255466703794	22.7146623131913	72.6665459562002	72.6721607793332	20	20	60
138	1	12	89.8255466703794	22.7146623131913	72.6665459562002	72.6723987990095	20	20	80
139	1	12	89.8255466703794	22.7146623131913	72.6665459562002	72.6726333939423	20	20	80
140	1	12	89.8255466703794	22.7146623131913	72.6665459562002	72.6728646375188	20	20	80
141	1	12	89.8255466703794	22.7146623131913	72.6665459562002	72.6730926010447	20	20	100
142	1	12	89.8255466703794	22.7146623131913	72.6665459562002	72.6733173538166	20	20	100
143	1	12	89.8255466703794	22.7146623131913	72.6665459562002	72.6735389631932	20	20	100
144	1	12	89.8255466703794	22.7146623131913	72.6665459562002	72.6737574946617	20	20	100
145	1	12	89.8255466703794	22.7146623131913	72.6665459562002	72.6739730119031	22	20	100
146	1	12	89.8255466703794	22.7146623131913	72.6665459562002	72.6741855768535	20	20	100
147	1	12	89.8255466703794	22.7146623131913	72.6665459562002	72.6743952497637	20	20	100
148	1	12	89.8255466703794	22.7146623131913	72.6665459562002	72.6746020892563	20	20	140
149	1	12	89.8255466703794	22.7146623131913	72.6665459562002	72.6748061523798	20	20	140
150	1	12	89.8255466703794	22.7146623131913	72.6665459562002	72.6750074946617	21	20	140
151	1	12	89.8255466703794	22.7146623131913	72.6665459562002	72.6752061701584	20	20	60
152	1	12	89.8255466703794	22.7146623131913	72.6665459562002	72.6754022315038	20	20	80
153	1	11	91.2722964687062	23.6221523479701	72.9005784530487	72.9005784530487	18	18	18
154	1	11	91.2722964687062	23.6221523479701	72.9005784530487	72.9007503399852	18	18	18
155	1	11	91.2722964687062	23.6221523479701	72.9005784530487	72.9009200090259	12	18	18
156	1	11	91.2722964687062	23.6221523479701	72.9005784530487	72.6761613408155	20	18	100
157	1	11	91.2722964687062	23.6221523479701	72.9005784530487	72.6763450742795	20	18	100
158	1	11	91.2722964687062	23.6221523479701	72.9005784530487	72.6765264820035	20	18	100
159	1	11	91.2722964687062	23.6221523479701	72.9005784530487	72.6767056078693	20	18	100
160	1	11	91.2722964687062	23.6221523479701	72.9005784530487	72.6768824946617	21	18	100
161	1	11	91.2722964687062	23.6221523479701	72.9005784530487	72.9018937617808	18	18	18
162	1	11	91.2722964687062	23.6221523479701	72.9005784530487	72.9020490412839	18	18	18
163	1	11	91.2722964687062	23.6221523479701	72.9005784530487	72.9022024155171	18	18	36
164	1	11	91.2722964687062	23.6221523479701	72.9005784530487	72.9023539193327	18	18	36
165	1	11	91.2722964687062	23.6221523479701	72.9005784530487	72.9025035867385	16	18	54
166	1	11	91.2722964687062	23.6221523479701	72.9005784530487	72.6778990609268	20	18	40
167	1	11	91.2722964687062	23.6221523479701	72.9005784530487	72.9027975442779	18	18	18
168	1	11	91.2722964687062	23.6221523479701	72.9005784530487	72.9029418984268	18	18	18
169	1	11	91.2722964687062	23.6221523479701	72.9005784530487	72.9030845442425	18	18	36
170	1	11	91.2722964687062	23.6221523479701	72.9005784530487	72.9032255118722	16	18	36
171	1	11	91.2722964687062	23.6221523479701	72.9005784530487	72.9033648307576	18	18	18
172	1	11	91.2722964687062	23.6221523479701	72.9005784530487	72.903502529656	18	18	54
173	1	11	91.2722964687062	23.6221523479701	72.9005784530487	72.9036386366597	18	18	72
174	1	11	91.2722964687062	23.6221523479701	72.9005784530487	72.903773179215	18	18	72
175	1	11	91.2722964687062	23.6221523479701	72.9005784530487	72.9039061841411	19	18	72
176	1	11	91.2722964687062	23.6221523479701	72.9005784530487	72.9040376776476	18	18	18
177	1	11	91.2722964687062	23.6221523479701	72.9005784530487	72.9041676853517	18	18	18
178	1	11	91.2722964687062	23.6221523479701	72.9005784530487	72.9042962322952	18	18	18
179	1	11	91.2722964687062	23.6221523479701	72.9005784530487	72.9044233429599	18	18	36
180	1	11	91.2722964687062	23.6221523479701	72.9005784530487	72.9045490412839	18	18	36
181	1	11	91.2722964687062	23.6221523479701	72.9005784530487	72.9046733506762	18	18	36
182	1	11	91.2722964687062	23.6221523479701	72.9005784530487	72.9047962940312	18	18	36
183	1	11	91.2722964687062	23.6221523479701	72.9005784530487	72.904917893743	18	18	72
184	1	11	91.2722964687062	23.6221523479701	72.9005784530487	72.9050381717187	18	18	72
185	1	11	91.2722964687062	23.6221523479701	72.9005784530487	72.9051571493921	18	18	72
186	1	11	91.2722964687062	23.6221523479701	72.9005784530487	72.9052748477356	18	18	54
187	1	11	91.2722964687062	23.6221523479701	72.9005784530487	72.9053912872732	18	18	54
188	1	11	91.2722964687062	23.6221523479701	72.9005784530487	72.9055064880925	18	18	54
189	1	11	91.2722964687062	23.6221523479701	72.9005784530487	72.9056204698554	18	18	72
190	1	11	91.2722964687062	23.6221523479701	72.9005784530487	72.9057332518103	18	18	72
191	1	11	91.2722964687062	23.6221523479701	72.9005784530487	72.9058448528023	18	18	36
192	1	11	91.2722964687062	23.6221523479701	72.9005784530487	72.9059552912839	18	18	36
193	1	11	91.2722964687062	23.6221523479701	72.9005784530487	72.9060645853254	18	18	36
194	1	11	91.2722964687062	23.6221523479701	72.9005784530487	72.9061727526241	18	18	36
195	1	11	91.2722964687062	23.6221523479701	72.9005784530487	72.9062798105147	19	18	54
196	1	11	91.2722964687062	23.6221523479701	72.9005784530487	72.9063857759778	18	18	72
197	1	11	91.2722964687062	23.6221523479701	72.9005784530487	72.9064906656494	19	18	90
198	1	11	91.2722964687062	23.6221523479701	72.9005784530487	72.9065944958294	18	18	54
199	1	11	91.2722964687062	23.6221523479701	72.9005784530487	72.90669728249	18	18	72
200	1	11	91.2722964687062	23.6221523479701	72.9005784530487	72.9067990412839	17	18	72
201	1	11	91.2722964687062	23.6221523479701	72.9005784530487	72.9068997875526	18	18	54
202	1	11	91.2722964687062	23.6221523479701	72.9005784530487	72.9069995363334	18	18	72
203	1	11	91.2722964687062	23.6221523479701	72.9005784530487	72.9070983023677	18	18	72
204	1	11	91.2722964687062	23.6221523479701	72.9005784530487	72.9071961001075	18	18	72
205	1	11	91.2722964687062	23.6221523479701	72.9005784530487	72.907292943723	18	18	72
206	1	11	91.2722964687062	23.6221523479701	72.9005784530487	72.9073888471092	18	18	36
207	1	11	91.2722964687062	23.6221523479701	72.9005784530487	72.9074838238926	18	18	54
208	1	11	91.2722964687062	23.6221523479701	72.9005784530487	72.9075778874378	18	18	54
209	1	11	91.2722964687062	23.6221523479701	72.9005784530487	72.9076710508533	18	18	54
210	1	11	91.2722964687062	23.6221523479701	72.9005784530487	72.9077633269982	18	18	54
211	1	11	91.2722964687062	23.6221523479701	72.9005784530487	72.9078547284877	18	18	54
212	1	11	91.2722964687062	23.6221523479701	72.9005784530487	72.907945267699	18	18	54
213	1	11	91.2722964687062	23.6221523479701	72.9005784530487	72.9080349567769	18	18	54
214	1	11	91.2722964687062	23.6221523479701	72.9005784530487	72.9081238076391	18	18	54
215	1	11	91.2722964687062	23.6221523479701	72.9005784530487	72.9082118319816	20	18	72
216	1	11	91.2722964687062	23.6221523479701	72.9005784530487	72.9082990412839	18	18	72
217	1	11	91.2722964687062	23.6221523479701	72.9005784530487	72.9083854468139	18	18	72
218	1	11	91.2722964687062	23.6221523479701	72.9005784530487	72.9084710596326	18	18	108
219	1	11	91.2722964687062	23.6221523479701	72.9005784530487	72.908555890599	18	18	108
220	1	11	91.2722964687062	23.6221523479701	72.9005784530487	72.9086399503748	16	18	72
221	1	11	91.2722964687062	23.6221523479701	72.9005784530487	72.9087232494287	18	18	54
222	1	11	91.2722964687062	23.6221523479701	72.9005784530487	72.9088057980407	18	18	72
223	1	11	91.2722964687062	23.6221523479701	72.9005784530487	72.9088876063064	18	18	72
224	1	11	91.2722964687062	23.6221523479701	72.9005784530487	72.9089686841411	18	18	72
225	1	11	91.2722964687062	23.6221523479701	72.9005784530487	72.9090490412839	18	18	72
226	1	11	91.2722964687062	23.6221523479701	72.9005784530487	72.9091286873016	18	18	36
227	1	11	91.2722964687062	23.6221523479701	72.9005784530487	72.9092076315923	18	18	54
228	1	11	91.2722964687062	23.6221523479701	72.9005784530487	72.9092858833892	18	18	54
229	1	11	91.2722964687062	23.6221523479701	72.9005784530487	72.9093634517643	18	18	54
230	1	11	91.2722964687062	23.6221523479701	72.9005784530487	72.9094403456318	18	18	54
231	1	11	91.2722964687062	23.6221523479701	72.9005784530487	72.9095165737515	18	18	54
232	1	11	91.2722964687062	23.6221523479701	72.9005784530487	72.9095921447322	18	18	54
233	1	11	91.2722964687062	23.6221523479701	72.9005784530487	72.909667067035	18	18	54
234	1	11	91.2722964687062	23.6221523479701	72.9005784530487	72.9097413489762	18	18	54
235	1	18	93.3113823031302	25.0025331956874	73.8200850033689	73.8200850033689	10	18	18
236	1	18	93.3113823031302	25.0025331956874	73.8200850033689	72.9098880243348	18	18	72
237	1	18	93.3113823031302	25.0025331956874	73.8200850033689	72.909960433689	18	18	90
238	1	18	93.3113823031302	25.0025331956874	73.8200850033689	72.9100322345613	17	18	108
239	1	18	93.3113823031302	25.0025331956874	73.8200850033689	72.9101034345894	18	18	90
240	1	18	93.3113823031302	25.0025331956874	73.8200850033689	72.9101740412839	19	18	108
241	1	18	93.3113823031302	25.0025331956874	73.8200850033689	72.9102440620308	18	18	36
242	1	18	93.3113823031302	25.0025331956874	73.8200850033689	72.9103135040938	18	18	36
243	1	18	93.3113823031302	25.0025331956874	73.8200850033689	72.9103823746173	19	18	54
244	1	18	93.3113823031302	25.0025331956874	73.8200850033689	72.9104506806282	18	18	54
245	1	18	93.3113823031302	25.0025331956874	73.8200850033689	72.910518429039	19	18	54
246	1	18	93.3113823031302	25.0025331956874	73.8200850033689	73.0935856320809	13	18	18
247	1	18	93.3113823031302	25.0025331956874	73.8200850033689	72.9106522801503	18	18	18
248	1	18	93.3113823031302	25.0025331956874	73.8200850033689	72.9107183961226	18	18	18
249	1	18	93.3113823031302	25.0025331956874	73.8200850033689	72.910783981043	18	18	18
250	1	18	93.3113823031302	25.0025331956874	73.8200850033689	72.9108490412839	18	18	18
251	1	18	93.3113823031302	25.0025331956874	73.8200850033689	72.9109135831166	18	18	54
252	1	18	93.3113823031302	25.0025331956874	73.8200850033689	72.9109776127125	18	18	36
253	1	18	93.3113823031302	25.0025331956874	73.8200850033689	72.9110411361456	18	18	54
254	1	18	93.3113823031302	25.0025331956874	73.8200850033689	72.9111041593942	18	18	36
255	1	18	93.3113823031302	25.0025331956874	73.8200850033689	73.8214366929809	12	18	18
256	1	18	93.3113823031302	25.0025331956874	73.8200850033689	72.9112287287839	18	18	18
257	1	18	93.3113823031302	25.0025331956874	73.8200850033689	72.9112902864201	18	18	54
258	1	18	93.3113823031302	25.0025331956874	73.8200850033689	72.9113513668653	18	18	54
259	1	18	93.3113823031302	25.0025331956874	73.8200850033689	72.9114119756469	18	18	54
260	1	18	93.3113823031302	25.0025331956874	73.8200850033689	72.911472118207	20	18	54
261	1	18	93.3113823031302	25.0025331956874	73.8200850033689	72.9115317999046	17	18	54
262	1	18	93.3113823031302	25.0025331956874	73.8200850033689	72.9115910260168	17	18	54
263	1	18	93.3113823031302	25.0025331956874	73.8200850033689	72.9116498017402	18	18	36
264	1	18	93.3113823031302	25.0025331956874	73.8200850033689	72.911708132193	18	18	54
265	1	18	93.3113823031302	25.0025331956874	73.8200850033689	72.911766022416	19	18	72
266	1	18	93.3113823031302	25.0025331956874	73.8200850033689	72.9118234773742	19	18	36
267	1	18	93.3113823031302	25.0025331956874	73.8200850033689	72.9118805019581	18	18	18
268	1	18	93.3113823031302	25.0025331956874	73.8200850033689	72.9119371009854	18	18	54
269	1	18	93.3113823031302	25.0025331956874	73.8200850033689	72.9119932792022	18	18	54
270	1	18	93.3113823031302	25.0025331956874	73.8200850033689	72.9120490412839	19	18	36
271	1	18	93.3113823031302	25.0025331956874	73.8200850033689	72.9121043918374	18	18	18
272	1	18	93.3113823031302	25.0025331956874	73.8200850033689	72.9121593354016	18	18	36
273	1	18	93.3113823031302	25.0025331956874	73.8200850033689	72.9122138764488	18	18	54
274	1	18	93.3113823031302	25.0025331956874	73.8200850033689	72.9122680193861	18	18	54
275	1	18	93.3113823031302	25.0025331956874	73.8200850033689	72.9123217685567	20	18	54
276	1	18	93.3113823031302	25.0025331956874	73.8200850033689	72.9123751282405	17	18	54
277	1	18	93.3113823031302	25.0025331956874	73.8200850033689	72.9124281026558	18	18	36
278	1	18	93.3113823031302	25.0025331956874	73.8200850033689	72.9124806959602	18	18	72
279	1	18	93.3113823031302	25.0025331956874	73.8200850033689	72.9125329122517	20	18	72
280	1	18	93.3113823031302	25.0025331956874	73.8200850033689	72.9125847555697	18	18	54
281	1	18	93.3113823031302	25.0025331956874	73.8200850033689	73.8229062345342	18	18	18
282	1	18	93.3113823031302	25.0025331956874	73.8200850033689	73.8229573437944	18	18	18
283	1	18	93.3113823031302	25.0025331956874	73.8200850033689	73.8230080918585	18	18	18
284	1	18	93.3113823031302	25.0025331956874	73.8200850033689	73.8230584825418	18	18	18
285	1	18	93.3113823031302	25.0025331956874	73.8200850033689	73.8231085196063	19	18	18
286	1	18	93.3113823031302	25.0025331956874	73.8200850033689	72.9128882021231	19	18	36
287	1	18	93.3113823031302	25.0025331956874	73.8200850033689	73.8232075476642	18	18	18
288	1	18	93.3113823031302	25.0025331956874	73.8200850033689	73.8232565459221	18	18	18
289	1	18	93.3113823031302	25.0025331956874	73.8200850033689	73.8233052050916	18	18	18
290	1	18	93.3113823031302	25.0025331956874	73.8200850033689	73.8233535286807	15	18	18
291	1	18	93.3113823031302	25.0025331956874	73.8200850033689	72.6895435771359	20	18	60
292	1	18	93.3113823031302	25.0025331956874	73.8200850033689	72.6895965357576	20	18	60
293	1	18	93.3113823031302	25.0025331956874	73.8200850033689	72.689649132887	20	18	60
294	1	18	93.3113823031302	25.0025331956874	73.8200850033689	72.6897013722127	20	18	60
295	1	18	93.3113823031302	25.0025331956874	73.8200850033689	72.6897532573736	20	18	60
296	1	18	93.3113823031302	25.0025331956874	73.8200850033689	72.9133666088515	17	18	72
297	1	18	93.3113823031302	25.0025331956874	73.8200850033689	72.9134126776476	18	18	36
298	1	18	93.3113823031302	25.0025331956874	73.8200850033689	73.8237284418952	18	18	18
299	1	18	93.3113823031302	25.0025331956874	73.8200850033689	73.8237738954204	18	18	36
300	1	18	93.3113823031302	25.0025331956874	73.8200850033689	73.8238190459221	20	18	54
301	1	18	93.3113823031302	25.0025331956874	73.8200850033689	72.9135938917823	18	18	18
302	1	18	93.3113823031302	25.0025331956874	73.8200850033689	72.9136384452574	19	18	36
303	1	18	93.3113823031302	25.0025331956874	73.8200850033689	72.9136827046503	18	18	18
304	1	18	93.3113823031302	25.0025331956874	73.8200850033689	72.9137266728629	19	18	36
305	1	18	93.3113823031302	25.0025331956874	73.8200850033689	72.9137703527593	18	18	18
306	1	18	93.3113823031302	25.0025331956874	73.8200850033689	73.8240837518044	18	18	18
307	1	18	93.3113823031302	25.0025331956874	73.8200850033689	73.8241268635116	18	18	18
308	1	18	93.3113823031302	25.0025331956874	73.8200850033689	73.8241696952727	18	18	18
309	1	18	93.3113823031302	25.0025331956874	73.8200850033689	73.8242122498056	18	18	18
310	1	18	93.3113823031302	25.0025331956874	73.8200850033689	73.824254529793	18	18	18
311	1	18	93.3113823031302	25.0025331956874	73.8200850033689	73.8242965378835	18	18	18
312	1	18	93.3113823031302	25.0025331956874	73.8200850033689	73.8243382766913	18	18	54
313	1	18	93.3113823031302	25.0025331956874	73.8200850033689	73.8243797487975	18	18	36
314	1	18	93.3113823031302	25.0025331956874	73.8200850033689	73.8244209567501	18	18	36
315	1	18	93.3113823031302	25.0025331956874	73.8200850033689	73.8244619030649	15	18	36
316	1	18	93.3113823031302	25.0025331956874	73.8200850033689	73.8245025902259	18	18	18
317	1	18	93.3113823031302	25.0025331956874	73.8200850033689	73.8245430206855	18	18	18
318	1	18	93.3113823031302	25.0025331956874	73.8200850033689	73.8245831968655	18	18	36
319	1	18	93.3113823031302	25.0025331956874	73.8200850033689	73.8246231211572	18	18	36
320	1	18	93.3113823031302	25.0025331956874	73.8200850033689	73.8246627959221	15	18	36
321	1	18	93.3113823031302	25.0025331956874	73.8200850033689	72.914432218854	19	18	36
322	1	18	93.3113823031302	25.0025331956874	73.8200850033689	73.8247414061705	18	18	18
323	1	18	93.3113823031302	25.0025331956874	73.8200850033689	73.8247803462317	18	18	18
324	1	18	93.3113823031302	25.0025331956874	73.8200850033689	73.8248190459221	18	18	36
325	1	18	93.3113823031302	25.0025331956874	73.8200850033689	73.8248575074605	18	18	36
326	1	18	93.3113823031302	25.0025331956874	73.8200850033689	73.8248957330386	18	18	36
327	1	18	93.3113823031302	25.0025331956874	73.8200850033689	73.8249337248212	18	18	36
328	1	18	93.3113823031302	25.0025331956874	73.8200850033689	73.8249714849464	18	18	36
329	1	18	93.3113823031302	25.0025331956874	73.8200850033689	73.8250090155269	18	18	36
330	1	18	93.3113823031302	25.0025331956874	73.8200850033689	73.8250463186493	18	18	36
331	1	18	93.3113823031302	25.0025331956874	73.8200850033689	73.8250833963752	18	18	18
332	1	18	93.3113823031302	25.0025331956874	73.8200850033689	73.8251202507413	17	18	36
333	1	18	93.3113823031302	25.0025331956874	73.8200850033689	73.8251568837599	18	18	36
334	1	18	93.3113823031302	25.0025331956874	73.8200850033689	73.8251932974191	16	18	54
335	1	18	93.3113823031302	25.0025331956874	73.8200850033689	73.8252294936833	16	18	36
336	1	18	93.3113823031302	25.0025331956874	73.8200850033689	73.8252654744935	18	18	18
337	1	18	93.3113823031302	25.0025331956874	73.8200850033689	73.8253012417678	18	18	36
338	1	18	93.3113823031302	25.0025331956874	73.8200850033689	73.8253367974013	18	18	36
339	1	18	93.3113823031302	25.0025331956874	73.8200850033689	73.8253721432672	18	18	36
340	1	18	93.3113823031302	25.0025331956874	73.8200850033689	73.8254072812162	15	18	36
341	1	18	93.3113823031302	25.0025331956874	73.8200850033689	72.9151722084394	18	18	18
342	1	18	93.3113823031302	25.0025331956874	73.8200850033689	73.8254769406589	18	18	18
343	1	18	93.3113823031302	25.0025331956874	73.8200850033689	73.8255114657471	18	18	18
344	1	18	93.3113823031302	25.0025331956874	73.8200850033689	73.8255457901081	18	18	18
345	1	18	93.3113823031302	25.0025331956874	73.8200850033689	73.8255799154873	14	18	18
346	1	18	93.3113823031302	25.0025331956874	73.8200850033689	73.8256138436099	18	18	18
347	1	18	93.3113823031302	25.0025331956874	73.8200850033689	73.8256475761814	18	18	36
348	1	18	93.3113823031302	25.0025331956874	73.8200850033689	73.8256811148876	18	18	36
349	1	18	93.3113823031302	25.0025331956874	73.8200850033689	73.8257144613948	18	18	36
350	1	18	93.3113823031302	25.0025331956874	73.8200850033689	73.8257476173506	19	18	36
351	1	18	93.3113823031302	25.0025331956874	73.8200850033689	73.8257805843836	18	18	18
352	1	18	93.3113823031302	25.0025331956874	73.8200850033689	73.8258133641039	18	18	18
353	1	18	93.3113823031302	25.0025331956874	73.8200850033689	73.8258459581034	17	18	36
354	1	18	93.3113823031302	25.0025331956874	73.8200850033689	73.825878367956	18	18	54
355	1	18	93.3113823031302	25.0025331956874	73.8200850033689	73.8259105952178	18	18	72
356	1	18	93.3113823031302	25.0025331956874	73.8200850033689	73.8259426414277	18	18	18
357	1	18	93.3113823031302	25.0025331956874	73.8200850033689	73.8259745081069	18	18	18
358	1	18	93.3113823031302	25.0025331956874	73.8200850033689	73.82600619676	18	18	18
359	1	18	93.3113823031302	25.0025331956874	73.8200850033689	73.8260377088747	18	18	36
360	1	18	93.3113823031302	25.0025331956874	73.8200850033689	73.8260690459221	18	18	36
361	1	18	93.3113823031302	25.0025331956874	73.8200850033689	73.826100209357	18	18	36
362	1	18	93.3113823031302	25.0025331956874	73.8200850033689	73.8261312006182	18	18	36
363	1	18	93.3113823031302	25.0025331956874	73.8200850033689	73.8261620211287	18	18	36
364	1	18	93.3113823031302	25.0025331956874	73.8200850033689	73.8261926722957	18	18	36
365	1	18	93.3113823031302	25.0025331956874	73.8200850033689	73.8262231555111	19	18	36
366	1	18	93.3113823031302	25.0025331956874	73.8200850033689	73.8262534721516	18	18	18
367	1	18	93.3113823031302	25.0025331956874	73.8200850033689	73.8262836235787	17	18	72
368	1	18	93.3113823031302	25.0025331956874	73.8200850033689	73.8263136111395	18	18	36
369	1	18	93.3113823031302	25.0025331956874	73.8200850033689	73.826343436166	18	18	36
370	1	18	93.3113823031302	25.0025331956874	73.8200850033689	73.8263730999761	16	18	36
371	1	18	93.3113823031302	25.0025331956874	73.8200850033689	73.8264026038735	18	18	18
372	1	18	93.3113823031302	25.0025331956874	73.8200850033689	73.8264319491479	18	18	36
373	1	18	93.3113823031302	25.0025331956874	73.8200850033689	73.8264611370749	18	18	36
374	1	18	93.3113823031302	25.0025331956874	73.8200850033689	73.8264901689167	18	18	36
375	1	18	93.3113823031302	25.0025331956874	73.8200850033689	73.8265190459221	16	18	36
376	1	18	93.3113823031302	25.0025331956874	73.8200850033689	73.8265477693263	18	18	18
377	1	18	93.3113823031302	25.0025331956874	73.8200850033689	73.8265763403518	18	18	36
378	1	18	93.3113823031302	25.0025331956874	73.8200850033689	73.8266047602078	18	18	36
379	1	18	93.3113823031302	25.0025331956874	73.8200850033689	73.8266330300909	18	18	36
380	1	18	93.3113823031302	25.0025331956874	73.8200850033689	73.8266611511852	18	18	54
381	1	18	93.3113823031302	25.0025331956874	73.8200850033689	73.8266891246622	18	18	54
382	1	18	93.3113823031302	25.0025331956874	73.8200850033689	73.8267169516812	18	18	54
383	1	18	93.3113823031302	25.0025331956874	73.8200850033689	73.8267446333894	18	18	54
384	1	18	93.3113823031302	25.0025331956874	73.8200850033689	73.8267721709221	18	18	54
385	1	18	93.3113823031302	25.0025331956874	73.8200850033689	73.8267995654026	18	18	54
386	1	18	93.3113823031302	25.0025331956874	73.8200850033689	73.8268268179428	18	18	36
387	1	18	93.3113823031302	25.0025331956874	73.8200850033689	73.826853929643	18	18	36
388	1	18	93.3113823031302	25.0025331956874	73.8200850033689	73.8268809015922	18	18	72
389	1	18	93.3113823031302	25.0025331956874	73.8200850033689	73.8269077348681	17	18	72
390	1	18	93.3113823031302	25.0025331956874	73.8200850033689	73.8269344305374	18	18	54
391	1	18	93.3113823031302	25.0025331956874	73.8200850033689	73.8269609896561	18	18	36
392	1	18	93.3113823031302	25.0025331956874	73.8200850033689	73.826987413269	18	18	54
393	1	18	93.3113823031302	25.0025331956874	73.8200850033689	73.8270137024106	18	18	54
394	1	18	93.3113823031302	25.0025331956874	73.8200850033689	73.8270398581048	18	18	54
395	1	18	93.3113823031302	25.0025331956874	73.8200850033689	73.8270658813651	18	18	54
396	1	18	93.3113823031302	25.0025331956874	73.8200850033689	73.8270917731948	18	18	18
397	1	18	93.3113823031302	25.0025331956874	73.8200850033689	73.827117534587	18	18	36
398	1	18	93.3113823031302	25.0025331956874	73.8200850033689	73.8271431665251	18	18	36
399	1	18	93.3113823031302	25.0025331956874	73.8200850033689	73.8271686699822	18	18	54
400	1	18	93.3113823031302	25.0025331956874	73.8200850033689	73.8271940459221	17	18	54
401	1	18	93.3113823031302	25.0025331956874	73.8200850033689	73.8272192952986	18	18	36
402	1	18	93.3113823031302	25.0025331956874	73.8200850033689	73.8272444190564	18	18	36
403	1	18	93.3113823031302	25.0025331956874	73.8200850033689	73.8272694181305	18	18	54
404	1	18	93.3113823031302	25.0025331956874	73.8200850033689	73.8272942934468	18	18	54
405	1	18	93.3113823031302	25.0025331956874	73.8200850033689	73.8273190459221	17	18	72
406	1	18	93.3113823031302	25.0025331956874	73.8200850033689	73.8273436764639	18	18	36
407	1	18	93.3113823031302	25.0025331956874	73.8200850033689	73.8273681859712	18	18	36
408	1	18	93.3113823031302	25.0025331956874	73.8200850033689	73.8273925753338	18	18	72
409	1	18	93.3113823031302	25.0025331956874	73.8200850033689	73.8274168454331	18	18	72
410	1	18	93.3113823031302	25.0025331956874	73.8200850033689	73.8274409971416	18	18	72
411	1	18	93.3113823031302	25.0025331956874	73.8200850033689	73.8274650313235	18	18	36
412	1	18	93.3113823031302	25.0025331956874	73.8200850033689	73.8274889488347	18	18	36
413	1	18	93.3113823031302	25.0025331956874	73.8200850033689	73.8275127505225	18	18	36
414	1	18	93.3113823031302	25.0025331956874	73.8200850033689	73.8275364372264	18	18	54
415	1	18	93.3113823031302	25.0025331956874	73.8200850033689	73.8275600097775	18	18	54
416	1	18	93.3113823031302	25.0025331956874	73.8200850033689	73.827583468999	18	18	54
417	1	18	93.3113823031302	25.0025331956874	73.8200850033689	73.8276068157062	18	18	54
418	1	18	93.3113823031302	25.0025331956874	73.8200850033689	73.8276300507067	18	18	54
419	1	18	93.3113823031302	25.0025331956874	73.8200850033689	73.8276531748003	18	18	54
420	1	18	93.3113823031302	25.0025331956874	73.8200850033689	73.8276761887792	19	18	54
421	1	18	93.3113823031302	25.0025331956874	73.8200850033689	73.827699093428	18	18	36
422	1	18	93.3113823031302	25.0025331956874	73.8200850033689	73.827721889524	17	18	54
423	1	18	93.3113823031302	25.0025331956874	73.8200850033689	73.827744577837	17	18	54
424	1	18	93.3113823031302	25.0025331956874	73.8200850033689	73.8277671591296	18	18	36
425	1	18	93.3113823031302	25.0025331956874	73.8200850033689	73.8277896341574	16	18	36
426	1	18	93.3113823031302	25.0025331956874	73.8200850033689	73.8278120036685	18	18	36
427	1	18	93.3113823031302	25.0025331956874	73.8200850033689	73.8278342684045	18	18	54
428	1	18	93.3113823031302	25.0025331956874	73.8200850033689	73.8278564290996	18	18	54
429	1	18	93.3113823031302	25.0025331956874	73.8200850033689	73.8278784864815	18	18	54
430	1	18	93.3113823031302	25.0025331956874	73.8200850033689	73.8279004412709	18	18	54
431	1	18	93.3113823031302	25.0025331956874	73.8200850033689	73.8279222941819	18	18	18
432	1	18	93.3113823031302	25.0025331956874	73.8200850033689	73.8279440459221	18	18	36
433	1	18	93.3113823031302	25.0025331956874	73.8200850033689	73.8279656971923	18	18	36
434	1	18	93.3113823031302	25.0025331956874	73.8200850033689	73.827987248687	18	18	36
435	1	18	93.3113823031302	25.0025331956874	73.8200850033689	73.8280087010945	18	18	54
436	1	18	93.3113823031302	25.0025331956874	73.8200850033689	73.8280300550964	18	18	72
437	1	18	93.3113823031302	25.0025331956874	73.8200850033689	73.8280513113683	18	18	72
438	1	18	93.3113823031302	25.0025331956874	73.8200850033689	73.8280724705796	18	18	72
439	1	18	93.3113823031302	25.0025331956874	73.8200850033689	73.8280935333936	18	18	72
440	1	18	93.3113823031302	25.0025331956874	73.8200850033689	73.8281145004675	18	18	72
441	1	18	93.3113823031302	25.0025331956874	73.8200850033689	73.8281353724527	18	18	36
442	1	18	93.3113823031302	25.0025331956874	73.8200850033689	73.8281561499945	18	18	36
443	1	18	93.3113823031302	25.0025331956874	73.8200850033689	73.8281768337324	18	18	72
444	1	18	93.3113823031302	25.0025331956874	73.8200850033689	73.8281974243004	17	18	72
445	1	18	93.3113823031302	25.0025331956874	73.8200850033689	73.8282179223266	18	18	54
446	1	18	93.3113823031302	25.0025331956874	73.8200850033689	73.8282383284333	18	18	36
447	1	18	93.3113823031302	25.0025331956874	73.8200850033689	73.8282586432375	18	18	54
448	1	18	93.3113823031302	25.0025331956874	73.8200850033689	73.8282788673506	18	18	54
449	1	18	93.3113823031302	25.0025331956874	73.8200850033689	73.8282990013786	18	18	54
450	1	18	93.3113823031302	25.0025331956874	73.8200850033689	73.8283190459221	18	18	54
451	1	18	93.3113823031302	25.0025331956874	73.8200850033689	73.8283390015762	18	18	18
452	1	18	93.3113823031302	25.0025331956874	73.8200850033689	73.8283588689309	18	18	36
453	1	18	93.3113823031302	25.0025331956874	73.8200850033689	73.8283786485711	18	18	36
454	1	18	93.3113823031302	25.0025331956874	73.8200850033689	73.8283983410763	18	18	36
455	1	18	93.3113823031302	25.0025331956874	73.8200850033689	73.828417947021	17	18	54
456	1	18	93.3113823031302	25.0025331956874	73.8200850033689	73.8284374669747	18	18	54
457	1	18	93.3113823031302	25.0025331956874	73.8200850033689	73.8284569015019	18	18	54
458	1	18	93.3113823031302	25.0025331956874	73.8200850033689	73.8284762511622	18	18	72
459	1	18	93.3113823031302	25.0025331956874	73.8200850033689	73.8284955165103	18	18	72
460	1	18	93.3113823031302	25.0025331956874	73.8200850033689	73.828514698096	18	18	90
461	1	18	93.3113823031302	25.0025331956874	73.8200850033689	73.8285337964644	18	18	54
462	1	18	93.3113823031302	25.0025331956874	73.8200850033689	73.8285528121558	18	18	54
463	1	18	93.3113823031302	25.0025331956874	73.8200850033689	73.8285717457061	18	18	72
464	1	18	93.3113823031302	25.0025331956874	73.8200850033689	73.8285905976462	18	18	108
465	1	18	93.3113823031302	25.0025331956874	73.8200850033689	73.8286093685027	18	18	108
466	1	18	93.3113823031302	25.0025331956874	73.8200850033689	73.8286280587976	18	18	36
467	1	18	93.3113823031302	25.0025331956874	73.8200850033689	73.8286466690484	18	18	36
468	1	18	93.3113823031302	25.0025331956874	73.8200850033689	73.8286651997682	18	18	36
469	1	18	93.3113823031302	25.0025331956874	73.8200850033689	73.8286836514658	18	18	36
470	1	18	93.3113823031302	25.0025331956874	73.8200850033689	73.8287020246455	18	18	36
471	1	18	93.3113823031302	25.0025331956874	73.8200850033689	73.8287203198074	18	18	72
472	1	18	93.3113823031302	25.0025331956874	73.8200850033689	73.8287385374475	18	18	72
473	1	18	93.3113823031302	25.0025331956874	73.8200850033689	73.8287566780574	18	18	72
474	1	18	93.3113823031302	25.0025331956874	73.8200850033689	73.8287747421246	18	18	72
475	1	18	93.3113823031302	25.0025331956874	73.8200850033689	73.8287927301326	19	18	72
476	1	18	93.3113823031302	25.0025331956874	73.8200850033689	73.8288106425607	18	18	54
477	1	18	93.3113823031302	25.0025331956874	73.8200850033689	73.8288284798843	17	18	72
478	1	18	93.3113823031302	25.0025331956874	73.8200850033689	73.8288462425748	17	18	54
479	1	18	93.3113823031302	25.0025331956874	73.8200850033689	73.8288639310995	18	18	36
480	1	18	93.3113823031302	25.0025331956874	73.8200850033689	73.8288815459221	18	18	36
481	1	18	93.3113823031302	25.0025331956874	73.8200850033689	73.8288990875021	18	18	54
482	1	18	93.3113823031302	25.0025331956874	73.8200850033689	73.8289165562955	18	18	54
483	1	18	93.3113823031302	25.0025331956874	73.8200850033689	73.8289339527544	18	18	54
484	1	18	93.3113823031302	25.0025331956874	73.8200850033689	73.828951277327	18	18	54
485	1	18	93.3113823031302	25.0025331956874	73.8200850033689	73.8289685304581	18	18	72
486	1	18	93.3113823031302	25.0025331956874	73.8200850033689	73.8289857125887	18	18	18
487	1	18	93.3113823031302	25.0025331956874	73.8200850033689	73.8290028241561	18	18	18
488	1	18	93.3113823031302	25.0025331956874	73.8200850033689	73.8290198655942	18	18	36
489	1	18	93.3113823031302	25.0025331956874	73.8200850033689	73.8290368373331	18	18	36
490	1	18	93.3113823031302	25.0025331956874	73.8200850033689	73.8290537397996	18	18	36
491	1	18	93.3113823031302	25.0025331956874	73.8200850033689	73.829070573417	18	18	72
492	1	18	93.3113823031302	25.0025331956874	73.8200850033689	73.829087338605	18	18	72
493	1	18	93.3113823031302	25.0025331956874	73.8200850033689	73.8291040357801	18	18	72
494	1	18	93.3113823031302	25.0025331956874	73.8200850033689	73.8291206653553	18	18	72
495	1	18	93.3113823031302	25.0025331956874	73.8200850033689	73.8291372277402	17	18	72
496	1	18	93.3113823031302	25.0025331956874	73.8200850033689	73.8291537233414	18	18	54
497	1	18	93.3113823031302	25.0025331956874	73.8200850033689	73.8291701525619	18	18	54
498	1	18	93.3113823031302	25.0025331956874	73.8200850033689	73.8291865158016	18	18	90
499	1	18	93.3113823031302	25.0025331956874	73.8200850033689	73.8292028134571	17	18	90
500	1	18	93.3113823031302	25.0025331956874	73.8200850033689	73.8292190459221	18	18	72
501	1	18	93.3113823031302	25.0025331956874	73.8200850033689	73.8292352135867	18	18	54
502	1	18	93.3113823031302	25.0025331956874	73.8200850033689	73.8292513168384	18	18	72
503	1	18	93.3113823031302	25.0025331956874	73.8200850033689	73.8292673560612	18	18	72
504	1	18	93.3113823031302	25.0025331956874	73.8200850033689	73.8292833316363	18	18	72
505	1	18	93.3113823031302	25.0025331956874	73.8200850033689	73.8292992439419	18	18	72
506	1	18	93.3113823031302	25.0025331956874	73.8200850033689	73.8293150933529	18	18	18
507	1	18	93.3113823031302	25.0025331956874	73.8200850033689	73.8293308802416	18	18	36
508	1	18	93.3113823031302	25.0025331956874	73.8200850033689	73.8293466049772	18	18	36
509	1	18	93.3113823031302	25.0025331956874	73.8200850033689	73.829362267926	18	18	36
510	1	18	93.3113823031302	25.0025331956874	73.8200850033689	73.8293778694515	18	18	36
511	1	18	93.3113823031302	25.0025331956874	73.8200850033689	73.8293934099142	18	18	54
512	1	18	93.3113823031302	25.0025331956874	73.8200850033689	73.8294088896721	18	18	54
513	1	18	93.3113823031302	25.0025331956874	73.8200850033689	73.82942430908	18	18	54
514	1	18	93.3113823031302	25.0025331956874	73.8200850033689	73.8294396684902	18	18	72
515	1	18	93.3113823031302	25.0025331956874	73.8200850033689	73.8294549682522	16	18	72
516	1	18	93.3113823031302	25.0025331956874	73.8200850033689	73.8294702087128	18	18	54
517	1	18	93.3113823031302	25.0025331956874	73.8200850033689	73.8294853902161	18	18	54
518	1	18	93.3113823031302	25.0025331956874	73.8200850033689	73.8295005131035	18	18	90
519	1	18	93.3113823031302	25.0025331956874	73.8200850033689	73.829515577714	18	18	90
520	1	18	93.3113823031302	25.0025331956874	73.8200850033689	73.8295305843836	17	18	90
521	1	18	93.3113823031302	25.0025331956874	73.8200850033689	73.8295455334461	18	18	18
522	1	18	93.3113823031302	25.0025331956874	73.8200850033689	73.8295604252324	18	18	18
523	1	18	93.3113823031302	25.0025331956874	73.8200850033689	73.8295752600712	18	18	18
524	1	18	93.3113823031302	25.0025331956874	73.8200850033689	73.8295900382885	18	18	36
525	1	18	93.3113823031302	25.0025331956874	73.8200850033689	73.8296047602078	18	18	36
526	1	18	93.3113823031302	25.0025331956874	73.8200850033689	73.8296194261502	18	18	72
527	1	18	93.3113823031302	25.0025331956874	73.8200850033689	73.8296340364344	18	18	72
528	1	18	93.3113823031302	25.0025331956874	73.8200850033689	73.8296485913766	18	18	72
529	1	18	93.3113823031302	25.0025331956874	73.8200850033689	73.8296630912907	18	18	72
530	1	18	93.3113823031302	25.0025331956874	73.8200850033689	73.8296775364881	19	18	72
531	1	18	93.3113823031302	25.0025331956874	73.8200850033689	73.829691927278	18	18	54
532	1	18	93.3113823031302	25.0025331956874	73.8200850033689	73.8297062639672	17	18	72
533	1	18	93.3113823031302	25.0025331956874	73.8200850033689	73.8297205468601	17	18	54
534	1	18	93.3113823031302	25.0025331956874	73.8200850033689	73.8297347762591	18	18	54
535	1	18	93.3113823031302	25.0025331956874	73.8200850033689	73.8297489524641	16	18	54
536	1	18	93.3113823031302	25.0025331956874	73.8200850033689	73.8297630757728	18	18	54
537	1	18	93.3113823031302	25.0025331956874	73.8200850033689	73.8297771464807	18	18	72
538	1	18	93.3113823031302	25.0025331956874	73.8200850033689	73.8297911648812	18	18	72
539	1	18	93.3113823031302	25.0025331956874	73.8200850033689	73.8298051312653	18	18	72
540	1	18	93.3113823031302	25.0025331956874	73.8200850033689	73.8298190459221	18	18	72
541	1	18	93.3113823031302	25.0025331956874	73.8200850033689	73.8298329091383	18	18	18
542	1	18	93.3113823031302	25.0025331956874	73.8200850033689	73.8298467211988	18	18	36
543	1	18	93.3113823031302	25.0025331956874	73.8200850033689	73.8298604823862	18	18	36
544	1	18	93.3113823031302	25.0025331956874	73.8200850033689	73.8298741929809	18	18	36
545	1	18	93.3113823031302	25.0025331956874	73.8200850033689	73.8298878532615	18	18	54
546	1	18	93.3113823031302	25.0025331956874	73.8200850033689	73.8299014635045	18	18	72
547	1	18	93.3113823031302	25.0025331956874	73.8200850033689	73.8299150239842	18	18	72
548	1	18	93.3113823031302	25.0025331956874	73.8200850033689	73.8299285349731	18	18	72
549	1	18	93.3113823031302	25.0025331956874	73.8200850033689	73.8299419967417	18	18	72
550	1	18	93.3113823031302	25.0025331956874	73.8200850033689	73.8299554095584	18	18	72
551	1	18	93.3113823031302	25.0025331956874	73.8200850033689	73.8299687736898	18	18	54
552	1	18	93.3113823031302	25.0025331956874	73.8200850033689	73.8299820894003	18	18	54
553	1	18	93.3113823031302	25.0025331956874	73.8200850033689	73.8299953569528	18	18	90
554	1	18	93.3113823031302	25.0025331956874	73.8200850033689	73.830008576608	17	18	90
555	1	18	93.3113823031302	25.0025331956874	73.8200850033689	73.8300217486248	18	18	72
556	1	18	93.3113823031302	25.0025331956874	73.8200850033689	73.8300348732602	18	18	54
557	1	18	93.3113823031302	25.0025331956874	73.8200850033689	73.8300479507695	18	18	72
558	1	18	93.3113823031302	25.0025331956874	73.8200850033689	73.8300609814059	18	18	72
559	1	18	93.3113823031302	25.0025331956874	73.8200850033689	73.8300739654212	18	18	72
560	1	18	93.3113823031302	25.0025331956874	73.8200850033689	73.8300869030649	18	18	72
561	1	18	93.3113823031302	25.0025331956874	73.8200850033689	73.8300997945852	18	18	18
562	1	18	93.3113823031302	25.0025331956874	73.8200850033689	73.8301126402281	18	18	36
563	1	18	93.3113823031302	25.0025331956874	73.8200850033689	73.8301254402382	18	18	36
564	1	18	93.3113823031302	25.0025331956874	73.8200850033689	73.8301381948582	18	18	36
565	1	18	93.3113823031302	25.0025331956874	73.8200850033689	73.8301509043291	18	18	54
566	1	18	93.3113823031302	25.0025331956874	73.8200850033689	73.8301635688903	18	18	72
567	1	18	93.3113823031302	25.0025331956874	73.8200850033689	73.8301761887792	18	18	72
568	1	18	93.3113823031302	25.0025331956874	73.8200850033689	73.8301887642319	18	18	72
569	1	18	93.3113823031302	25.0025331956874	73.8200850033689	73.8302012954827	18	18	90
570	1	18	93.3113823031302	25.0025331956874	73.8200850033689	73.8302137827642	18	18	90
571	1	18	93.3113823031302	25.0025331956874	73.8200850033689	73.8302262263073	18	18	54
572	1	18	93.3113823031302	25.0025331956874	73.8200850033689	73.8302386263416	18	18	72
573	1	18	93.3113823031302	25.0025331956874	73.8200850033689	73.8302509830948	18	18	90
574	1	18	93.3113823031302	25.0025331956874	73.8200850033689	73.8302632967931	18	18	108
575	1	18	93.3113823031302	25.0025331956874	73.8200850033689	73.8302755676612	18	18	108
