"Iteration #"	"Inertia"	"Number of features"	"CV best"	"Permuted CV best"	"Global best fitness"	"Current best fitness"	"Number of features in current best agent"	"Number of features in global best"	"Number of features in local best"
1	1	40	81.6564595199869	39.0829443490723	42.8426169289729	42.8426169289729	15	40	800
2	1	16	82.4788488234451	39.4091558724127	53.3921719513394	53.3921719513394	16	16	16
3	1	16	82.4788488234451	39.4091558724127	53.9921719513394	53.9921719513394	16	16	16
4	1	27	86.2491686776975	40.8821275310879	54.5360539031783	54.5360539031783	24	24	24
5	1	25	84.8110058285296	35.4123121628959	57.4157469684812	57.4157469684812	25	27	27
6	1	25	84.8110058285296	35.4123121628959	57.4157469684812	55.5519809151058	26	27	22
7	1	24	83.4325630178164	30.2527616127078	60.5816161185939	60.5816161185939	24	24	24
8	1	24	83.4325630178164	30.2527616127078	60.5816161185939	60.6780446900225	24	24	24
9	1	26	89.2640948442719	35.6045511862786	61.8998853028089	61.8998853028089	15	15	15
10	1	26	89.2640948442719	35.6045511862786	61.8998853028089	61.9373853028089	17	15	15
11	1	26	89.2640948442719	35.6045511862786	61.8998853028089	55.4721255518724	19	15	19
12	1	26	89.2640948442719	35.6045511862786	61.8998853028089	58.4476783198214	18	15	18
13	1	26	89.2640948442719	35.6045511862786	61.8998853028089	59.5507214930399	24	15	24
14	1	26	89.2640948442719	35.6045511862786	61.8998853028089	60.378366710783	25	15	25
15	1	15	89.265464074233	36.2818697212898	62.5384559174386	62.5384559174386	15	17	17
16	1	15	89.265464074233	36.2818697212898	62.5384559174386	60.3282819765509	14	17	17
17	1	15	89.265464074233	36.2818697212898	62.5384559174386	59.6972884581224	16	17	17
18	1	19	89.7097986989243	35.6414648900965	63.4319347122369	63.4319347122369	17	17	17
19	1	19	89.7097986989243	35.6414648900965	63.4319347122369	63.4431189227632	17	17	17
20	1	19	89.7097986989243	35.6414648900965	63.4319347122369	63.4531847122369	18	17	17
21	1	19	89.7097986989243	35.6414648900965	63.4319347122369	59.1089996494188	24	17	23
22	1	25	86.578966040684	30.8430907309516	63.9217125339984	63.9217125339984	25	25	25
23	1	25	86.578966040684	30.8430907309516	63.9217125339984	63.9328291347889	25	25	25
24	1	25	86.578966040684	30.8430907309516	63.9217125339984	63.9430193521802	25	25	25
25	1	24	90.2447032788772	34.8124268523618	64.3000508847268	64.3000508847268	11	18	18
26	1	15	88.2443257540005	33.6403350320343	65.8444115024781	65.8444115024781	14	14	14
27	1	15	88.2443257540005	33.6403350320343	65.8444115024781	65.8488986819653	14	14	14
28	1	15	88.2443257540005	33.6403350320343	65.8444115024781	65.8530653486319	14	14	14
29	1	13	86.8108055658496	31.5148620511294	66.2774900106273	66.2774900106273	18	18	18
30	1	13	86.8108055658496	31.5148620511294	66.2774900106273	66.2821451830411	20	18	18
31	1	13	86.8108055658496	31.5148620511294	66.2774900106273	66.0884560324924	16	18	16
32	1	13	86.8108055658496	31.5148620511294	66.2774900106273	66.0920850647504	16	18	16
33	1	18	91.7715589114965	29.116341481407	70.652280651688	70.652280651688	18	18	18
34	1	18	91.7715589114965	29.116341481407	70.652280651688	70.6558902773564	18	18	18
35	1	18	91.7715589114965	29.116341481407	70.652280651688	70.659293638701	18	18	18
36	1	18	91.7715589114965	29.116341481407	70.652280651688	62.1605640983219	23	18	24
37	1	18	91.7715589114965	29.116341481407	70.652280651688	64.9425966669067	17	18	18
38	1	18	91.7715589114965	29.116341481407	70.652280651688	66.3105662356727	17	18	18
39	1	16	91.7715589114965	29.3983294550538	71.5462060864522	71.5462060864522	17	17	17
40	1	16	91.7715589114965	29.3983294550538	71.5462060864522	71.5486580095292	16	17	34
41	1	16	91.7715589114965	29.3983294550538	71.5462060864522	68.3886797721261	13	17	13
42	1	16	91.7715589114965	29.3983294550538	71.5462060864522	71.5532115809577	17	17	17
43	1	16	91.7715589114965	29.3983294550538	71.5462060864522	71.5553295211571	17	17	17
44	1	16	91.7715589114965	29.3983294550538	71.5462060864522	71.5573511913473	17	17	17
45	1	16	91.7715589114965	29.3983294550538	71.5462060864522	71.5592830095292	18	17	17
46	1	16	91.7715589114965	29.3983294550538	71.5462060864522	71.5611308356161	17	17	17
47	1	16	91.7715589114965	29.3983294550538	71.5462060864522	71.5629000308057	17	17	34
48	1	16	91.7715589114965	29.3983294550538	71.5462060864522	71.5645955095292	17	17	34
49	1	16	91.7715589114965	29.3983294550538	71.5462060864522	71.5662217850394	17	17	34
50	1	16	91.7715589114965	29.3983294550538	71.5462060864522	71.5677830095292	17	17	34
51	1	16	91.7715589114965	29.3983294550538	71.5462060864522	71.5692830095292	17	17	34
52	1	12	90.9234417840232	28.2016532930083	71.7429838619714	71.7429838619714	18	18	18
53	1	12	90.9234417840232	28.2016532930083	71.7429838619714	71.7444533830164	18	18	18
54	1	12	90.9234417840232	28.2016532930083	71.7429838619714	71.745868477356	18	18	18
55	1	12	90.9234417840232	28.2016532930083	71.7429838619714	71.7472321137197	15	18	36
56	1	12	90.9234417840232	28.2016532930083	71.7429838619714	71.7485470487846	18	18	18
57	1	12	90.9234417840232	28.2016532930083	71.7429838619714	71.7498158457771	18	18	18
58	1	12	90.9234417840232	28.2016532930083	71.7429838619714	71.7510408911491	18	18	36
59	1	12	90.9234417840232	28.2016532930083	71.7429838619714	71.7522244095594	18	18	36
60	1	12	90.9234417840232	28.2016532930083	71.7429838619714	71.753368477356	18	18	36
61	1	12	90.9234417840232	28.2016532930083	71.7429838619714	71.7544750347331	18	18	36
62	1	12	90.9234417840232	28.2016532930083	71.7429838619714	71.7555458967109	18	18	90
63	1	12	90.9234417840232	28.2016532930083	71.7429838619714	71.7565827630703	18	18	90
64	1	12	90.9234417840232	28.2016532930083	71.7429838619714	71.757587227356	18	18	90
65	1	12	90.9234417840232	28.2016532930083	71.7429838619714	71.7585607850484	17	18	90
66	1	12	90.9234417840232	28.2016532930083	71.7429838619714	71.7595048409924	18	18	36
67	1	12	90.9234417840232	28.2016532930083	71.7429838619714	71.760420716162	18	18	54
68	1	12	90.9234417840232	28.2016532930083	71.7429838619714	71.7613096538266	18	18	72
69	1	12	90.9234417840232	28.2016532930083	71.7429838619714	71.7621728251821	18	18	72
70	1	12	90.9234417840232	28.2016532930083	71.7429838619714	71.7630113344989	18	18	90
71	1	12	90.9234417840232	28.2016532930083	71.7429838619714	71.7638262238349	18	18	72
72	1	12	90.9234417840232	28.2016532930083	71.7429838619714	71.7646184773561	18	18	72
73	1	12	90.9234417840232	28.2016532930083	71.7429838619714	71.7653890253012	18	18	90
74	1	12	90.9234417840232	28.2016532930083	71.7429838619714	71.7661387476263	18	18	90
75	1	12	90.9234417840232	28.2016532930083	71.7429838619714	71.766868477356	18	18	72
76	1	12	90.9234417840232	28.2016532930083	71.7429838619714	71.7675790036718	18	18	54
77	1	12	90.9234417840232	28.2016532930083	71.7429838619714	71.7682710747586	18	18	54
78	1	12	90.9234417840232	28.2016532930083	71.7429838619714	71.768945400433	18	18	54
79	1	12	90.9234417840232	28.2016532930083	71.7429838619714	71.7696026545712	18	18	72
80	1	12	90.9234417840232	28.2016532930083	71.7429838619714	71.770243477356	18	18	72
81	1	12	90.9234417840232	28.2016532930083	71.7429838619714	71.770868477356	18	18	90
82	1	12	90.9234417840232	28.2016532930083	71.7429838619714	71.7714782334536	18	18	90
83	1	12	90.9234417840232	28.2016532930083	71.7429838619714	71.7720732966332	18	18	90
84	1	12	90.9234417840232	28.2016532930083	71.7429838619714	71.7726541916418	18	18	90
85	1	12	90.9234417840232	28.2016532930083	71.7429838619714	71.7732214185325	18	18	90
86	1	12	90.9234417840232	28.2016532930083	71.7429838619714	71.7737754541002	18	18	90
87	1	12	90.9234417840232	28.2016532930083	71.7429838619714	71.7743167532181	18	18	90
88	1	12	90.9234417840232	28.2016532930083	71.7429838619714	71.7748457500833	18	18	90
89	1	12	90.9234417840232	28.2016532930083	71.7429838619714	71.7753628593785	18	18	90
90	1	12	90.9234417840232	28.2016532930083	71.7429838619714	71.775868477356	18	18	90
91	1	12	90.9234417840232	28.2016532930083	71.7429838619714	71.7763629828506	18	18	90
92	1	12	90.9234417840232	28.2016532930083	71.7429838619714	71.7768467382256	18	18	90
93	1	12	90.9234417840232	28.2016532930083	71.7429838619714	71.7773200902593	18	18	90
94	1	12	90.9234417840232	28.2016532930083	71.7429838619714	71.7777833709731	18	18	90
95	1	12	90.9234417840232	28.2016532930083	71.7429838619714	71.7782368984087	18	18	90
96	1	12	90.9234417840232	28.2016532930083	71.7429838619714	71.778680977356	18	18	90
97	1	12	90.9234417840232	28.2016532930083	71.7429838619714	71.7791159000365	18	18	90
98	1	12	90.9234417840232	28.2016532930083	71.7429838619714	71.7795419467438	18	18	90
99	1	12	90.9234417840232	28.2016532930083	71.7429838619714	71.779959386447	18	18	90
100	1	12	90.9234417840232	28.2016532930083	71.7429838619714	71.780368477356	18	18	90
101	1	12	90.9234417840232	28.2016532930083	71.7429838619714	71.7807694674551	18	18	90
102	1	12	90.9234417840232	28.2016532930083	71.7429838619714	71.7811625950031	18	18	90
103	1	12	90.9234417840232	28.2016532930083	71.7429838619714	71.7815480890065	18	18	90
104	1	12	90.9234417840232	28.2016532930083	71.7429838619714	71.7819261696637	18	18	90
105	1	12	90.9234417840232	28.2016532930083	71.7429838619714	71.7822970487846	18	18	90
106	1	12	90.9234417840232	28.2016532930083	71.7429838619714	71.7826609301862	18	18	90
107	1	12	90.9234417840232	28.2016532930083	71.7429838619714	71.7830180100663	18	18	90
108	1	12	90.9234417840232	28.2016532930083	71.7429838619714	71.783368477356	18	18	72
109	1	12	90.9234417840232	28.2016532930083	71.7429838619714	71.7837125140533	18	18	72
110	1	12	90.9234417840232	28.2016532930083	71.7429838619714	71.7840502955379	18	18	72
111	1	12	90.9234417840232	28.2016532930083	71.7429838619714	71.7843819908696	18	18	72
112	1	12	90.9234417840232	28.2016532930083	71.7429838619714	71.7847077630703	18	18	72
113	1	12	90.9234417840232	28.2016532930083	71.7429838619714	71.7850277693914	18	18	72
114	1	12	90.9234417840232	28.2016532930083	71.7429838619714	71.7853421615666	18	18	72
115	1	12	90.9234417840232	28.2016532930083	71.7429838619714	71.7856510860517	18	18	72
116	1	12	90.9234417840232	28.2016532930083	71.7429838619714	71.7859546842526	18	18	90
117	1	12	90.9234417840232	28.2016532930083	71.7429838619714	71.7862530927407	18	18	90
118	1	12	90.9234417840232	28.2016532930083	71.7429838619714	71.7865464434577	18	18	90
119	1	12	90.9234417840232	28.2016532930083	71.7429838619714	71.7868348639107	18	18	90
120	1	12	90.9234417840232	28.2016532930083	71.7429838619714	71.787118477356	18	18	90
121	1	12	90.9234417840232	28.2016532930083	71.7429838619714	71.7873974029759	18	18	90
122	1	12	90.9234417840232	28.2016532930083	71.7429838619714	71.7876717560446	18	18	90
123	1	12	90.9234417840232	28.2016532930083	71.7429838619714	71.7879416480878	18	18	90
124	1	12	90.9234417840232	28.2016532930083	71.7429838619714	71.7882071870335	18	18	90
125	1	12	90.9234417840232	28.2016532930083	71.7429838619714	71.788468477356	18	18	90
126	1	12	90.9234417840232	28.2016532930083	71.7429838619714	71.7887256202132	18	18	90
127	1	12	90.9234417840232	28.2016532930083	71.7429838619714	71.7889787135765	18	18	90
128	1	12	90.9234417840232	28.2016532930083	71.7429838619714	71.789227852356	18	18	90
129	1	12	90.9234417840232	28.2016532930083	71.7429838619714	71.7894731285188	17	18	90
130	1	12	90.9234417840232	28.2016532930083	71.7429838619714	71.7897146312022	18	18	72
131	1	12	90.9234417840232	28.2016532930083	71.7429838619714	71.7899524468217	18	18	90
132	1	12	90.9234417840232	28.2016532930083	71.7429838619714	71.7901866591742	18	18	90
133	1	12	90.9234417840232	28.2016532930083	71.7429838619714	71.7904173495365	18	18	90
134	1	12	90.9234417840232	28.2016532930083	71.7429838619714	71.790644596759	18	18	90
135	1	12	90.9234417840232	28.2016532930083	71.7429838619714	71.790868477356	18	18	90
136	1	12	90.9234417840232	28.2016532930083	71.7429838619714	71.7910890655913	18	18	90
137	1	12	90.9234417840232	28.2016532930083	71.7429838619714	71.7913064335604	18	18	90
138	1	12	90.9234417840232	28.2016532930083	71.7429838619714	71.7915206512691	18	18	90
139	1	12	90.9234417840232	28.2016532930083	71.7429838619714	71.7917317867086	18	18	90
140	1	12	90.9234417840232	28.2016532930083	71.7429838619714	71.7919399059275	18	18	90
141	1	12	90.9234417840232	28.2016532930083	71.7429838619714	71.7921450731007	18	18	90
142	1	12	90.9234417840232	28.2016532930083	71.7429838619714	71.7923473505955	18	18	90
143	1	12	90.9234417840232	28.2016532930083	71.7429838619714	71.7925467990344	18	18	90
144	1	12	90.9234417840232	28.2016532930083	71.7429838619714	71.792743477356	18	18	90
145	1	12	90.9234417840232	28.2016532930083	71.7429838619714	71.7929374428733	18	18	90
146	1	12	90.9234417840232	28.2016532930083	71.7429838619714	71.7931287513287	18	18	90
147	1	12	90.9234417840232	28.2016532930083	71.7429838619714	71.7933174569479	18	18	90
148	1	12	90.9234417840232	28.2016532930083	71.7429838619714	71.7935036124912	18	18	90
149	1	12	90.9234417840232	28.2016532930083	71.7429838619714	71.7936872693024	18	18	90
150	1	12	90.9234417840232	28.2016532930083	71.7429838619714	71.793868477356	18	18	90
151	1	12	90.9234417840232	28.2016532930083	71.7429838619714	71.7940472853031	18	18	90
152	1	12	90.9234417840232	28.2016532930083	71.7429838619714	71.7942237405139	18	18	90
153	1	12	90.9234417840232	28.2016532930083	71.7429838619714	71.7943978891208	18	18	90
154	1	12	90.9234417840232	28.2016532930083	71.7429838619714	71.7945697760573	18	18	90
155	1	12	90.9234417840232	28.2016532930083	71.7429838619714	71.794739445098	18	18	90
156	1	12	90.9234417840232	28.2016532930083	71.7429838619714	71.7949069388945	18	18	90
157	1	12	90.9234417840232	28.2016532930083	71.7429838619714	71.7950722990121	18	18	90
158	1	12	90.9234417840232	28.2016532930083	71.7429838619714	71.7952355659636	18	18	108
159	1	12	90.9234417840232	28.2016532930083	71.7429838619714	71.7953967792428	18	18	108
160	1	12	90.9234417840232	28.2016532930083	71.7429838619714	71.795555977356	16	18	108
161	1	12	90.9234417840232	28.2016532930083	71.7429838619714	71.7957131978529	18	18	90
162	1	12	90.9234417840232	28.2016532930083	71.7429838619714	71.7958684773561	18	18	108
163	1	12	90.9234417840232	28.2016532930083	71.7429838619714	71.7960218515892	18	18	72
164	1	12	90.9234417840232	28.2016532930083	71.7429838619714	71.7961733554048	18	18	72
165	1	12	90.9234417840232	28.2016532930083	71.7429838619714	71.7963230228106	18	18	72
166	1	12	90.9234417840232	28.2016532930083	71.7429838619714	71.7964708869946	18	18	90
167	1	12	90.9234417840232	28.2016532930083	71.7429838619714	71.7966169803501	18	18	90
168	1	12	90.9234417840232	28.2016532930083	71.7429838619714	71.7967613344989	18	18	90
169	1	12	90.9234417840232	28.2016532930083	71.7429838619714	71.7969039803146	18	18	90
170	1	12	90.9234417840232	28.2016532930083	71.7429838619714	71.7970449479443	18	18	90
171	1	12	90.9234417840232	28.2016532930083	71.7429838619714	71.7971842668297	18	18	90
172	1	12	90.9234417840232	28.2016532930083	71.7429838619714	71.7973219657281	18	18	90
173	1	12	90.9234417840232	28.2016532930083	71.7429838619714	71.7974580727318	18	18	90
174	1	12	90.9234417840232	28.2016532930083	71.7429838619714	71.7975926152871	18	18	90
175	1	12	90.9234417840232	28.2016532930083	71.7429838619714	71.7977256202132	18	18	90
176	1	12	90.9234417840232	28.2016532930083	71.7429838619714	71.7978571137197	18	18	90
177	1	12	90.9234417840232	28.2016532930083	71.7429838619714	71.7979871214238	18	18	108
178	1	12	90.9234417840232	28.2016532930083	71.7429838619714	71.7981156683673	18	18	108
179	1	12	90.9234417840232	28.2016532930083	71.7429838619714	71.798242779032	18	18	108
180	1	12	90.9234417840232	28.2016532930083	71.7429838619714	71.798368477356	16	18	108
181	1	12	90.9234417840232	28.2016532930083	71.7429838619714	71.7984927867483	18	18	90
182	1	12	90.9234417840232	28.2016532930083	71.7429838619714	71.7986157301033	18	18	90
183	1	12	90.9234417840232	28.2016532930083	71.7429838619714	71.7987373298151	18	18	108
184	1	12	90.9234417840232	28.2016532930083	71.7429838619714	71.7988576077908	18	18	108
185	1	12	90.9234417840232	28.2016532930083	71.7429838619714	71.7989765854642	18	18	72
186	1	12	90.9234417840232	28.2016532930083	71.7429838619714	71.7990942838077	18	18	90
187	1	12	90.9234417840232	28.2016532930083	71.7429838619714	71.7992107233454	18	18	90
188	1	12	90.9234417840232	28.2016532930083	71.7429838619714	71.7993259241646	18	18	90
189	1	12	90.9234417840232	28.2016532930083	71.7429838619714	71.7994399059275	18	18	90
190	1	12	90.9234417840232	28.2016532930083	71.7429838619714	71.7995526878824	18	18	90
191	1	12	90.9234417840232	28.2016532930083	71.7429838619714	71.7996642888744	18	18	90
192	1	12	90.9234417840232	28.2016532930083	71.7429838619714	71.7997747273561	18	18	90
193	1	12	90.9234417840232	28.2016532930083	71.7429838619714	71.7998840213975	18	18	90
194	1	12	90.9234417840232	28.2016532930083	71.7429838619714	71.7999921886963	18	18	90
195	1	12	90.9234417840232	28.2016532930083	71.7429838619714	71.8000992465868	18	18	90
196	1	12	90.9234417840232	28.2016532930083	71.7429838619714	71.8002052120499	18	18	90
197	1	12	90.9234417840232	28.2016532930083	71.7429838619714	71.8003101017215	18	18	90
198	1	12	90.9234417840232	28.2016532930083	71.7429838619714	71.8004139319015	18	18	90
199	1	12	90.9234417840232	28.2016532930083	71.7429838619714	71.8005167185621	18	18	108
200	1	12	90.9234417840232	28.2016532930083	71.7429838619714	71.800618477356	15	18	108
201	1	12	90.9234417840232	28.2016532930083	71.7429838619714	71.8007192236247	18	18	90
202	1	12	90.9234417840232	28.2016532930083	71.7429838619714	71.8008189724056	18	18	90
203	1	12	90.9234417840232	28.2016532930083	71.7429838619714	71.8009177384398	18	18	108
204	1	12	90.9234417840232	28.2016532930083	71.7429838619714	71.8010155361796	18	18	108
205	1	12	90.9234417840232	28.2016532930083	71.7429838619714	71.8011123797951	18	18	108
206	1	12	90.9234417840232	28.2016532930083	71.7429838619714	71.8012082831813	18	18	108
207	1	12	90.9234417840232	28.2016532930083	71.7429838619714	71.8013032599647	18	18	108
208	1	12	90.9234417840232	28.2016532930083	71.7429838619714	71.8013973235099	18	18	108
209	1	12	90.9234417840232	28.2016532930083	71.7429838619714	71.8014904869254	18	18	108
210	1	12	90.9234417840232	28.2016532930083	71.7429838619714	71.8015827630703	18	18	108
211	1	12	90.9234417840232	28.2016532930083	71.7429838619714	71.8016741645598	18	18	108
212	1	12	90.9234417840232	28.2016532930083	71.7429838619714	71.8017647037711	18	18	108
213	1	12	90.9234417840232	28.2016532930083	71.7429838619714	71.801854392849	18	18	108
214	1	12	90.9234417840232	28.2016532930083	71.7429838619714	71.8019432437112	18	18	108
215	1	12	90.9234417840232	28.2016532930083	71.7429838619714	71.8020312680537	18	18	108
216	1	12	90.9234417840232	28.2016532930083	71.7429838619714	71.802118477356	18	18	108
217	1	12	90.9234417840232	28.2016532930083	71.7429838619714	71.802204882886	18	18	108
218	1	12	90.9234417840232	28.2016532930083	71.7429838619714	71.8022904957047	18	18	72
219	1	12	90.9234417840232	28.2016532930083	71.7429838619714	71.8023753266711	18	18	72
220	1	12	90.9234417840232	28.2016532930083	71.7429838619714	71.802459386447	18	18	72
221	1	12	90.9234417840232	28.2016532930083	71.7429838619714	71.8025426855008	18	18	90
222	1	12	90.9234417840232	28.2016532930083	71.7429838619714	71.8026252341128	18	18	90
223	1	12	90.9234417840232	28.2016532930083	71.7429838619714	71.8027070423785	18	18	90
224	1	12	90.9234417840232	28.2016532930083	71.7429838619714	71.8027881202132	18	18	90
225	1	12	90.9234417840232	28.2016532930083	71.7429838619714	71.802868477356	18	18	90
226	1	12	90.9234417840232	28.2016532930083	71.7429838619714	71.8029481233737	18	18	90
227	1	12	90.9234417840232	28.2016532930083	71.7429838619714	71.8030270676644	18	18	90
228	1	12	90.9234417840232	28.2016532930083	71.7429838619714	71.8031053194613	18	18	90
229	1	12	90.9234417840232	28.2016532930083	71.7429838619714	71.8031828878364	18	18	90
230	1	12	90.9234417840232	28.2016532930083	71.7429838619714	71.8032597817039	18	18	90
231	1	12	90.9234417840232	28.2016532930083	71.7429838619714	71.8033360098236	18	18	90
232	1	12	90.9234417840232	28.2016532930083	71.7429838619714	71.8034115808043	18	18	90
233	1	12	90.9234417840232	28.2016532930083	71.7429838619714	71.8034865031071	18	18	108
234	1	12	90.9234417840232	28.2016532930083	71.7429838619714	71.8035607850483	18	18	108
235	1	12	90.9234417840232	28.2016532930083	71.7429838619714	71.8036344348029	17	18	108
236	1	12	90.9234417840232	28.2016532930083	71.7429838619714	71.8037074604069	18	18	90
237	1	12	90.9234417840232	28.2016532930083	71.7429838619714	71.8037798697611	18	18	90
238	1	12	90.9234417840232	28.2016532930083	71.7429838619714	71.8038516706334	18	18	108
239	1	12	90.9234417840232	28.2016532930083	71.7429838619714	71.8039228706615	18	18	108
240	1	12	90.9234417840232	28.2016532930083	71.7429838619714	71.803993477356	18	18	72
241	1	12	90.9234417840232	28.2016532930083	71.7429838619714	71.8040634981029	18	18	90
242	1	12	90.9234417840232	28.2016532930083	71.7429838619714	71.804132940166	18	18	90
243	1	12	90.9234417840232	28.2016532930083	71.7429838619714	71.8042018106894	18	18	90
244	1	12	90.9234417840232	28.2016532930083	71.7429838619714	71.8042701167003	18	18	90
245	1	12	90.9234417840232	28.2016532930083	71.7429838619714	71.8043378651112	18	18	90
246	1	12	90.9234417840232	28.2016532930083	71.7429838619714	71.8044050627219	18	18	90
247	1	12	90.9234417840232	28.2016532930083	71.7429838619714	71.8044717162224	18	18	90
248	1	12	90.9234417840232	28.2016532930083	71.7429838619714	71.8045378321948	18	18	90
249	1	12	90.9234417840232	28.2016532930083	71.7429838619714	71.8046034171151	18	18	90
250	1	12	90.9234417840232	28.2016532930083	71.7429838619714	71.804668477356	18	18	90
251	1	12	90.9234417840232	28.2016532930083	71.7429838619714	71.8047330191887	18	18	90
252	1	12	90.9234417840232	28.2016532930083	71.7429838619714	71.8047970487846	18	18	90
253	1	12	90.9234417840232	28.2016532930083	71.7429838619714	71.8048605722177	18	18	90
254	1	12	90.9234417840232	28.2016532930083	71.7429838619714	71.8049235954663	18	18	90
255	1	12	90.9234417840232	28.2016532930083	71.7429838619714	71.8049861244149	18	18	90
256	1	12	90.9234417840232	28.2016532930083	71.7429838619714	71.805048164856	18	18	90
257	1	12	90.9234417840232	28.2016532930083	71.7429838619714	71.8051097224922	18	18	90
258	1	12	90.9234417840232	28.2016532930083	71.7429838619714	71.8051708029374	18	18	108
259	1	12	90.9234417840232	28.2016532930083	71.7429838619714	71.805231411719	18	18	108
260	1	12	90.9234417840232	28.2016532930083	71.7429838619714	71.8052915542791	18	18	108
261	1	12	90.9234417840232	28.2016532930083	71.7429838619714	71.8053512359767	18	18	108
262	1	12	90.9234417840232	28.2016532930083	71.7429838619714	71.8054104620889	18	18	108
263	1	12	90.9234417840232	28.2016532930083	71.7429838619714	71.8054692378123	18	18	108
264	1	12	90.9234417840232	28.2016532930083	71.7429838619714	71.8055275682651	18	18	108
265	1	12	90.9234417840232	28.2016532930083	71.7429838619714	71.8055854584881	18	18	108
266	1	12	90.9234417840232	28.2016532930083	71.7429838619714	71.8056429134463	18	18	108
267	1	12	90.9234417840232	28.2016532930083	71.7429838619714	71.8056999380302	18	18	108
268	1	12	90.9234417840232	28.2016532930083	71.7429838619714	71.8057565370575	18	18	108
269	1	12	90.9234417840232	28.2016532930083	71.7429838619714	71.8058127152743	18	18	108
270	1	12	90.9234417840232	28.2016532930083	71.7429838619714	71.805868477356	17	18	108
271	1	12	90.9234417840232	28.2016532930083	71.7429838619714	71.8059238279096	18	18	90
272	1	12	90.9234417840232	28.2016532930083	71.7429838619714	71.8059787714737	18	18	108
273	1	12	90.9234417840232	28.2016532930083	71.7429838619714	71.8060333125209	18	18	72
274	1	12	90.9234417840232	28.2016532930083	71.7429838619714	71.8060874554582	18	18	72
275	1	12	90.9234417840232	28.2016532930083	71.7429838619714	71.8061412046288	18	18	72
276	1	12	90.9234417840232	28.2016532930083	71.7429838619714	71.8061945643126	18	18	90
277	1	12	90.9234417840232	28.2016532930083	71.7429838619714	71.8062475387279	18	18	108
278	1	12	90.9234417840232	28.2016532930083	71.7429838619714	71.8063001320323	18	18	108
279	1	12	90.9234417840232	28.2016532930083	71.7429838619714	71.8063523483238	18	18	108
280	1	12	90.9234417840232	28.2016532930083	71.7429838619714	71.8064041916418	18	18	108
281	1	12	90.9234417840232	28.2016532930083	71.7429838619714	71.8064556659681	18	18	90
282	1	12	90.9234417840232	28.2016532930083	71.7429838619714	71.8065067752284	18	18	108
283	1	12	90.9234417840232	28.2016532930083	71.7429838619714	71.8065575232924	18	18	108
284	1	12	90.9234417840232	28.2016532930083	71.7429838619714	71.8066079139758	18	18	108
285	1	12	90.9234417840232	28.2016532930083	71.7429838619714	71.8066579510403	18	18	108
286	1	12	90.9234417840232	28.2016532930083	71.7429838619714	71.8067076381952	18	18	90
287	1	12	90.9234417840232	28.2016532930083	71.7429838619714	71.8067569790982	18	18	90
288	1	12	90.9234417840232	28.2016532930083	71.7429838619714	71.806805977356	18	18	90
289	1	12	90.9234417840232	28.2016532930083	71.7429838619714	71.8068546365256	18	18	108
290	1	12	90.9234417840232	28.2016532930083	71.7429838619714	71.8069029601147	17	18	108
291	1	12	90.9234417840232	28.2016532930083	71.7429838619714	71.8069509515828	18	18	90
292	1	12	90.9234417840232	28.2016532930083	71.7429838619714	71.8069986143423	18	18	90
293	1	12	90.9234417840232	28.2016532930083	71.7429838619714	71.8070459517588	18	18	108
294	1	12	90.9234417840232	28.2016532930083	71.7429838619714	71.807092967152	18	18	108
295	1	12	90.9234417840232	28.2016532930083	71.7429838619714	71.8071396637967	18	18	72
296	1	12	90.9234417840232	28.2016532930083	71.7429838619714	71.8071860449236	18	18	90
297	1	12	90.9234417840232	28.2016532930083	71.7429838619714	71.8072321137197	18	18	90
298	1	12	90.9234417840232	28.2016532930083	71.7429838619714	71.8072778733292	18	18	90
299	1	12	90.9234417840232	28.2016532930083	71.7429838619714	71.8073233268544	18	18	90
300	1	12	90.9234417840232	28.2016532930083	71.7429838619714	71.8073684773561	18	18	90
301	1	12	90.9234417840232	28.2016532930083	71.7429838619714	71.8074133278544	18	18	90
302	1	12	90.9234417840232	28.2016532930083	71.7429838619714	71.8074578813296	18	18	90
303	1	12	90.9234417840232	28.2016532930083	71.7429838619714	71.8075021407224	18	18	90
304	1	12	90.9234417840232	28.2016532930083	71.7429838619714	71.807546108935	18	18	90
305	1	12	90.9234417840232	28.2016532930083	71.7429838619714	71.8075897888315	18	18	90
306	1	12	90.9234417840232	28.2016532930083	71.7429838619714	71.8076331832384	18	18	90
307	1	12	90.9234417840232	28.2016532930083	71.7429838619714	71.8076762949456	18	18	90
308	1	12	90.9234417840232	28.2016532930083	71.7429838619714	71.8077191267067	18	18	90
309	1	12	90.9234417840232	28.2016532930083	71.7429838619714	71.8077616812395	18	18	90
310	1	12	90.9234417840232	28.2016532930083	71.7429838619714	71.807803961227	17	18	108
311	1	12	90.9234417840232	28.2016532930083	71.7429838619714	71.8078459693175	18	18	90
312	1	12	90.9234417840232	28.2016532930083	71.7429838619714	71.8078877081253	18	18	90
313	1	12	90.9234417840232	28.2016532930083	71.7429838619714	71.8079291802314	18	18	90
314	1	12	90.9234417840232	28.2016532930083	71.7429838619714	71.8079703881841	18	18	90
315	1	12	90.9234417840232	28.2016532930083	71.7429838619714	71.8080113344989	18	18	90
316	1	12	90.9234417840232	28.2016532930083	71.7429838619714	71.8080520216598	18	18	90
317	1	12	90.9234417840232	28.2016532930083	71.7429838619714	71.8080924521195	18	18	108
318	1	12	90.9234417840232	28.2016532930083	71.7429838619714	71.8081326282994	18	18	108
319	1	12	90.9234417840232	28.2016532930083	71.7429838619714	71.8081725525912	18	18	108
320	1	12	90.9234417840232	28.2016532930083	71.7429838619714	71.8082122273561	18	18	108
321	1	12	90.9234417840232	28.2016532930083	71.7429838619714	71.8082516549261	18	18	108
322	1	12	90.9234417840232	28.2016532930083	71.7429838619714	71.8082908376045	18	18	108
323	1	12	90.9234417840232	28.2016532930083	71.7429838619714	71.8083297776656	18	18	108
324	1	12	90.9234417840232	28.2016532930083	71.7429838619714	71.808368477356	18	18	108
325	1	12	90.9234417840232	28.2016532930083	71.7429838619714	71.8084069388945	18	18	108
326	1	12	90.9234417840232	28.2016532930083	71.7429838619714	71.8084451644726	18	18	108
327	1	12	90.9234417840232	28.2016532930083	71.7429838619714	71.8084831562551	18	18	108
328	1	12	90.9234417840232	28.2016532930083	71.7429838619714	71.8085209163804	17	18	90
329	1	12	90.9234417840232	28.2016532930083	71.7429838619714	71.8085584469609	18	18	72
330	1	12	90.9234417840232	28.2016532930083	71.7429838619714	71.8085957500833	18	18	72
331	1	12	90.9234417840232	28.2016532930083	71.7429838619714	71.8086328278092	18	18	90
332	1	12	90.9234417840232	28.2016532930083	71.7429838619714	71.8086696821753	18	18	90
333	1	12	90.9234417840232	28.2016532930083	71.7429838619714	71.8087063151939	18	18	108
334	1	12	90.9234417840232	28.2016532930083	71.7429838619714	71.808742728853	18	18	108
335	1	12	90.9234417840232	28.2016532930083	71.7429838619714	71.8087789251172	18	18	108
336	1	12	90.9234417840232	28.2016532930083	71.7429838619714	71.8088149059275	18	18	90
337	1	12	90.9234417840232	28.2016532930083	71.7429838619714	71.8088506732017	18	18	90
338	1	12	90.9234417840232	28.2016532930083	71.7429838619714	71.8088862288353	18	18	108
339	1	12	90.9234417840232	28.2016532930083	71.7429838619714	71.8089215747012	18	18	108
340	1	12	90.9234417840232	28.2016532930083	71.7429838619714	71.8089567126502	18	18	108
341	1	12	90.9234417840232	28.2016532930083	71.7429838619714	71.8089916445115	18	18	90
342	1	12	90.9234417840232	28.2016532930083	71.7429838619714	71.8090263720929	18	18	90
343	1	12	90.9234417840232	28.2016532930083	71.7429838619714	71.8090608971811	18	18	108
344	1	12	90.9234417840232	28.2016532930083	71.7429838619714	71.8090952215421	18	18	108
345	1	12	90.9234417840232	28.2016532930083	71.7429838619714	71.8091293469213	17	18	108
346	1	12	90.9234417840232	28.2016532930083	71.7429838619714	71.8091632750439	18	18	90
347	1	12	90.9234417840232	28.2016532930083	71.7429838619714	71.8091970076154	18	18	90
348	1	12	90.9234417840232	28.2016532930083	71.7429838619714	71.8092305463216	18	18	90
349	1	12	90.9234417840232	28.2016532930083	71.7429838619714	71.8092638928288	18	18	108
350	1	12	90.9234417840232	28.2016532930083	71.7429838619714	71.8092970487846	18	18	90
351	1	12	90.9234417840232	28.2016532930083	71.7429838619714	71.8093300158176	18	18	90
352	1	12	90.9234417840232	28.2016532930083	71.7429838619714	71.8093627955379	18	18	90
353	1	12	90.9234417840232	28.2016532930083	71.7429838619714	71.8093953895373	18	18	90
354	1	12	90.9234417840232	28.2016532930083	71.7429838619714	71.80942779939	18	18	90
355	1	12	90.9234417840232	28.2016532930083	71.7429838619714	71.8094600266518	18	18	90
356	1	12	90.9234417840232	28.2016532930083	71.7429838619714	71.8094920728617	18	18	90
357	1	12	90.9234417840232	28.2016532930083	71.7429838619714	71.8095239395409	18	18	90
358	1	12	90.9234417840232	28.2016532930083	71.7429838619714	71.809555628194	18	18	90
359	1	12	90.9234417840232	28.2016532930083	71.7429838619714	71.8095871403087	18	18	90
360	1	12	90.9234417840232	28.2016532930083	71.7429838619714	71.809618477356	18	18	90
361	1	12	90.9234417840232	28.2016532930083	71.7429838619714	71.809649640791	18	18	90
362	1	12	90.9234417840232	28.2016532930083	71.7429838619714	71.8096806320522	18	18	90
363	1	12	90.9234417840232	28.2016532930083	71.7429838619714	71.8097114525627	18	18	90
364	1	12	90.9234417840232	28.2016532930083	71.7429838619714	71.8097421037297	18	18	108
365	1	12	90.9234417840232	28.2016532930083	71.7429838619714	71.8097725869451	17	18	108
366	1	12	90.9234417840232	28.2016532930083	71.7429838619714	71.8098029035855	18	18	90
367	1	12	90.9234417840232	28.2016532930083	71.7429838619714	71.8098330550127	18	18	90
368	1	12	90.9234417840232	28.2016532930083	71.7429838619714	71.8098630425734	18	18	108
369	1	12	90.9234417840232	28.2016532930083	71.7429838619714	71.8098928675999	18	18	108
370	1	12	90.9234417840232	28.2016532930083	71.7429838619714	71.8099225314101	17	18	108
371	1	12	90.9234417840232	28.2016532930083	71.7429838619714	71.8099520353075	18	18	90
372	1	12	90.9234417840232	28.2016532930083	71.7429838619714	71.8099813805819	18	18	108
373	1	12	90.9234417840232	28.2016532930083	71.7429838619714	71.8100105685089	18	18	108
374	1	12	90.9234417840232	28.2016532930083	71.7429838619714	71.8100396003507	18	18	108
375	1	12	90.9234417840232	28.2016532930083	71.7429838619714	71.810068477356	18	18	108
376	1	12	90.9234417840232	28.2016532930083	71.7429838619714	71.8100972007603	18	18	108
377	1	12	90.9234417840232	28.2016532930083	71.7429838619714	71.8101257717857	18	18	108
378	1	12	90.9234417840232	28.2016532930083	71.7429838619714	71.8101541916418	18	18	108
379	1	12	90.9234417840232	28.2016532930083	71.7429838619714	71.8101824615249	18	18	108
380	1	12	90.9234417840232	28.2016532930083	71.7429838619714	71.8102105826192	18	18	108
381	1	12	90.9234417840232	28.2016532930083	71.7429838619714	71.8102385560962	18	18	108
382	1	12	90.9234417840232	28.2016532930083	71.7429838619714	71.8102663831152	18	18	108
383	1	12	90.9234417840232	28.2016532930083	71.7429838619714	71.8102940648234	17	18	90
384	1	12	90.9234417840232	28.2016532930083	71.7429838619714	71.810321602356	18	18	72
385	1	12	90.9234417840232	28.2016532930083	71.7429838619714	71.8103489968366	18	18	72
386	1	12	90.9234417840232	28.2016532930083	71.7429838619714	71.8103762493768	18	18	90
387	1	12	90.9234417840232	28.2016532930083	71.7429838619714	71.810403361077	18	18	90
388	1	12	90.9234417840232	28.2016532930083	71.7429838619714	71.8104303330261	18	18	90
389	1	12	90.9234417840232	28.2016532930083	71.7429838619714	71.8104571663021	18	18	108
390	1	12	90.9234417840232	28.2016532930083	71.7429838619714	71.8104838619714	18	18	108
391	1	12	90.9234417840232	28.2016532930083	71.7429838619714	71.8105104210901	18	18	90
392	1	12	90.9234417840232	28.2016532930083	71.7429838619714	71.810536844703	18	18	90
393	1	12	90.9234417840232	28.2016532930083	71.7429838619714	71.8105631338446	18	18	108
394	1	12	90.9234417840232	28.2016532930083	71.7429838619714	71.8105892895388	18	18	108
395	1	12	90.9234417840232	28.2016532930083	71.7429838619714	71.8106153127991	18	18	108
396	1	12	90.9234417840232	28.2016532930083	71.7429838619714	71.8106412046288	18	18	108
397	1	12	90.9234417840232	28.2016532930083	71.7429838619714	71.810666966021	18	18	108
398	1	12	90.9234417840232	28.2016532930083	71.7429838619714	71.8106925979591	18	18	108
399	1	12	90.9234417840232	28.2016532930083	71.7429838619714	71.8107181014162	18	18	108
400	1	12	90.9234417840232	28.2016532930083	71.7429838619714	71.810743477356	18	18	108
401	1	12	90.9234417840232	28.2016532930083	71.7429838619714	71.8107687267326	18	18	90
402	1	12	90.9234417840232	28.2016532930083	71.7429838619714	71.8107938504904	18	18	90
403	1	12	90.9234417840232	28.2016532930083	71.7429838619714	71.8108188495645	18	18	108
404	1	12	90.9234417840232	28.2016532930083	71.7429838619714	71.8108437248808	18	18	108
405	1	12	90.9234417840232	28.2016532930083	71.7429838619714	71.8108684773561	18	18	108
406	1	12	90.9234417840232	28.2016532930083	71.7429838619714	71.8108931078979	18	18	108
407	1	12	90.9234417840232	28.2016532930083	71.7429838619714	71.8109176174052	18	18	108
408	1	12	90.9234417840232	28.2016532930083	71.7429838619714	71.8109420067678	18	18	108
409	1	12	90.9234417840232	28.2016532930083	71.7429838619714	71.810966276867	18	18	108
410	1	12	90.9234417840232	28.2016532930083	71.7429838619714	71.8109904285756	18	18	108
411	1	12	90.9234417840232	28.2016532930083	71.7429838619714	71.8110144627575	18	18	108
412	1	12	90.9234417840232	28.2016532930083	71.7429838619714	71.8110383802687	18	18	108
413	1	12	90.9234417840232	28.2016532930083	71.7429838619714	71.8110621819565	18	18	108
414	1	12	90.9234417840232	28.2016532930083	71.7429838619714	71.8110858686604	18	18	108
415	1	12	90.9234417840232	28.2016532930083	71.7429838619714	71.8111094412115	16	18	108
416	1	12	90.9234417840232	28.2016532930083	71.7429838619714	71.811132900433	18	18	90
417	1	12	90.9234417840232	28.2016532930083	71.7429838619714	71.8111562471402	18	18	90
418	1	12	90.9234417840232	28.2016532930083	71.7429838619714	71.8111794821407	18	18	90
419	1	12	90.9234417840232	28.2016532930083	71.7429838619714	71.8112026062343	18	18	90
420	1	12	90.9234417840232	28.2016532930083	71.7429838619714	71.8112256202132	18	18	90
421	1	12	90.9234417840232	28.2016532930083	71.7429838619714	71.811248524862	18	18	108
422	1	12	90.9234417840232	28.2016532930083	71.7429838619714	71.8112713209579	18	18	108
423	1	12	90.9234417840232	28.2016532930083	71.7429838619714	71.8112940092709	18	18	108
424	1	12	90.9234417840232	28.2016532930083	71.7429838619714	71.8113165905636	18	18	108
425	1	12	90.9234417840232	28.2016532930083	71.7429838619714	71.8113390655913	17	18	108
426	1	12	90.9234417840232	28.2016532930083	71.7429838619714	71.8113614351025	18	18	90
427	1	12	90.9234417840232	28.2016532930083	71.7429838619714	71.8113836998385	18	18	90
428	1	12	90.9234417840232	28.2016532930083	71.7429838619714	71.8114058605336	18	18	90
429	1	12	90.9234417840232	28.2016532930083	71.7429838619714	71.8114279179155	18	18	108
430	1	12	90.9234417840232	28.2016532930083	71.7429838619714	71.8114498727049	18	18	108
431	1	12	90.9234417840232	28.2016532930083	71.7429838619714	71.8114717256159	18	18	108
432	1	12	90.9234417840232	28.2016532930083	71.7429838619714	71.8114934773561	18	18	108
433	1	12	90.9234417840232	28.2016532930083	71.7429838619714	71.8115151286263	18	18	108
434	1	12	90.9234417840232	28.2016532930083	71.7429838619714	71.811536680121	18	18	108
435	1	12	90.9234417840232	28.2016532930083	71.7429838619714	71.8115581325285	18	18	108
436	1	12	90.9234417840232	28.2016532930083	71.7429838619714	71.8115794865304	18	18	108
437	1	12	90.9234417840232	28.2016532930083	71.7429838619714	71.8116007428023	18	18	108
438	1	12	90.9234417840232	28.2016532930083	71.7429838619714	71.8116219020136	18	18	108
439	1	12	90.9234417840232	28.2016532930083	71.7429838619714	71.8116429648276	18	18	108
440	1	12	90.9234417840232	28.2016532930083	71.7429838619714	71.8116639319015	18	18	108
441	1	12	90.9234417840232	28.2016532930083	71.7429838619714	71.8116848038867	18	18	108
442	1	12	90.9234417840232	28.2016532930083	71.7429838619714	71.8117055814284	18	18	108
443	1	12	90.9234417840232	28.2016532930083	71.7429838619714	71.8117262651664	18	18	108
444	1	12	90.9234417840232	28.2016532930083	71.7429838619714	71.8117468557344	18	18	108
445	1	12	90.9234417840232	28.2016532930083	71.7429838619714	71.8117673537605	18	18	108
446	1	12	90.9234417840232	28.2016532930083	71.7429838619714	71.8117877598673	18	18	108
447	1	12	90.9234417840232	28.2016532930083	71.7429838619714	71.8118080746715	18	18	108
448	1	12	90.9234417840232	28.2016532930083	71.7429838619714	71.8118282987846	18	18	108
449	1	12	90.9234417840232	28.2016532930083	71.7429838619714	71.8118484328126	18	18	108
450	1	12	90.9234417840232	28.2016532930083	71.7429838619714	71.811868477356	18	18	108
451	1	12	90.9234417840232	28.2016532930083	71.7429838619714	71.8118884330102	18	18	108
452	1	12	90.9234417840232	28.2016532930083	71.7429838619714	71.8119083003649	18	18	108
453	1	12	90.9234417840232	28.2016532930083	71.7429838619714	71.811928080005	18	18	108
454	1	12	90.9234417840232	28.2016532930083	71.7429838619714	71.8119477725102	18	18	108
455	1	12	90.9234417840232	28.2016532930083	71.7429838619714	71.811967378455	18	18	108
456	1	12	90.9234417840232	28.2016532930083	71.7429838619714	71.8119868984087	18	18	108
457	1	12	90.9234417840232	28.2016532930083	71.7429838619714	71.8120063329359	18	18	108
458	1	12	90.9234417840232	28.2016532930083	71.7429838619714	71.8120256825962	18	18	108
459	1	12	90.9234417840232	28.2016532930083	71.7429838619714	71.8120449479443	18	18	108
460	1	12	90.9234417840232	28.2016532930083	71.7429838619714	71.81206412953	18	18	108
461	1	12	90.9234417840232	28.2016532930083	71.7429838619714	71.8120832278983	18	18	108
462	1	12	90.9234417840232	28.2016532930083	71.7429838619714	71.8121022435898	18	18	108
463	1	12	90.9234417840232	28.2016532930083	71.7429838619714	71.8121211771401	18	18	108
464	1	12	90.9234417840232	28.2016532930083	71.7429838619714	71.8121400290802	18	18	108
465	1	12	90.9234417840232	28.2016532930083	71.7429838619714	71.8121587999367	18	18	108
466	1	12	90.9234417840232	28.2016532930083	71.7429838619714	71.8121774902316	18	18	108
467	1	12	90.9234417840232	28.2016532930083	71.7429838619714	71.8121961004824	18	18	108
468	1	12	90.9234417840232	28.2016532930083	71.7429838619714	71.8122146312022	18	18	108
469	1	12	90.9234417840232	28.2016532930083	71.7429838619714	71.8122330828998	18	18	108
470	1	12	90.9234417840232	28.2016532930083	71.7429838619714	71.8122514560795	18	18	108
471	1	12	90.9234417840232	28.2016532930083	71.7429838619714	71.8122697512414	18	18	108
472	1	12	90.9234417840232	28.2016532930083	71.7429838619714	71.8122879688815	18	18	108
473	1	12	90.9234417840232	28.2016532930083	71.7429838619714	71.8123061094914	18	18	108
474	1	12	90.9234417840232	28.2016532930083	71.7429838619714	71.8123241735586	18	18	108
475	1	12	90.9234417840232	28.2016532930083	71.7429838619714	71.8123421615666	18	18	108
476	1	12	90.9234417840232	28.2016532930083	71.7429838619714	71.8123600739947	18	18	108
477	1	12	90.9234417840232	28.2016532930083	71.7429838619714	71.8123779113183	18	18	108
478	1	12	90.9234417840232	28.2016532930083	71.7429838619714	71.8123956740088	18	18	108
479	1	12	90.9234417840232	28.2016532930083	71.7429838619714	71.8124133625335	18	18	108
480	1	12	90.9234417840232	28.2016532930083	71.7429838619714	71.812430977356	18	18	108
481	1	12	90.9234417840232	28.2016532930083	71.7429838619714	71.8124485189361	18	18	108
482	1	12	90.9234417840232	28.2016532930083	71.7429838619714	71.8124659877295	18	18	108
483	1	12	90.9234417840232	28.2016532930083	71.7429838619714	71.8124833841883	18	18	108
484	1	12	90.9234417840232	28.2016532930083	71.7429838619714	71.812500708761	18	18	108
485	1	12	90.9234417840232	28.2016532930083	71.7429838619714	71.8125179618921	18	18	108
486	1	12	90.9234417840232	28.2016532930083	71.7429838619714	71.8125351440227	18	18	108
487	1	12	90.9234417840232	28.2016532930083	71.7429838619714	71.8125522555901	18	18	108
488	1	12	90.9234417840232	28.2016532930083	71.7429838619714	71.8125692970282	18	18	108
489	1	12	90.9234417840232	28.2016532930083	71.7429838619714	71.8125862687671	18	18	108
490	1	12	90.9234417840232	28.2016532930083	71.7429838619714	71.8126031712336	18	18	108
491	1	12	90.9234417840232	28.2016532930083	71.7429838619714	71.812620004851	18	18	108
492	1	12	90.9234417840232	28.2016532930083	71.7429838619714	71.812636770039	18	18	108
493	1	12	90.9234417840232	28.2016532930083	71.7429838619714	71.8126534672141	18	18	108
494	1	12	90.9234417840232	28.2016532930083	71.7429838619714	71.8126700967892	18	18	108
495	1	12	90.9234417840232	28.2016532930083	71.7429838619714	71.8126866591742	18	18	108
496	1	12	90.9234417840232	28.2016532930083	71.7429838619714	71.8127031547754	18	18	108
497	1	12	90.9234417840232	28.2016532930083	71.7429838619714	71.8127195839959	18	18	108
498	1	12	90.9234417840232	28.2016532930083	71.7429838619714	71.8127359472356	18	18	108
499	1	12	90.9234417840232	28.2016532930083	71.7429838619714	71.8127522448911	18	18	108
500	1	12	90.9234417840232	28.2016532930083	71.7429838619714	71.812768477356	18	18	108
501	1	12	90.9234417840232	28.2016532930083	71.7429838619714	71.8127846450207	18	18	108
502	1	12	90.9234417840232	28.2016532930083	71.7429838619714	71.8128007482724	18	18	108
503	1	12	90.9234417840232	28.2016532930083	71.7429838619714	71.8128167874952	18	18	108
504	1	12	90.9234417840232	28.2016532930083	71.7429838619714	71.8128327630703	18	18	108
505	1	12	90.9234417840232	28.2016532930083	71.7429838619714	71.8128486753758	18	18	108
506	1	12	90.9234417840232	28.2016532930083	71.7429838619714	71.8128645247869	18	18	108
507	1	12	90.9234417840232	28.2016532930083	71.7429838619714	71.8128803116756	18	18	108
508	1	12	90.9234417840232	28.2016532930083	71.7429838619714	71.8128960364112	18	18	108
509	1	12	90.9234417840232	28.2016532930083	71.7429838619714	71.81291169936	18	18	108
510	1	12	90.9234417840232	28.2016532930083	71.7429838619714	71.8129273008855	18	18	108
511	1	12	90.9234417840232	28.2016532930083	71.7429838619714	71.8129428413482	18	18	108
512	1	12	90.9234417840232	28.2016532930083	71.7429838619714	71.8129583211061	18	18	108
513	1	12	90.9234417840232	28.2016532930083	71.7429838619714	71.8129737405139	18	18	108
514	1	12	90.9234417840232	28.2016532930083	71.7429838619714	71.8129890999241	18	18	108
515	1	12	90.9234417840232	28.2016532930083	71.7429838619714	71.8130043996862	18	18	108
516	1	12	90.9234417840232	28.2016532930083	71.7429838619714	71.8130196401467	18	18	108
517	1	12	90.9234417840232	28.2016532930083	71.7429838619714	71.81303482165	18	18	108
518	1	12	90.9234417840232	28.2016532930083	71.7429838619714	71.8130499445375	18	18	108
519	1	12	90.9234417840232	28.2016532930083	71.7429838619714	71.8130650091479	18	18	108
520	1	12	90.9234417840232	28.2016532930083	71.7429838619714	71.8130800158176	18	18	108
521	1	12	90.9234417840232	28.2016532930083	71.7429838619714	71.81309496488	18	18	108
522	1	12	90.9234417840232	28.2016532930083	71.7429838619714	71.8131098566664	18	18	108
523	1	12	90.9234417840232	28.2016532930083	71.7429838619714	71.8131246915052	18	18	108
524	1	12	90.9234417840232	28.2016532930083	71.7429838619714	71.8131394697225	18	18	108
525	1	12	90.9234417840232	28.2016532930083	71.7429838619714	71.8131541916418	18	18	108
526	1	12	90.9234417840232	28.2016532930083	71.7429838619714	71.8131688575842	18	18	108
527	1	12	90.9234417840232	28.2016532930083	71.7429838619714	71.8131834678684	18	18	108
528	1	12	90.9234417840232	28.2016532930083	71.7429838619714	71.8131980228106	18	18	108
529	1	12	90.9234417840232	28.2016532930083	71.7429838619714	71.8132125227247	18	18	108
530	1	12	90.9234417840232	28.2016532930083	71.7429838619714	71.8132269679221	18	18	108
531	1	12	90.9234417840232	28.2016532930083	71.7429838619714	71.813241358712	18	18	108
532	1	12	90.9234417840232	28.2016532930083	71.7429838619714	71.8132556954012	18	18	108
533	1	12	90.9234417840232	28.2016532930083	71.7429838619714	71.8132699782941	18	18	108
534	1	12	90.9234417840232	28.2016532930083	71.7429838619714	71.8132842076931	18	18	108
535	1	12	90.9234417840232	28.2016532930083	71.7429838619714	71.8132983838981	18	18	108
536	1	12	90.9234417840232	28.2016532930083	71.7429838619714	71.8133125072068	18	18	108
537	1	12	90.9234417840232	28.2016532930083	71.7429838619714	71.8133265779147	18	18	108
538	1	12	90.9234417840232	28.2016532930083	71.7429838619714	71.8133405963152	18	18	108
539	1	12	90.9234417840232	28.2016532930083	71.7429838619714	71.8133545626993	18	18	108
540	1	12	90.9234417840232	28.2016532930083	71.7429838619714	71.8133684773561	18	18	108
541	1	12	90.9234417840232	28.2016532930083	71.7429838619714	71.8133823405723	18	18	108
542	1	12	90.9234417840232	28.2016532930083	71.7429838619714	71.8133961526328	18	18	108
543	1	12	90.9234417840232	28.2016532930083	71.7429838619714	71.8134099138201	18	18	108
544	1	12	90.9234417840232	28.2016532930083	71.7429838619714	71.8134236244149	18	18	108
545	1	12	90.9234417840232	28.2016532930083	71.7429838619714	71.8134372846955	18	18	108
546	1	12	90.9234417840232	28.2016532930083	71.7429838619714	71.8134508949385	18	18	108
547	1	12	90.9234417840232	28.2016532930083	71.7429838619714	71.8134644554182	18	18	108
548	1	12	90.9234417840232	28.2016532930083	71.7429838619714	71.8134779664071	18	18	108
549	1	12	90.9234417840232	28.2016532930083	71.7429838619714	71.8134914281757	18	18	108
550	1	12	90.9234417840232	28.2016532930083	71.7429838619714	71.8135048409924	18	18	108
551	1	12	90.9234417840232	28.2016532930083	71.7429838619714	71.8135182051237	18	18	108
552	1	12	90.9234417840232	28.2016532930083	71.7429838619714	71.8135315208343	18	18	108
553	1	12	90.9234417840232	28.2016532930083	71.7429838619714	71.8135447883868	18	18	108
554	1	12	90.9234417840232	28.2016532930083	71.7429838619714	71.813558008042	18	18	108
555	1	12	90.9234417840232	28.2016532930083	71.7429838619714	71.8135711800587	18	18	108
556	1	12	90.9234417840232	28.2016532930083	71.7429838619714	71.8135843046942	18	18	108
557	1	12	90.9234417840232	28.2016532930083	71.7429838619714	71.8135973822034	18	18	108
