"Iteration #"	"Inertia"	"Number of features"	"CV best"	"Permuted CV best"	"Global best fitness"	"Current best fitness"	"Number of features in current best agent"	"Number of features in global best"	"Number of features in local best"
1	1	40	77.2898185436556	34.2869452491399	42.0220577888993	42.0220577888993	40	40	800
2	1	40	77.2898185436556	34.2869452491399	46.5220577888993	46.5220577888993	40	40	760
3	1	32	77.2898185436556	34.2869452491399	48.0220577888993	48.0220577888993	40	40	760
4	1	40	77.2898185436556	34.2869452491399	48.7720577888993	48.7720577888993	40	40	760
5	1	40	77.2898185436556	34.2869452491399	49.2220577888993	49.2220577888993	40	40	760
6	1	34	79.5629031089825	36.1774058839656	51.3896598796277	51.3896598796277	40	34	34
7	1	34	79.5629031089825	36.1774058839656	51.3896598796277	49.736343503185	40	34	760
8	1	34	79.5629031089825	36.1774058839656	51.3896598796277	49.8970577888993	40	34	760
9	1	34	79.5629031089825	36.1774058839656	51.3896598796277	50.0220577888993	40	34	760
10	1	34	79.5629031089825	36.1774058839656	51.3896598796277	51.0574403172501	40	34	34
11	1	32	80.1294641829925	36.4545348503545	53.471600509673	53.471600509673	40	32	32
12	1	32	80.1294641829925	36.4545348503545	53.471600509673	53.5261459642184	40	32	32
13	1	32	80.1294641829925	36.4545348503545	53.5722998103723	53.5722998103723	40	32	32
14	1	32	80.1294641829925	36.4545348503545	53.5722998103723	53.6118602499327	40	32	32
15	1	32	80.1294641829925	36.4545348503545	53.5722998103723	53.6461459642184	40	32	32
16	1	32	80.1294641829925	36.4545348503545	53.5722998103723	52.123607214836	40	32	32
17	1	32	80.1294641829925	36.4545348503545	53.5722998103723	53.4243910294304	40	32	32
18	1	32	80.9125137669715	34.5570589378597	54.6694440687268	54.6694440687268	40	32	32
19	1	32	80.9125137669715	34.5570589378597	54.6694440687268	50.548373578373	40	32	760
20	1	32	80.9125137669715	34.5570589378597	54.6694440687268	54.3308174321865	40	32	32
21	1	32	80.9125137669715	34.5570589378597	54.6694440687268	54.0916175519382	40	32	32
22	1	32	80.9125137669715	34.5570589378597	54.6694440687268	54.1076889805096	40	32	32
23	1	32	80.9125137669715	34.5570589378597	54.6694440687268	54.1223628935531	40	32	32
24	1	32	80.9125137669715	34.5570589378597	54.6694440687268	54.7694440687268	40	32	32
25	1	32	80.9125137669715	34.5570589378597	54.7814440687268	54.7814440687268	40	32	32
26	1	32	80.9125137669715	34.5570589378597	54.7814440687268	50.6759039427455	40	32	760
27	1	32	80.9125137669715	34.5570589378597	54.7814440687268	50.688724455566	40	32	760
28	1	32	80.9125137669715	34.5570589378597	54.7814440687268	52.0136407553	40	32	32
29	1	32	80.9125137669715	34.5570589378597	54.7814440687268	50.7117129613131	40	32	760
30	1	32	80.9125137669715	34.5570589378597	54.7814440687268	52.4288416511045	40	32	32
31	1	32	83.1645143126247	33.1581709917131	57.3665190868643	57.3665190868643	40	32	32
32	1	32	83.1645143126247	33.1581709917131	57.3665190868643	52.8318846000043	40	32	32
33	1	32	83.1645143126247	33.1581709917131	57.3665190868643	53.3734349759285	40	32	32
34	1	32	83.1645143126247	33.1581709917131	57.3665190868643	53.8301415976357	40	32	32
35	1	32	83.1645143126247	33.1581709917131	57.3665190868643	53.2111340467835	40	32	32
36	1	31	84.060487538377	32.2686639030107	57.5441064772309	57.5441064772309	40	31	31
37	1	31	84.060487538377	32.2686639030107	57.5441064772309	50.7788145456561	40	31	760
38	1	31	84.060487538377	32.2686639030107	57.5441064772309	50.7852156836362	40	31	760
39	1	31	84.060487538377	32.2686639030107	57.5441064772309	50.7912885581301	40	31	760
40	1	31	84.060487538377	32.2686639030107	57.5441064772309	50.7970577888993	40	31	760
41	1	31	84.060487538377	32.2686639030107	57.5441064772309	50.8025455937774	40	31	760
42	1	31	84.060487538377	32.2686639030107	57.5441064772309	50.8077720746136	40	31	760
43	1	31	84.060487538377	32.2686639030107	57.5441064772309	50.8127554633179	40	31	760
44	1	31	84.060487538377	32.2686639030107	57.5441064772309	54.3000990687848	40	31	31
45	1	31	84.060487538377	32.2686639030107	57.5441064772309	57.5828564772309	40	31	31
46	1	31	84.060487538377	32.2686639030107	57.5441064772309	50.8264056149863	40	31	760
47	1	31	84.060487538377	32.2686639030107	57.5441064772309	53.6227884788033	40	31	31
48	1	31	84.060487538377	32.2686639030107	57.5441064772309	57.5925439772309	40	31	589
49	1	31	84.060487538377	32.2686639030107	57.5441064772309	57.5955095384554	40	31	589
50	1	31	84.060487538377	32.2686639030107	57.5441064772309	57.5983564772309	40	31	589
51	1	31	84.060487538377	32.2686639030107	57.5441064772309	57.6010917713485	40	31	589
52	1	31	84.060487538377	32.2686639030107	57.5441064772309	57.6037218618462	40	31	589
53	1	31	84.060487538377	32.2686639030107	57.5441064772309	57.606252703646	40	31	589
54	1	31	84.060487538377	32.2686639030107	57.5441064772309	57.6086898105642	40	31	589
55	1	31	84.060487538377	32.2686639030107	57.5441064772309	57.6110382954127	40	31	589
56	1	31	84.060487538377	32.2686639030107	57.5441064772309	57.6133029058023	40	31	589
57	1	31	84.060487538377	32.2686639030107	57.5441064772309	57.6154880561782	40	31	589
58	1	31	84.060487538377	32.2686639030107	57.5441064772309	57.6175978565412	40	31	589
59	1	31	84.060487538377	32.2686639030107	57.5441064772309	57.6196361382478	40	31	589
60	1	31	84.060487538377	32.2686639030107	57.5441064772309	57.6216064772309	40	31	589
61	1	31	84.060487538377	32.2686639030107	57.5441064772309	57.6235122149358	40	31	589
62	1	31	84.060487538377	32.2686639030107	57.5441064772309	57.6253564772309	40	31	589
63	1	31	84.060487538377	32.2686639030107	57.5441064772309	57.6271421915166	40	31	589
64	1	31	84.060487538377	32.2686639030107	57.5441064772309	57.6288721022309	40	31	589
65	1	31	84.060487538377	32.2686639030107	57.5441064772309	57.6305487849232	40	31	589
66	1	31	84.060487538377	32.2686639030107	57.5441064772309	57.632174659049	40	31	589
67	1	31	84.060487538377	32.2686639030107	57.5441064772309	57.6337519996189	40	31	589
68	1	31	84.060487538377	32.2686639030107	57.5441064772309	57.6352829478191	40	31	589
69	1	31	84.060487538377	32.2686639030107	57.5441064772309	57.6367695207091	40	31	589
70	1	31	84.060487538377	32.2686639030107	57.5441064772309	57.638213620088	40	31	589
71	1	31	84.060487538377	32.2686639030107	57.5441064772309	57.6396170406111	40	31	589
72	1	31	84.060487538377	32.2686639030107	57.5441064772309	57.6409814772309	40	31	589
73	1	31	84.060487538377	32.2686639030107	57.5441064772309	57.6423085320254	40	31	589
74	1	31	84.060487538377	32.2686639030107	57.5441064772309	57.6435997204741	40	31	589
75	1	31	84.060487538377	32.2686639030107	57.6448564772309	57.6448564772309	40	31	589
76	1	31	84.060487538377	32.2686639030107	57.6448564772309	57.6460801614414	40	31	589
77	1	31	84.060487538377	32.2686639030107	57.6448564772309	57.6472720616464	40	31	589
78	1	31	84.060487538377	32.2686639030107	57.6448564772309	57.6484334003078	40	31	589
79	1	31	84.060487538377	32.2686639030107	57.6448564772309	57.6495653379904	40	31	589
80	1	31	84.060487538377	32.2686639030107	57.6448564772309	57.6506689772309	40	31	589
81	1	31	84.060487538377	32.2686639030107	57.6448564772309	57.6517453661197	40	31	589
82	1	31	84.060487538377	32.2686639030107	57.6448564772309	57.6527955016211	40	31	589
83	1	31	84.060487538377	32.2686639030107	57.6448564772309	57.6538203326526	40	31	589
84	1	31	84.060487538377	32.2686639030107	57.6448564772309	57.6548207629451	40	31	589
85	1	31	84.060487538377	32.2686639030107	57.6448564772309	57.6557976537014	40	31	589
86	1	31	84.060487538377	32.2686639030107	57.6448564772309	57.6567518260681	40	31	589
87	1	31	84.060487538377	32.2686639030107	57.6448564772309	54.2126094470828	40	31	437
88	1	31	84.060487538377	32.2686639030107	57.6448564772309	54.2132853875216	40	31	437
89	1	31	84.060487538377	32.2686639030107	57.6448564772309	54.2139461382877	40	31	437
90	1	31	84.060487538377	32.2686639030107	57.6448564772309	54.2145922057034	40	31	437
91	1	31	84.060487538377	32.2686639030107	57.6448564772309	54.2152240738353	40	31	437
92	1	31	84.060487538377	32.2686639030107	57.6448564772309	54.2158422057034	40	31	437
93	1	31	84.060487538377	32.2686639030107	57.6448564772309	54.2164470444131	40	31	437
94	1	31	84.060487538377	32.2686639030107	57.6448564772309	54.2170390142141	40	31	437
95	1	31	84.060487538377	32.2686639030107	57.6448564772309	54.2176185214929	40	31	437
96	1	31	84.060487538377	32.2686639030107	57.6448564772309	54.2181859557034	40	31	437
97	1	31	84.060487538377	32.2686639030107	57.6448564772309	54.2187416902395	40	31	437
98	1	31	84.060487538377	32.2686639030107	57.6448564772309	56.0268455611331	40	31	418
99	1	31	84.060487538377	32.2686639030107	57.6448564772309	56.0273557652148	40	31	418
100	1	31	84.060487538377	32.2686639030107	57.6448564772309	56.0278557652148	40	31	418
101	1	31	84.060487538377	32.2686639030107	57.6448564772309	56.0283458642247	40	31	418
102	1	31	84.060487538377	32.2686639030107	57.6448564772309	56.02882635345	40	31	418
103	1	31	84.060487538377	32.2686639030107	57.6448564772309	56.0292975127876	40	31	418
104	1	31	84.060487538377	32.2686639030107	57.6448564772309	56.0297596113686	40	31	418
105	1	31	84.060487538377	32.2686639030107	57.6448564772309	56.0302129080719	40	31	418
106	1	31	84.060487538377	32.2686639030107	57.6448564772309	56.0306576520072	40	31	418
107	1	31	84.060487538377	32.2686639030107	57.6448564772309	56.0310940829718	40	31	418
108	1	31	84.060487538377	32.2686639030107	57.6448564772309	56.0315224318814	40	31	418
109	1	31	84.060487538377	32.2686639030107	57.6448564772309	52.7786496462811	40	31	247
110	1	31	84.060487538377	32.2686639030107	57.6448564772309	52.7788935995755	40	31	247
111	1	31	84.060487538377	32.2686639030107	57.6448564772309	57.0755919886239	40	31	16
112	1	31	84.060487538377	32.2686639030107	57.6448564772309	57.0758815639134	40	31	16
113	1	31	84.060487538377	32.2686639030107	57.6448564772309	57.0761660139767	40	31	16
114	1	31	84.060487538377	32.2686639030107	57.6448564772309	57.0764454736879	40	31	16
115	1	31	84.060487538377	32.2686639030107	57.6448564772309	57.0767200732302	40	31	16
116	1	31	84.060487538377	32.2686639030107	57.6448564772309	52.7802689914251	40	31	247
117	1	31	84.060487538377	32.2686639030107	57.6448564772309	52.7804845086664	40	31	247
118	1	31	84.060487538377	32.2686639030107	57.6448564772309	52.7806963730732	40	31	247
119	1	31	84.060487538377	32.2686639030107	57.6448564772309	55.9468797171302	40	31	16
120	1	31	84.060487538377	32.2686639030107	57.6448564772309	49.8448989843083	40	31	209
121	1	31	84.060487538377	32.2686639030107	57.6448564772309	49.8450694388538	40	31	209
122	1	31	84.060487538377	32.2686639030107	57.6448564772309	56.5241097736463	40	31	22
123	1	31	84.060487538377	32.2686639030107	57.6448564772309	56.1192391357932	40	31	22
124	1	31	84.060487538377	32.2686639030107	57.6448564772309	49.845564306889	40	31	209
125	1	31	84.060487538377	32.2686639030107	57.6448564772309	49.8457239843083	40	31	209
126	1	31	84.060487538377	32.2686639030107	57.6448564772309	53.0270188127892	40	31	22
127	1	31	84.060487538377	32.2686639030107	57.6448564772309	54.7145595823858	40	31	22
128	1	31	84.060487538377	32.2686639030107	57.6448564772309	52.2171372032161	40	31	22
129	1	31	84.060487538377	32.2686639030107	57.6448564772309	53.4031717014825	40	31	22
130	1	31	84.060487538377	32.2686639030107	57.6448564772309	51.8656524132806	40	31	22
131	1	31	84.060487538377	32.2686639030107	57.6448564772309	53.0308622018173	40	31	24
132	1	31	84.060487538377	32.2686639030107	57.6448564772309	52.2793001131403	40	31	24
133	1	31	84.060487538377	32.2686639030107	57.6448564772309	50.448003840354	40	31	24
134	1	31	84.060487538377	32.2686639030107	57.6448564772309	49.8658839773617	40	31	24
135	1	31	84.060487538377	32.2686639030107	57.6448564772309	53.3663641849287	40	31	27
136	1	31	84.060487538377	32.2686639030107	57.6448564772309	49.8473254548965	40	31	209
137	1	31	82.6166844656043	28.8636290756122	62.25150503196	62.25150503196	40	31	31
138	1	31	82.6166844656043	28.8636290756122	62.25150503196	62.2518739624582	40	31	31
139	1	31	82.6166844656043	28.8636290756122	62.25150503196	62.252237584604	40	31	31
140	1	31	82.6166844656043	28.8636290756122	62.25150503196	62.2525960121477	40	31	31
141	1	31	82.6166844656043	28.8636290756122	62.25150503196	53.3054328968653	40	31	31
142	1	31	82.6166844656043	28.8636290756122	62.25150503196	53.6340776831037	40	31	31
143	1	31	82.6166844656043	28.8636290756122	62.25150503196	57.5662066620948	40	31	31
144	1	31	82.6166844656043	28.8636290756122	62.25150503196	60.6786041695069	40	31	31
145	1	31	82.6166844656043	28.8636290756122	62.25150503196	60.6789382212311	40	31	31
146	1	31	82.6166844656043	28.8636290756122	62.25150503196	49.8485719295138	40	31	209
147	1	31	82.6166844656043	28.8636290756122	62.25150503196	56.9831251051368	40	31	31
148	1	31	82.6166844656043	28.8636290756122	62.25150503196	49.8488010113353	40	31	209
149	1	31	82.6166844656043	28.8636290756122	62.25150503196	49.8489132460533	40	31	209
150	1	31	82.6166844656043	28.8636290756122	62.25150503196	49.8490239843083	40	31	209
151	1	31	82.6166844656043	28.8636290756122	62.25150503196	49.8491332558315	40	31	209
152	1	31	82.6166844656043	28.8636290756122	62.25150503196	49.8492410895715	40	31	209
153	1	31	82.6166844656043	28.8636290756122	62.25150503196	49.8493475137201	40	31	209
154	1	31	82.6166844656043	28.8636290756122	62.25150503196	49.8494525557369	40	31	209
155	1	31	82.6166844656043	28.8636290756122	62.25150503196	49.8495562423728	40	31	209
156	1	31	82.6166844656043	28.8636290756122	62.25150503196	49.8496585996929	40	31	209
157	1	31	82.6166844656043	28.8636290756122	62.25150503196	49.8497596530981	40	31	209
158	1	31	82.6166844656043	28.8636290756122	62.25150503196	49.8498594273463	40	31	209
159	1	31	82.6166844656043	28.8636290756122	62.25150503196	54.3768728064379	40	31	25
160	1	31	82.6166844656043	28.8636290756122	62.25150503196	52.6284732716099	40	31	24
161	1	31	82.6166844656043	28.8636290756122	62.25150503196	49.8501513135009	40	31	209
162	1	31	82.6166844656043	28.8636290756122	62.25150503196	49.8502462065305	40	31	209
163	1	31	82.6166844656043	28.8636290756122	62.25150503196	49.8503399352286	40	31	209
164	1	31	82.6166844656043	28.8636290756122	62.25150503196	51.6534587696357	40	31	24
165	1	31	82.6166844656043	28.8636290756122	62.25150503196	49.8505239843083	40	31	209
166	1	31	82.6166844656043	28.8636290756122	62.25150503196	49.8506143457541	40	31	209
167	1	31	82.6166844656043	28.8636290756122	62.25150503196	49.8507036250269	40	31	209
168	1	31	82.6166844656043	28.8636290756122	62.25150503196	49.8507918414512	40	31	209
169	1	31	82.6166844656043	28.8636290756122	62.25150503196	49.8508790138941	40	31	209
170	1	31	82.6166844656043	28.8636290756122	62.25150503196	50.1049495102984	40	31	24
171	1	31	82.6166844656043	28.8636290756122	62.25150503196	49.8510503000978	40	31	209
172	1	31	82.6166844656043	28.8636290756122	62.25150503196	49.8511344494246	40	31	209
173	1	31	82.6166844656043	28.8636290756122	62.25150503196	49.8512176259268	40	31	209
174	1	31	82.6166844656043	28.8636290756122	62.25150503196	49.8512998463773	40	31	209
175	1	31	82.6166844656043	28.8636290756122	62.25150503196	50.67783880621	40	31	17
176	1	31	82.6166844656043	28.8636290756122	62.25150503196	49.8514614843083	40	31	209
177	1	31	82.6166844656043	28.8636290756122	62.25150503196	53.6870900149953	40	31	19
178	1	31	82.6166844656043	28.8636290756122	62.25150503196	54.3108539237195	40	31	23
179	1	31	82.6166844656043	28.8636290756122	62.25150503196	56.1786422952709	40	31	25
180	1	31	82.6166844656043	28.8636290756122	62.25150503196	56.1788168762765	40	31	25
181	1	31	82.6166844656043	28.8636290756122	62.25150503196	49.8518499511591	40	31	209
182	1	31	82.6166844656043	28.8636290756122	62.25150503196	49.8519250832094	40	31	209
183	1	31	82.6166844656043	28.8636290756122	62.25150503196	57.3709084349453	40	31	28
184	1	31	82.6166844656043	28.8636290756122	62.25150503196	57.3710955340187	40	31	28
185	1	31	82.6166844656043	28.8636290756122	62.25150503196	57.3712806103995	40	31	28
186	1	31	82.6166844656043	28.8636290756122	62.25150503196	52.9074795814427	40	31	28
187	1	31	82.6166844656043	28.8636290756122	62.25150503196	49.8654058300227	40	31	28
188	1	31	82.6166844656043	28.8636290756122	62.25150503196	61.0777034924527	40	31	30
189	1	31	82.6166844656043	28.8636290756122	62.25150503196	62.2655126788143	40	31	31
190	1	31	82.6166844656043	28.8636290756122	62.25150503196	62.2657069144033	40	31	31
191	1	31	82.6166844656043	28.8636290756122	62.25150503196	58.2660005463439	40	31	31
192	1	31	82.6166844656043	28.8636290756122	62.25150503196	58.1337277956364	40	31	31
193	1	31	82.6166844656043	28.8636290756122	62.25150503196	49.8527001501114	40	31	209
194	1	31	82.6166844656043	28.8636290756122	62.25150503196	49.8527662523495	40	31	209
195	1	31	82.6166844656043	28.8636290756122	62.25150503196	49.852831676616	40	31	209
196	1	31	82.6166844656043	28.8636290756122	62.25150503196	49.8528964332879	40	31	209
197	1	31	82.6166844656043	28.8636290756122	62.25150503196	49.8529605325317	40	31	209
198	1	31	82.6166844656043	28.8636290756122	62.25150503196	55.1685262968235	40	31	29
199	1	31	82.6166844656043	28.8636290756122	62.25150503196	54.498065175747	40	31	29
200	1	31	82.6166844656043	28.8636290756122	62.25150503196	51.6012383363195	40	31	29
201	1	31	82.6166844656043	28.8636290756122	62.25150503196	49.8532105514725	40	31	209
202	1	31	82.6166844656043	28.8636290756122	62.25150503196	53.9889983982059	40	31	29
203	1	31	82.6166844656043	28.8636290756122	62.25150503196	53.1636794863973	40	31	29
204	1	31	82.6166844656043	28.8636290756122	62.25150503196	51.5585372880975	40	31	28
205	1	31	82.6166844656043	28.8636290756122	62.25150503196	49.8534508135766	40	31	209
206	1	31	82.6166844656043	28.8636290756122	62.25150503196	49.8535094212015	40	31	209
207	1	31	82.6166844656043	28.8636290756122	62.25150503196	49.8535674625692	40	31	209
208	1	31	82.6166844656043	28.8636290756122	62.25150503196	49.8536249458468	40	31	209
209	1	31	82.6166844656043	28.8636290756122	62.25150503196	50.7389691730741	40	31	28
210	1	31	82.6166844656043	28.8636290756122	62.25150503196	49.8537382700226	40	31	209
211	1	31	82.6166844656043	28.8636290756122	62.25150503196	49.8537941264884	40	31	209
212	1	31	82.6166844656043	28.8636290756122	62.25150503196	51.4898825001482	40	31	28
213	1	31	82.6166844656043	28.8636290756122	62.25150503196	53.1312996883356	40	31	26
214	1	31	82.6166844656043	28.8636290756122	62.25150503196	53.1314280284699	40	31	26
215	1	31	82.6166844656043	28.8636290756122	62.25150503196	53.1315551747425	40	31	26
216	1	31	82.6166844656043	28.8636290756122	62.25150503196	50.2061222386149	40	31	26
217	1	31	82.6166844656043	28.8636290756122	62.25150503196	49.8541184543544	40	31	209
218	1	31	82.6166844656043	28.8636290756122	62.25150503196	49.8541707732991	40	31	209
219	1	31	82.6166844656043	28.8636290756122	62.25150503196	49.8542226144453	40	31	209
220	1	31	82.6166844656043	28.8636290756122	62.25150503196	49.8542739843083	40	31	209
221	1	31	82.6166844656043	28.8636290756122	62.25150503196	50.9977966938524	40	31	26
222	1	31	82.6166844656043	28.8636290756122	62.25150503196	49.8543753356597	40	31	209
223	1	31	82.6166844656043	28.8636290756122	62.25150503196	51.4911913037695	40	31	26
224	1	31	82.6166844656043	28.8636290756122	62.25150503196	53.1326484056395	40	31	26
225	1	31	82.6166844656043	28.8636290756122	62.25150503196	53.132764477068	40	31	26
226	1	31	82.6166844656043	28.8636290756122	62.25150503196	49.8545726568747	40	31	209
227	1	31	82.6166844656043	28.8636290756122	62.25150503196	51.421389071907	40	31	22
228	1	31	82.6166844656043	28.8636290756122	62.25150503196	55.1363860991347	40	31	22
229	1	31	82.6166844656043	28.8636290756122	62.25150503196	49.8547161240463	40	31	209
230	1	31	82.6166844656043	28.8636290756122	62.25150503196	54.9651117818974	40	31	22
231	1	31	82.6166844656043	28.8636290756122	62.25150503196	50.9988452625141	40	31	22
232	1	31	82.6166844656043	28.8636290756122	62.25150503196	49.85485588086	40	31	209
233	1	31	82.6166844656043	28.8636290756122	62.25150503196	49.8549016667117	40	31	209
234	1	31	82.6166844656043	28.8636290756122	62.25150503196	49.8549470612314	40	31	209
235	1	31	82.6166844656043	28.8636290756122	62.25150503196	49.8549920694147	40	31	209
236	1	31	82.6166844656043	28.8636290756122	62.25150503196	49.8550366961727	40	31	209
237	1	31	82.6166844656043	28.8636290756122	62.25150503196	48.9723054304018	40	31	18
238	1	31	82.6166844656043	28.8636290756122	62.25150503196	46.9005152298803	40	31	18
239	1	31	82.6166844656043	28.8636290756122	62.25150503196	46.5477421338025	40	31	190
240	1	31	82.6166844656043	28.8636290756122	62.25150503196	53.7878212047275	40	31	23
241	1	31	82.6166844656043	28.8636290756122	62.25150503196	52.9892079647934	40	31	23
242	1	31	82.6166844656043	28.8636290756122	62.25150503196	53.6171877839061	40	31	23
243	1	31	82.6166844656043	28.8636290756122	62.25150503196	53.5017627258078	40	31	23
244	1	31	82.6166844656043	28.8636290756122	62.25150503196	51.9365316008247	40	31	23
245	1	31	82.6166844656043	28.8636290756122	62.25150503196	56.0880666872094	40	31	22
246	1	31	82.6166844656043	28.8636290756122	62.25150503196	53.9155908202628	40	31	22
247	1	31	82.6166844656043	28.8636290756122	62.25150503196	48.3807871696814	40	31	22
248	1	31	82.6166844656043	28.8636290756122	62.25150503196	50.908650647701	40	31	23
249	1	31	82.6166844656043	28.8636290756122	62.25150503196	53.0510625114218	40	31	21
250	1	31	82.6166844656043	28.8636290756122	62.25150503196	60.4092994800815	40	31	24
251	1	31	82.6166844656043	28.8636290756122	62.25150503196	55.7964548183568	40	31	24
252	1	31	82.6166844656043	28.8636290756122	62.25150503196	53.7539773115464	40	31	24
253	1	31	82.6166844656043	28.8636290756122	62.25150503196	52.5431169503406	40	31	24
254	1	31	82.6166844656043	28.8636290756122	62.25150503196	56.2785500721239	40	31	24
255	1	31	82.6166844656043	28.8636290756122	62.25150503196	52.8691354113995	40	31	24
256	1	31	82.6166844656043	28.8636290756122	62.25150503196	53.482970863612	40	31	24
257	1	31	82.6166844656043	28.8636290756122	62.25150503196	50.9631658176895	40	31	24
258	1	31	82.6166844656043	28.8636290756122	62.25150503196	53.7999044652968	40	31	24
259	1	31	82.6166844656043	28.8636290756122	62.25150503196	53.7999953784692	40	31	27
260	1	31	82.6166844656043	28.8636290756122	62.25150503196	51.127103949973	40	31	27
261	1	31	82.6166844656043	28.8636290756122	62.25150503196	51.8751358601885	40	31	27
262	1	31	82.6166844656043	28.8636290756122	62.25150503196	58.065690061457	40	31	28
263	1	31	82.6166844656043	28.8636290756122	62.25150503196	52.6388157434012	40	31	28
264	1	31	82.6166844656043	28.8636290756122	62.25150503196	56.6259914791351	40	31	28
265	1	31	82.6166844656043	28.8636290756122	62.25150503196	56.3389445108856	40	31	28
266	1	31	82.6166844656043	28.8636290756122	62.25150503196	51.5556743001422	40	31	28
267	1	31	82.6166844656043	28.8636290756122	62.25150503196	50.71844290053	40	31	28
268	1	31	82.6166844656043	28.8636290756122	62.25150503196	50.7185215102902	40	31	28
269	1	31	82.6166844656043	28.8636290756122	62.25150503196	55.3478832935576	40	31	28
270	1	31	82.6166844656043	28.8636290756122	62.25150503196	55.3479638387868	40	31	26
271	1	31	82.6166844656043	28.8636290756122	62.25150503196	52.5263866410831	40	31	26
272	1	31	82.6166844656043	28.8636290756122	62.25150503196	52.9803201105379	40	31	26
273	1	31	82.6166844656043	28.8636290756122	62.25150503196	58.0666589399068	40	31	28
274	1	31	82.6166844656043	28.8636290756122	62.25150503196	60.6163527540405	40	31	26
275	1	31	82.6166844656043	28.8636290756122	62.25150503196	56.8961172949654	40	31	26
276	1	31	82.6166844656043	28.8636290756122	62.25150503196	49.0845988261573	40	31	26
277	1	31	82.6166844656043	28.8636290756122	62.25150503196	54.9463421647411	40	31	26
278	1	31	82.6166844656043	28.8636290756122	62.25150503196	56.6450371271596	40	31	26
279	1	31	82.6166844656043	28.8636290756122	62.25150503196	59.6070986227672	40	31	26
280	1	31	82.6166844656043	28.8636290756122	62.25150503196	57.3299976212699	40	31	26
281	1	31	82.6166844656043	28.8636290756122	62.25150503196	59.6072535992337	40	31	27
282	1	31	82.6166844656043	28.8636290756122	62.25150503196	48.3156886696995	40	31	27
283	1	31	82.6166844656043	28.8636290756122	62.25150503196	47.6265262928689	40	31	152
284	1	31	82.6166844656043	28.8636290756122	62.25150503196	52.3646096908924	40	31	27
285	1	31	82.6166844656043	28.8636290756122	62.25150503196	47.6265709274235	40	31	152
286	1	31	82.6166844656043	28.8636290756122	62.25150503196	53.9213413945967	40	31	27
287	1	31	82.6166844656043	28.8636290756122	62.25150503196	47.6266149398937	40	31	152
288	1	31	82.6166844656043	28.8636290756122	62.25150503196	60.2544865135372	40	31	25
289	1	31	82.6166844656043	28.8636290756122	62.25150503196	47.6266583431947	40	31	152
290	1	31	82.6166844656043	28.8636290756122	62.25150503196	57.3307734833389	40	31	25
291	1	31	82.6166844656043	28.8636290756122	62.25150503196	55.7842979745129	40	31	25
292	1	31	82.6166844656043	28.8636290756122	62.25150503196	47.6267223333355	40	31	152
293	1	31	82.6166844656043	28.8636290756122	62.25150503196	55.0461409140455	40	31	26
294	1	31	82.6166844656043	28.8636290756122	62.25150503196	53.7732876833138	40	31	26
295	1	31	82.6166844656043	28.8636290756122	62.25150503196	51.3057032396361	40	31	26
296	1	31	82.6166844656043	28.8636290756122	62.25150503196	53.4822309343677	40	31	26
297	1	31	82.6166844656043	28.8636290756122	62.25150503196	56.1421691923077	40	31	24
298	1	31	82.6166844656043	28.8636290756122	62.25150503196	56.1422302051203	40	31	24
299	1	31	82.6166844656043	28.8636290756122	62.25150503196	56.1422908098206	40	31	24
300	1	31	82.6166844656043	28.8636290756122	62.25150503196	56.1423510104895	40	31	24
301	1	31	82.6166844656043	28.8636290756122	62.25150503196	60.1145151852994	40	31	26
302	1	31	82.6166844656043	28.8636290756122	62.25150503196	60.114579540319	40	31	26
303	1	31	82.6166844656043	28.8636290756122	62.25150503196	60.1146434705531	40	31	26
304	1	31	82.6166844656043	28.8636290756122	62.25150503196	60.1147069801936	40	31	26
305	1	31	82.6166844656043	28.8636290756122	62.25150503196	60.1147700733773	40	31	26
306	1	31	82.6166844656043	28.8636290756122	62.25150503196	52.4347835605554	40	31	26
307	1	31	82.6166844656043	28.8636290756122	62.25150503196	57.538191483342	40	31	26
308	1	31	82.6166844656043	28.8636290756122	62.25150503196	57.1413442977564	40	31	26
309	1	31	82.6166844656043	28.8636290756122	62.25150503196	57.1414010371336	40	31	26
310	1	31	82.6166844656043	28.8636290756122	62.25150503196	57.1414574104502	40	31	26
311	1	31	82.6166844656043	28.8636290756122	62.25150503196	50.2515259889554	40	31	133
312	1	31	82.6166844656043	28.8636290756122	62.25150503196	55.7320642371055	40	31	26
313	1	31	82.6166844656043	28.8636290756122	62.25150503196	50.2515583487552	40	31	133
314	1	31	82.6166844656043	28.8636290756122	62.25150503196	50.2515743740701	40	31	133
315	1	31	82.6166844656043	28.8636290756122	62.25150503196	50.251590297637	40	31	133
316	1	31	82.6166844656043	28.8636290756122	62.25150503196	52.3332419432205	40	31	22
317	1	31	82.6166844656043	28.8636290756122	62.25150503196	51.744218246853	40	31	22
318	1	31	82.6166844656043	28.8636290756122	62.25150503196	50.7093165372371	40	31	22
319	1	31	82.6166844656043	28.8636290756122	62.25150503196	51.3638148028315	40	31	22
320	1	31	82.6166844656043	28.8636290756122	62.25150503196	57.5529563117344	40	31	24
321	1	31	82.6166844656043	28.8636290756122	62.25150503196	50.2516837555809	40	31	133
322	1	31	82.6166844656043	28.8636290756122	62.25150503196	50.4482808271355	40	31	24
323	1	31	82.6166844656043	28.8636290756122	62.25150503196	56.9516352444628	40	31	24
324	1	31	82.6166844656043	28.8636290756122	62.25150503196	59.4327620445732	40	31	29
325	1	31	82.6166844656043	28.8636290756122	62.25150503196	59.4328240103852	40	31	29
326	1	31	82.6166844656043	28.8636290756122	62.25150503196	52.5773450830911	40	31	29
327	1	31	82.6166844656043	28.8636290756122	62.25150503196	59.4329468050217	40	31	29
328	1	31	82.6166844656043	28.8636290756122	62.25150503196	59.4330076407792	40	31	29
329	1	31	82.6166844656043	28.8636290756122	62.25150503196	59.4330681067144	40	31	29
330	1	31	82.6166844656043	28.8636290756122	62.25150503196	58.3885234614466	40	31	29
331	1	31	82.6166844656043	28.8636290756122	62.25150503196	58.3885852576564	40	31	29
332	1	31	82.6166844656043	28.8636290756122	62.25150503196	58.3886466815999	40	31	29
333	1	31	82.6166844656043	28.8636290756122	62.25150503196	58.3887077366309	40	31	29
334	1	31	82.6166844656043	28.8636290756122	62.25150503196	62.2815342071862	40	31	31
335	1	31	82.6166844656043	28.8636290756122	62.25150503196	62.2815965451967	40	31	31
336	1	31	82.6166844656043	28.8636290756122	62.25150503196	62.2816585121477	40	31	31
337	1	31	82.6166844656043	28.8636290756122	62.25150503196	51.8025549203304	40	31	31
338	1	31	82.6166844656043	28.8636290756122	62.25150503196	52.7306851370822	40	31	31
339	1	31	82.6166844656043	28.8636290756122	62.25150503196	51.66035195043	40	31	31
340	1	31	82.6166844656043	28.8636290756122	62.25150503196	60.1022808688229	40	31	31
341	1	31	82.6166844656043	28.8636290756122	62.25150503196	62.2819628952646	40	31	31
342	1	31	82.6166844656043	28.8636290756122	62.25150503196	62.282022703877	40	31	31
343	1	31	82.6166844656043	28.8636290756122	62.25150503196	62.2820821637512	40	31	31
344	1	31	82.6166844656043	28.8636290756122	62.25150503196	62.2821412779284	40	31	31
345	1	31	82.6166844656043	28.8636290756122	62.25150503196	62.2822000494148	40	31	31
346	1	31	82.6166844656043	28.8636290756122	62.25150503196	53.4919452870932	40	31	31
347	1	31	82.6166844656043	28.8636290756122	62.25150503196	55.8548305319917	40	31	30
348	1	31	82.6166844656043	28.8636290756122	62.25150503196	50.2520644355681	40	31	133
349	1	31	82.6166844656043	28.8636290756122	62.25150503196	50.7417821883608	40	31	30
350	1	31	82.6166844656043	28.8636290756122	62.25150503196	50.252090297637	40	31	133
351	1	31	82.6166844656043	28.8636290756122	62.25150503196	50.2521031181498	40	31	133
352	1	31	82.6166844656043	28.8636290756122	62.25150503196	50.2521158658188	40	31	133
353	1	31	82.6166844656043	28.8636290756122	62.25150503196	50.2521285412631	40	31	133
354	1	31	82.6166844656043	28.8636290756122	62.25150503196	50.2521411450946	40	31	133
355	1	31	82.6166844656043	28.8636290756122	62.25150503196	56.6903708094385	40	31	19
356	1	31	82.6166844656043	28.8636290756122	62.25150503196	50.2521661403336	40	31	133
357	1	31	82.6166844656043	28.8636290756122	62.25150503196	50.2521785329311	40	31	133
358	1	31	82.6166844656043	28.8636290756122	62.25150503196	46.1129428146257	40	31	18
359	1	31	82.6166844656043	28.8636290756122	62.25150503196	45.6341738294353	40	31	114
360	1	31	82.6166844656043	28.8636290756122	62.25150503196	45.6341842751177	40	31	114
361	1	31	82.6166844656043	28.8636290756122	62.25150503196	45.6341946629294	40	31	114
362	1	31	82.6166844656043	28.8636290756122	62.25150503196	46.6457856716769	40	31	13
363	1	31	82.6166844656043	28.8636290756122	62.25150503196	45.6342152668533	40	31	114
364	1	31	82.6166844656043	28.8636290756122	62.25150503196	46.6458300678884	40	31	13
365	1	31	82.6166844656043	28.8636290756122	62.25150503196	48.0371624414168	40	31	10
366	1	31	82.6166844656043	28.8636290756122	62.25150503196	45.6342457505276	40	31	114
367	1	31	82.6166844656043	28.8636290756122	62.25150503196	46.9148797062913	40	31	10
368	1	31	82.6166844656043	28.8636290756122	62.25150503196	45.6342657968569	40	31	114
369	1	31	82.6166844656043	28.8636290756122	62.25150503196	42.6393460121244	40	31	10
370	1	31	82.6166844656043	28.8636290756122	62.25150503196	53.0948537885632	40	31	14
371	1	31	82.6166844656043	28.8636290756122	62.25150503196	43.841670542646	40	31	14
372	1	31	82.6166844656043	28.8636290756122	62.25150503196	44.4272907312035	40	31	14
373	1	31	82.6166844656043	28.8636290756122	62.25150503196	50.4439324234761	40	31	14
374	1	31	82.6166844656043	28.8636290756122	62.25150503196	35.8293849028982	40	31	14
375	1	31	82.6166844656043	28.8636290756122	62.25150503196	52.7369512577599	40	31	14
376	1	31	82.6166844656043	28.8636290756122	62.25150503196	55.7381872131487	40	31	22
377	1	31	82.6166844656043	28.8636290756122	62.25150503196	56.3923641441325	40	31	24
378	1	31	82.6166844656043	28.8636290756122	62.25150503196	54.1150211478707	40	31	24
379	1	31	82.6166844656043	28.8636290756122	62.25150503196	57.5289500843467	40	31	28
380	1	31	82.6166844656043	28.8636290756122	62.25150503196	57.5289938282711	40	31	28
381	1	31	82.6166844656043	28.8636290756122	62.25150503196	57.5290373425687	40	31	28
382	1	31	82.6166844656043	28.8636290756122	62.25150503196	57.5290806290427	40	31	28
383	1	31	82.6166844656043	28.8636290756122	62.25150503196	57.5291236894777	40	31	28
384	1	31	82.6166844656043	28.8636290756122	62.25150503196	57.5291665256395	40	31	28
385	1	31	82.6166844656043	28.8636290756122	62.25150503196	57.5292091392759	40	31	28
386	1	31	82.6166844656043	28.8636290756122	62.25150503196	49.4560738483335	40	31	28
387	1	31	82.6166844656043	28.8636290756122	62.25150503196	39.6940945075939	40	31	28
388	1	31	82.6166844656043	28.8636290756122	62.25150503196	49.9689548362996	40	31	28
389	1	31	82.6166844656043	28.8636290756122	62.25150503196	38.0266811933933	40	31	28
390	1	31	82.6166844656043	28.8636290756122	62.25150503196	55.4846286774418	40	31	28
391	1	31	82.6166844656043	28.8636290756122	62.25150503196	45.2357035384421	40	31	17
392	1	31	82.6166844656043	28.8636290756122	62.25150503196	47.1487704904936	40	31	21
393	1	31	82.6166844656043	28.8636290756122	62.25150503196	47.1398392900004	40	31	21
394	1	31	82.6166844656043	28.8636290756122	62.25150503196	50.6622033453223	40	31	24
395	1	31	82.6166844656043	28.8636290756122	62.25150503196	61.0329640650889	40	31	28
396	1	31	82.6166844656043	28.8636290756122	62.25150503196	53.3182129395107	40	31	28
397	1	31	82.6166844656043	28.8636290756122	62.25150503196	52.4605190745407	40	31	28
398	1	31	82.6166844656043	28.8636290756122	62.25150503196	44.7890646521007	40	31	28
399	1	31	82.6166844656043	28.8636290756122	62.25150503196	47.9312939420639	40	31	28
400	1	31	82.6166844656043	28.8636290756122	62.25150503196	42.1498350925188	40	31	28
401	1	31	82.6166844656043	28.8636290756122	62.25150503196	55.0523326007303	40	31	28
402	1	31	82.6166844656043	28.8636290756122	62.25150503196	42.4546753366139	40	31	18
403	1	31	82.6166844656043	28.8636290756122	62.25150503196	44.2116511204597	40	31	9
404	1	31	82.6166844656043	28.8636290756122	62.25150503196	46.0157306843496	40	31	8
405	1	31	82.6166844656043	28.8636290756122	62.25150503196	46.0157416854497	40	31	8
406	1	31	82.6166844656043	28.8636290756122	62.25150503196	32.2500816027533	40	31	8
407	1	31	82.6166844656043	28.8636290756122	62.25150503196	48.344458123579	40	31	19
408	1	31	82.6166844656043	28.8636290756122	62.25150503196	41.326931004248	40	31	19
409	1	31	82.6166844656043	28.8636290756122	62.25150503196	56.3363620599706	40	31	22
410	1	31	82.6166844656043	28.8636290756122	62.25150503196	50.5612472503751	40	31	22
411	1	31	82.6166844656043	28.8636290756122	62.25150503196	49.8171175047709	40	31	22
412	1	31	82.6166844656043	28.8636290756122	62.25150503196	35.1122703296952	40	31	22
413	1	31	82.6166844656043	28.8636290756122	62.25150503196	43.490130345764	40	31	17
414	1	31	82.6166844656043	28.8636290756122	62.25150503196	40.9389201094468	40	31	17
415	1	31	82.6166844656043	28.8636290756122	62.25150503196	50.4391176720929	40	31	23
416	1	31	82.6166844656043	28.8636290756122	62.25150503196	52.8190334498334	40	31	23
417	1	31	82.6166844656043	28.8636290756122	62.25150503196	36.8610778589263	40	31	23
418	1	31	82.6166844656043	28.8636290756122	62.25150503196	43.3967954036545	40	31	23
419	1	31	82.6166844656043	28.8636290756122	62.25150503196	53.238966844421	40	31	25
420	1	31	82.6166844656043	28.8636290756122	62.25150503196	50.1386540630484	40	31	25
421	1	31	82.6166844656043	28.8636290756122	62.25150503196	52.2557676190184	40	31	25
422	1	31	82.6166844656043	28.8636290756122	62.25150503196	52.0549353297045	40	31	25
423	1	31	82.6166844656043	28.8636290756122	62.25150503196	53.6724769507999	40	31	28
424	1	31	82.6166844656043	28.8636290756122	62.25150503196	53.6725120772551	40	31	28
425	1	31	82.6166844656043	28.8636290756122	62.25150503196	53.6725470384094	40	31	28
426	1	31	82.6166844656043	28.8636290756122	62.25150503196	54.5257270660819	40	31	28
427	1	31	82.6166844656043	28.8636290756122	62.25150503196	54.5257617001156	40	31	28
428	1	31	82.6166844656043	28.8636290756122	62.25150503196	54.5257961723081	40	31	28
429	1	31	82.6166844656043	28.8636290756122	62.25150503196	54.525830483791	40	31	28
430	1	31	82.6166844656043	28.8636290756122	62.25150503196	54.5258646356856	40	31	28
431	1	31	82.6166844656043	28.8636290756122	62.25150503196	53.3665483094395	40	31	28
432	1	31	82.6166844656043	28.8636290756122	62.25150503196	60.1376204485982	40	31	29
433	1	31	82.6166844656043	28.8636290756122	62.25150503196	54.3427687636586	40	31	29
434	1	31	82.6166844656043	28.8636290756122	62.25150503196	50.5886169680332	40	31	29
435	1	31	82.6166844656043	28.8636290756122	62.25150503196	58.7504030029655	40	31	28
436	1	31	82.6166844656043	28.8636290756122	62.25150503196	58.393496355525	40	31	28
437	1	31	82.6166844656043	28.8636290756122	62.25150503196	58.378867210791	40	31	28
438	1	31	82.6166844656043	28.8636290756122	62.25150503196	58.3789013006315	40	31	28
439	1	31	82.6166844656043	28.8636290756122	62.25150503196	58.7505349643197	40	31	28
440	1	31	82.6166844656043	28.8636290756122	62.25150503196	58.750567579768	40	31	28
441	1	31	82.6166844656043	28.8636290756122	62.25150503196	54.8243071728972	40	31	28
442	1	31	82.6166844656043	28.8636290756122	62.25150503196	56.3853290854841	40	31	28
443	1	31	82.6166844656043	28.8636290756122	62.25150503196	52.6759038549722	40	31	28
444	1	31	82.6166844656043	28.8636290756122	62.25150503196	52.6759347408242	40	31	28
445	1	31	82.6166844656043	28.8636290756122	62.25150503196	52.6759654878634	40	31	28
446	1	31	82.6166844656043	28.8636290756122	62.25150503196	52.6759960970235	40	31	27
447	1	31	82.6166844656043	28.8636290756122	62.25150503196	52.6760265692298	40	31	27
448	1	31	82.6166844656043	28.8636290756122	62.25150503196	52.6760569053995	40	31	27
449	1	31	82.6166844656043	28.8636290756122	62.25150503196	52.6760871064415	40	31	27
450	1	31	82.6166844656043	28.8636290756122	62.25150503196	52.6761171732567	40	31	27
451	1	31	82.6166844656043	28.8636290756122	62.25150503196	51.1002655768665	40	31	27
452	1	31	82.6166844656043	28.8636290756122	62.25150503196	51.5999963424157	40	31	27
453	1	31	82.6166844656043	28.8636290756122	62.25150503196	40.0493230289647	40	31	27
454	1	31	82.6166844656043	28.8636290756122	62.25150503196	45.9430009571456	40	31	27
455	1	31	82.6166844656043	28.8636290756122	62.25150503196	47.5348252368807	40	31	27
456	1	31	82.6166844656043	28.8636290756122	62.25150503196	47.0584178384035	40	31	27
457	1	31	82.6166844656043	28.8636290756122	62.25150503196	53.1358303358004	40	31	19
458	1	31	82.6166844656043	28.8636290756122	62.25150503196	51.9499834181456	40	31	19
459	1	31	82.6166844656043	28.8636290756122	62.25150503196	44.6178918871139	40	31	19
460	1	31	82.6166844656043	28.8636290756122	62.25150503196	39.6912801147183	40	31	19
461	1	31	82.6166844656043	28.8636290756122	62.25150503196	48.0903905806395	40	31	19
462	1	31	82.6166844656043	28.8636290756122	62.25150503196	50.9685450509259	40	31	19
463	1	31	82.6166844656043	28.8636290756122	62.25150503196	54.379234696883	40	31	18
464	1	31	82.6166844656043	28.8636290756122	62.25150503196	54.3792535488231	40	31	18
465	1	31	82.6166844656043	28.8636290756122	62.25150503196	54.3792723196796	40	31	18
466	1	31	82.6166844656043	28.8636290756122	62.25150503196	51.6481153891348	40	31	18
467	1	31	82.6166844656043	28.8636290756122	62.25150503196	48.4960258229599	40	31	18
468	1	31	82.6166844656043	28.8636290756122	62.25150503196	46.364033831026	40	31	18
469	1	31	82.6166844656043	28.8636290756122	62.25150503196	49.2618318349963	40	31	20
470	1	31	82.6166844656043	28.8636290756122	62.25150503196	47.2538552977448	40	31	20
471	1	31	82.6166844656043	28.8636290756122	62.25150503196	54.7848220369293	40	31	24
472	1	31	82.6166844656043	28.8636290756122	62.25150503196	50.7012231059749	40	31	24
473	1	31	82.6166844656043	28.8636290756122	62.25150503196	52.6127364352075	40	31	24
474	1	31	82.6166844656043	28.8636290756122	62.25150503196	46.6204894642542	40	31	24
475	1	31	82.6166844656043	28.8636290756122	62.25150503196	49.654452287375	40	31	24
476	1	31	82.6166844656043	28.8636290756122	62.25150503196	56.8723489312731	40	31	28
477	1	31	82.6166844656043	28.8636290756122	62.25150503196	53.2396384132768	40	31	28
