"Iteration #"	"Inertia"	"Number of features"	"CV best"	"Permuted CV best"	"Global best fitness"	"Current best fitness"	"Number of features in current best agent"	"Number of features in global best"	"Number of features in local best"
1	1	40	73.1182984539329	49.6100075468816	27.2644963354103	27.2644963354103	40	40	800
2	1	40	73.1182984539329	49.6100075468816	31.7644963354103	31.7644963354103	40	40	760
3	1	28	80.9819925030676	47.2192815111938	41.9663306527984	41.9663306527984	40	28	28
4	1	28	80.9819925030676	47.2192815111938	41.9663306527984	34.0144963354103	40	28	760
5	1	28	80.9819925030676	47.2192815111938	41.9663306527984	34.4644963354103	40	28	760
6	1	28	80.9819925030676	47.2192815111938	41.9663306527984	34.7644963354103	40	28	760
7	1	28	80.9819925030676	47.2192815111938	41.9663306527984	38.7387986820249	40	28	28
8	1	28	80.9819925030676	47.2192815111938	41.9663306527984	39.7391432130209	40	28	28
9	1	28	83.6624100624416	51.0287854424143	44.5849910704745	44.5849910704745	40	28	28
10	1	28	82.472302765865	49.1484992819703	47.0230553547974	47.0230553547974	40	28	28
11	1	28	82.472302765865	49.1484992819703	47.0230553547974	39.880417931636	40	28	28
12	1	28	82.472302765865	49.1484992819703	47.0230553547974	46.6792145978907	40	28	28
13	1	30	82.8072702086526	50.5153127037021	47.4893918835561	47.4893918835561	40	30	30
14	1	30	82.8072702086526	50.5153127037021	47.4893918835561	47.526479795644	40	30	30
15	1	30	82.8072702086526	50.5153127037021	47.4893918835561	47.5586226527869	40	30	30
16	1	30	82.8072702086526	50.5153127037021	47.4893918835561	42.4440525285636	40	30	30
17	1	30	82.8072702086526	50.5153127037021	47.4893918835561	43.4532199554985	40	30	30
18	1	30	82.8072702086526	50.5153127037021	47.4893918835561	39.4536614801134	40	30	30
19	1	30	82.8072702086526	50.5153127037021	47.4893918835561	46.0132889879692	40	30	30
20	1	30	82.8072702086526	50.5153127037021	47.4893918835561	46.8331128957101	40	30	30
21	1	30	82.8072702086526	50.5153127037021	47.4893918835561	41.90328956378	40	30	30
22	1	22	78.4015558837969	41.8012324680736	52.0291930740851	52.0291930740851	40	22	22
23	1	22	78.4015558837969	41.8012324680736	52.0291930740851	38.0915447557624	40	22	22
24	1	22	78.4015558837969	41.8012324680736	52.0291930740851	49.4187748664137	40	22	22
25	1	22	78.4015558837969	41.8012324680736	52.0291930740851	40.2854505467096	40	22	22
26	1	22	78.4015558837969	41.8012324680736	52.0291930740851	45.3537281585632	40	22	22
27	1	22	78.4015558837969	41.8012324680736	52.0291930740851	39.1332655256168	40	22	22
28	1	22	78.4015558837969	41.8012324680736	52.0291930740851	48.397225670614	40	22	22
29	1	22	78.4015558837969	41.8012324680736	52.0291930740851	47.7299437785155	40	22	22
30	1	22	78.4015558837969	41.8012324680736	52.0291930740851	50.6966645182216	40	22	22
31	1	22	78.4015558837969	41.8012324680736	52.0291930740851	42.9482171448601	40	22	22
32	1	22	78.4015558837969	41.8012324680736	52.0291930740851	43.2970946039095	40	22	22
33	1	22	78.4015558837969	41.8012324680736	52.0291930740851	51.920319611585	40	22	22
34	1	22	78.4015558837969	41.8012324680736	52.0291930740851	52.1086048387909	40	22	418
35	1	21	78.1480004053133	39.8799196723834	53.2989454222055	53.2989454222055	40	21	21
36	1	21	78.1480004053133	39.8799196723834	53.2989454222055	53.3026954222055	40	21	21
37	1	21	78.1480004053133	39.8799196723834	53.2989454222055	53.3062427195028	40	21	21
38	1	21	78.1480004053133	39.8799196723834	53.2989454222055	53.3096033169423	40	21	21
39	1	21	78.1480004053133	39.8799196723834	53.2989454222055	53.3127915760516	40	21	21
40	1	21	78.1480004053133	39.8799196723834	53.2989454222055	53.3158204222055	40	21	21
41	1	21	78.1480004053133	39.8799196723834	53.2989454222055	52.133461366768	40	21	439
42	1	21	78.1480004053133	39.8799196723834	53.2989454222055	52.1363359312279	40	21	439
43	1	21	78.1480004053133	39.8799196723834	53.2989454222055	52.1390767950153	40	21	439
44	1	21	78.1480004053133	39.8799196723834	53.2989454222055	52.1416930740851	40	21	439
45	1	21	78.1480004053133	39.8799196723834	53.2989454222055	52.1441930740851	40	21	439
46	1	21	78.1480004053133	39.8799196723834	53.2989454222055	52.1465843784329	40	21	418
47	1	21	78.1480004053133	39.8799196723834	53.2989454222055	53.3334135073119	40	21	399
48	1	21	78.1480004053133	39.8799196723834	53.2989454222055	53.3355079222055	40	21	399
49	1	21	78.1480004053133	39.8799196723834	53.2989454222055	53.3375168507769	40	21	399
50	1	21	78.1480004053133	39.8799196723834	53.2989454222055	53.3394454222055	40	21	399
51	1	21	78.1480004053133	39.8799196723834	53.2989454222055	53.341298363382	40	21	399
52	1	21	78.1480004053133	39.8799196723834	53.2989454222055	53.3430800375901	40	21	399
53	1	21	78.1480004053133	39.8799196723834	53.2989454222055	53.3447944788093	40	21	399
54	1	21	78.1480004053133	39.8799196723834	53.2989454222055	53.3464454222055	40	21	399
55	1	10	84.109347040063	38.0842696074325	55.7848902417132	55.7848902417132	40	10	10
56	1	10	84.109347040063	38.0842696074325	55.7848902417132	53.3495704222055	40	10	399
57	1	10	84.109347040063	38.0842696074325	55.7848902417132	53.3510506853634	40	10	399
58	1	10	84.109347040063	38.0842696074325	55.7848902417132	53.3524799049641	40	10	399
59	1	10	84.109347040063	38.0842696074325	55.7848902417132	53.3538606764428	40	10	399
60	1	10	84.109347040063	38.0842696074325	55.7848902417132	53.3551954222055	40	10	399
61	1	10	84.109347040063	38.0842696074325	55.7848902417132	53.356486405812	40	10	399
62	1	10	84.109347040063	38.0842696074325	55.7848902417132	53.3577357447861	40	10	399
63	1	10	84.109347040063	38.0842696074325	55.7848902417132	53.3589454222055	40	10	399
64	1	10	84.109347040063	38.0842696074325	55.7848902417132	55.7906430826223	40	10	10
65	1	10	84.109347040063	38.0842696074325	55.7848902417132	55.791183948007	40	10	10
66	1	10	84.109347040063	38.0842696074325	55.7848902417132	53.3623545131146	40	10	399
67	1	10	84.109347040063	38.0842696074325	55.7848902417132	55.7922172430701	40	10	200
68	1	10	84.109347040063	38.0842696074325	55.7848902417132	55.7927110973282	40	10	190
69	1	10	84.109347040063	38.0842696074325	55.7848902417132	55.7931906369702	40	10	190
70	1	10	84.109347040063	38.0842696074325	55.7848902417132	55.7936564754795	40	10	200
71	1	10	84.109347040063	38.0842696074325	55.7848902417132	55.7941091917773	40	10	190
72	1	10	84.109347040063	38.0842696074325	55.7848902417132	55.7945493326223	40	10	190
73	1	10	84.109347040063	38.0842696074325	55.7848902417132	55.7949774148141	40	10	190
74	1	10	84.109347040063	38.0842696074325	55.7848902417132	55.7953939272169	40	10	190
75	1	10	84.109347040063	38.0842696074325	55.7848902417132	55.7957993326223	40	10	190
76	1	10	84.109347040063	38.0842696074325	55.7848902417132	55.7961940694644	40	10	190
77	1	10	84.109347040063	38.0842696074325	55.7848902417132	55.7965785534016	40	10	190
78	1	10	84.109347040063	38.0842696074325	55.7848902417132	55.7969531787762	40	10	190
79	1	10	84.109347040063	38.0842696074325	55.7848902417132	55.7973183199641	40	10	190
80	1	10	84.109347040063	38.0842696074325	55.7848902417132	55.7976743326223	40	10	190
81	1	10	84.109347040063	38.0842696074325	55.7848902417132	55.7980215548446	40	10	190
82	1	10	84.109347040063	38.0842696074325	55.7848902417132	55.7983603082321	40	10	190
83	1	10	84.109347040063	38.0842696074325	55.7848902417132	55.7986908988874	40	10	190
84	1	10	84.109347040063	38.0842696074325	55.7848902417132	55.7990136183366	40	10	190
85	1	10	84.109347040063	38.0842696074325	55.7848902417132	55.799328744387	40	10	190
86	1	10	84.109347040063	38.0842696074325	55.7848902417132	55.7996365419247	40	10	190
87	1	10	84.109347040063	38.0842696074325	55.7848902417132	55.7999372636568	40	10	190
88	1	10	84.109347040063	38.0842696074325	55.7848902417132	55.8002311508042	40	10	190
89	1	12	84.7759097015987	41.0429671928636	56.7568802099835	56.7568802099835	40	9	171
90	1	12	84.7759097015987	41.0429671928636	56.7568802099835	56.7571330189723	40	9	171
91	1	12	84.7759097015987	41.0429671928636	56.7568802099835	56.7573802717196	40	9	171
92	1	12	84.7759097015987	41.0429671928636	56.7568802099835	56.7576221494071	40	9	171
93	1	12	84.7759097015987	41.0429671928636	56.7568802099835	56.7578588254239	40	9	171
94	1	12	84.7759097015987	41.0429671928636	56.7568802099835	56.7580904657808	40	9	171
95	1	12	84.7759097015987	41.0429671928636	56.7568802099835	56.7583172294986	40	9	171
96	1	12	84.7759097015987	41.0429671928636	56.7568802099835	56.7585392689723	40	9	171
97	1	12	84.7759097015987	41.0429671928636	56.7568802099835	56.7587567303125	40	9	171
98	1	12	84.7759097015987	41.0429671928636	56.7568802099835	56.7589697536662	40	9	171
99	1	12	84.7759097015987	41.0429671928636	56.7568802099835	56.7591784735178	40	9	171
100	1	12	84.7759097015987	41.0429671928636	56.7568802099835	56.7593830189723	40	9	171
101	1	12	84.7759097015987	41.0429671928636	56.7568802099835	56.7595835140218	40	9	171
102	1	12	84.7759097015987	41.0429671928636	56.7568802099835	56.7597800777958	40	9	171
103	1	12	84.7759097015987	41.0429671928636	56.7568802099835	56.7599728247975	40	9	171
104	1	12	84.7759097015987	41.0429671928636	56.7568802099835	56.7601618651261	40	9	171
105	1	12	84.7759097015987	41.0429671928636	56.7568802099835	56.7603473046866	40	9	171
106	1	12	84.7759097015987	41.0429671928636	56.7568802099835	56.7605292453874	40	9	171
107	1	12	84.7759097015987	41.0429671928636	56.7568802099835	56.7607077853274	40	9	171
108	1	12	84.7759097015987	41.0429671928636	56.7568802099835	56.7608830189723	40	9	171
109	1	12	84.7759097015987	41.0429671928636	56.7568802099835	56.7610550373209	40	9	171
110	1	12	84.7759097015987	41.0429671928636	56.7568802099835	56.7612239280632	40	9	171
111	1	12	84.7759097015987	41.0429671928636	56.7568802099835	56.7613897757291	40	9	171
112	1	12	84.7759097015987	41.0429671928636	56.7568802099835	56.7615526618294	40	9	171
113	1	12	84.7759097015987	41.0429671928636	56.7568802099835	56.76171266499	40	9	171
114	1	12	84.7759097015987	41.0429671928636	56.7568802099835	56.7618698610776	40	9	171
115	1	12	84.7759097015987	41.0429671928636	56.7568802099835	56.7620243233201	40	9	171
116	1	12	84.7759097015987	41.0429671928636	56.7568802099835	56.7621761224206	40	9	171
117	1	12	84.7759097015987	41.0429671928636	56.7568802099835	56.7623253266646	40	9	171
118	1	12	84.7759097015987	41.0429671928636	56.7568802099835	56.7624720020231	40	9	171
119	1	12	84.7759097015987	41.0429671928636	56.7568802099835	56.7626162122496	40	9	171
120	1	12	84.7759097015987	41.0429671928636	56.7568802099835	56.7627580189723	40	9	171
121	1	12	84.7759097015987	41.0429671928636	56.7568802099835	56.7628974817822	40	9	171
122	1	12	84.7759097015987	41.0429671928636	56.7568802099835	56.7630346583166	40	9	171
123	1	12	84.7759097015987	41.0429671928636	56.7568802099835	56.7631696043382	40	9	171
124	1	12	84.7759097015987	41.0429671928636	56.7568802099835	56.763302373811	40	9	171
125	1	12	84.7759097015987	41.0429671928636	56.7568802099835	56.7634330189723	40	9	171
126	1	12	84.7759097015987	41.0429671928636	56.7568802099835	56.7635615904009	40	9	171
127	1	12	84.7759097015987	41.0429671928636	56.7568802099835	56.7636881370825	40	9	171
128	1	12	84.7759097015987	41.0429671928636	56.7568802099835	56.7638127064723	40	9	171
129	1	12	84.7759097015987	41.0429671928636	56.7568802099835	56.7639353445537	40	9	171
130	1	12	84.7759097015987	41.0429671928636	56.7568802099835	56.7640560958954	40	9	171
131	1	12	84.7759097015987	41.0429671928636	56.7568802099835	56.7641750037051	40	9	171
132	1	12	84.7759097015987	41.0429671928636	56.7568802099835	56.7642921098814	40	9	171
133	1	12	84.7759097015987	41.0429671928636	56.7568802099835	56.7644074550625	40	9	171
134	1	12	84.7759097015987	41.0429671928636	56.7568802099835	56.7645210786738	40	9	171
135	1	12	84.7759097015987	41.0429671928636	56.7568802099835	56.7646330189723	40	9	171
136	1	12	84.7759097015987	41.0429671928636	56.7568802099835	56.7647433130899	40	9	171
137	1	12	84.7759097015987	41.0429671928636	56.7568802099835	56.7648519970745	40	9	171
138	1	12	84.7759097015987	41.0429671928636	56.7568802099835	56.7649591059288	40	9	171
139	1	12	84.7759097015987	41.0429671928636	56.7568802099835	56.7650646736486	40	9	171
140	1	12	84.7759097015987	41.0429671928636	56.7568802099835	56.765168733258	40	9	171
141	1	12	84.7759097015987	41.0429671928636	56.7568802099835	56.7652713168446	40	9	171
142	1	12	84.7759097015987	41.0429671928636	56.7568802099835	56.765372455592	40	9	171
143	1	12	84.7759097015987	41.0429671928636	56.7568802099835	56.7654721798115	40	9	171
144	1	12	84.7759097015987	41.0429671928636	56.7568802099835	56.7655705189723	40	9	171
145	1	12	84.7759097015987	41.0429671928636	56.7568802099835	44.7282656544374	40	9	17
146	1	12	84.7759097015987	41.0429671928636	56.7568802099835	41.0653253473987	40	9	17
147	1	12	84.7759097015987	41.0429671928636	56.7568802099835	40.8510108476995	40	9	114
148	1	12	84.7759097015987	41.0429671928636	56.7568802099835	40.8510728995473	40	9	114
149	1	12	84.7759097015987	41.0429671928636	56.7568802099835	41.0656046063856	40	9	17
150	1	12	84.7759097015987	41.0429671928636	56.7568802099835	40.8511945211689	40	9	114
151	1	12	84.7759097015987	41.0429671928636	56.7568802099835	40.8512541238179	40	9	114
152	1	12	84.7759097015987	41.0429671928636	56.7568802099835	40.8513129422216	40	9	114
153	1	12	84.7759097015987	41.0429671928636	56.7568802099835	50.5781192647022	40	9	20
154	1	12	84.7759097015987	41.0429671928636	56.7568802099835	43.2933545607545	40	9	20
155	1	12	84.7759097015987	41.0429671928636	56.7568802099835	40.8514848437496	40	9	114
156	1	12	84.7759097015987	41.0429671928636	56.7568802099835	40.8515406750151	40	9	114
157	1	12	84.7759097015987	41.0429671928636	56.7568802099835	40.8515957950543	40	9	114
158	1	12	84.7759097015987	41.0429671928636	56.7568802099835	40.8516502173715	40	9	114
159	1	12	84.7759097015987	41.0429671928636	56.7568802099835	40.8517039551312	40	9	114
160	1	12	84.7759097015987	41.0429671928636	56.7568802099835	40.8517570211689	40	9	114
161	1	12	84.7759097015987	41.0429671928636	56.7568802099835	44.9355935092165	40	9	19
162	1	12	84.7759097015987	41.0429671928636	56.7568802099835	44.9357574153586	40	9	19
163	1	12	84.7759097015987	41.0429671928636	56.7568802099835	44.9359193103825	40	9	19
164	1	12	84.7759097015987	41.0429671928636	56.7568802099835	44.9360792310768	40	9	19
165	1	12	84.7759097015987	41.0429671928636	56.7568802099835	44.9362372133384	40	9	19
166	1	12	84.7759097015987	41.0429671928636	56.7568802099835	51.1417263020401	40	9	19
167	1	12	84.7759097015987	41.0429671928636	56.7568802099835	40.8521106888336	40	9	114
168	1	12	84.7759097015987	41.0429671928636	56.7568802099835	40.8521588068832	40	9	114
169	1	12	84.7759097015987	41.0429671928636	56.7568802099835	40.8522063554885	40	9	114
170	1	12	84.7759097015987	41.0429671928636	56.7568802099835	40.8522533446983	40	9	114
171	1	12	84.7759097015987	41.0429671928636	56.7568802099835	53.3189992171327	40	9	18
172	1	12	84.7759097015987	41.0429671928636	56.7568802099835	53.3191369160312	40	9	18
173	1	12	84.7759097015987	41.0429671928636	56.7568802099835	53.3192730230348	40	9	18
174	1	12	84.7759097015987	41.0429671928636	56.7568802099835	53.3194075655901	40	9	18
175	1	12	84.7759097015987	41.0429671928636	56.7568802099835	53.3195405705162	40	9	18
176	1	12	84.7759097015987	41.0429671928636	56.7568802099835	40.8525240666235	40	9	114
177	1	12	84.7759097015987	41.0429671928636	56.7568802099835	43.2264066415186	40	9	18
178	1	12	84.7759097015987	41.0429671928636	56.7568802099835	41.1079576382406	40	9	16
179	1	12	84.7759097015987	41.0429671928636	56.7568802099835	46.6627251368713	40	9	20
180	1	12	84.7759097015987	41.0429671928636	56.7568802099835	48.9135529267431	40	9	22
181	1	12	84.7759097015987	41.0429671928636	56.7568802099835	40.852735957633	40	9	114
182	1	12	84.7759097015987	41.0429671928636	56.7568802099835	40.8527769387513	40	9	114
183	1	12	84.7759097015987	41.0429671928636	56.7568802099835	45.1211926334497	40	9	22
184	1	12	84.7759097015987	41.0429671928636	56.7568802099835	40.8528575646472	40	9	114
185	1	12	84.7759097015987	41.0429671928636	56.7568802099835	50.8580061910098	40	9	15
186	1	12	84.7759097015987	41.0429671928636	56.7568802099835	41.0683081136382	40	9	15
187	1	12	84.7759097015987	41.0429671928636	56.7568802099835	46.888796698138	40	9	15
188	1	12	84.7759097015987	41.0429671928636	56.7568802099835	43.425019716574	40	9	15
189	1	12	84.7759097015987	41.0429671928636	56.7568802099835	40.8530516640261	40	9	114
190	1	12	84.7759097015987	41.0429671928636	56.7568802099835	42.3450903380937	40	9	16
191	1	12	84.7759097015987	41.0429671928636	56.7568802099835	40.8531264583417	40	9	114
192	1	12	84.7759097015987	41.0429671928636	56.7568802099835	50.1616374593633	40	9	11
193	1	12	84.7759097015987	41.0429671928636	56.7568802099835	44.9676169638803	40	9	11
194	1	12	84.7759097015987	41.0429671928636	56.7568802099835	41.9638190314151	40	9	11
195	1	12	84.7759097015987	41.0429671928636	56.7568802099835	53.9217205103916	40	9	9
196	1	12	84.7759097015987	41.0429671928636	56.7568802099835	49.5315134329611	40	9	9
197	1	12	84.7759097015987	41.0429671928636	56.7568802099835	48.3609149027836	40	9	9
198	1	12	84.7759097015987	41.0429671928636	56.7568802099835	47.4952941159581	40	9	9
199	1	12	84.7759097015987	41.0429671928636	56.7568802099835	49.676003601024	40	9	9
200	1	12	84.7759097015987	41.0429671928636	56.7568802099835	52.9457704184747	40	9	13
201	1	12	84.7759097015987	41.0429671928636	56.7568802099835	45.5187711079059	40	9	13
202	1	12	84.7759097015987	41.0429671928636	56.7568802099835	50.4058387078998	40	9	13
203	1	12	84.7759097015987	41.0429671928636	56.7568802099835	40.3017556392983	40	9	95
204	1	12	84.7759097015987	41.0429671928636	56.7568802099835	48.5693083978197	40	9	13
205	1	12	84.7759097015987	41.0429671928636	56.7568802099835	44.0224071283569	40	9	13
206	1	17	86.9552502534402	37.9445053603743	58.1422715322087	58.1422715322087	40	17	17
207	1	17	86.9552502534402	37.9445053603743	58.1422715322087	58.1423612325042	40	17	17
208	1	17	86.9552502534402	37.9445053603743	58.1422715322087	58.1424500702968	40	17	17
209	1	17	86.9552502534402	37.9445053603743	58.1422715322087	58.142538057967	40	17	17
210	1	17	86.9552502534402	37.9445053603743	58.1422715322087	58.1426252076594	40	17	17
211	1	17	86.9552502534402	37.9445053603743	58.1422715322087	40.301965757665	40	17	95
212	1	17	86.9552502534402	37.9445053603743	58.1422715322087	48.590081365586	40	17	17
213	1	17	86.9552502534402	37.9445053603743	58.1422715322087	41.5577754203608	40	17	17
214	1	17	86.9552502534402	37.9445053603743	58.1422715322087	42.2698989861213	40	17	17
215	1	17	86.9552502534402	37.9445053603743	58.1422715322087	45.3155785150703	40	17	17
216	1	17	86.9552502534402	37.9445053603743	58.1422715322087	49.2405711787174	40	17	17
217	1	17	86.9552502534402	37.9445053603743	58.1422715322087	46.5712627063053	40	17	17
218	1	17	86.9552502534402	37.9445053603743	58.1422715322087	44.1575145581108	40	17	9
219	1	17	86.9552502534402	37.9445053603743	58.1422715322087	40.6022840593684	40	17	9
220	1	17	86.9552502534402	37.9445053603743	58.1422715322087	44.1575990034819	40	17	9
221	1	17	86.9552502534402	37.9445053603743	58.1422715322087	40.3022070134819	40	17	95
222	1	17	86.9552502534402	37.9445053603743	58.1422715322087	40.3022299436519	40	17	95
223	1	17	86.9552502534402	37.9445053603743	58.1422715322087	40.3022526681702	40	17	95
224	1	17	86.9552502534402	37.9445053603743	58.1422715322087	46.6252930000117	40	17	13
225	1	17	86.9552502534402	37.9445053603743	58.1422715322087	46.625351035726	40	17	13
226	1	17	86.9552502534402	37.9445053603743	58.1422715322087	53.8519058185316	40	17	16
227	1	17	86.9552502534402	37.9445053603743	58.1422715322087	48.6677268613904	40	17	16
228	1	17	86.9552502534402	37.9445053603743	58.1422715322087	42.3326158806111	40	17	16
229	1	17	86.9552502534402	37.9445053603743	58.1422715322087	48.7010304094455	40	17	16
230	1	17	86.9552502534402	37.9445053603743	58.1422715322087	52.915169906573	40	17	15
231	1	17	86.9552502534402	37.9445053603743	58.1422715322087	51.3721211393903	40	17	15
232	1	17	86.9552502534402	37.9445053603743	58.1422715322087	47.4178913489145	40	17	15
233	1	17	86.9552502534402	37.9445053603743	58.1422715322087	45.0034609277915	40	17	15
234	1	17	86.9552502534402	37.9445053603743	58.1422715322087	45.0035187026347	40	17	15
235	1	17	86.9552502534402	37.9445053603743	58.1422715322087	45.0035759857771	40	17	15
236	1	17	86.9552502534402	37.9445053603743	58.1422715322087	43.4433634826826	40	17	15
237	1	17	86.9552502534402	37.9445053603743	58.1422715322087	45.987578274503	40	17	15
238	1	17	86.9552502534402	37.9445053603743	58.1422715322087	49.4560543362596	40	17	15
239	1	17	86.9552502534402	37.9445053603743	58.1422715322087	52.9157224807043	40	17	15
240	1	17	86.9552502534402	37.9445053603743	58.1422715322087	40.3026100112195	40	17	95
241	1	17	86.9552502534402	37.9445053603743	58.1422715322087	47.6345676800043	40	17	12
242	1	17	86.9552502534402	37.9445053603743	58.1422715322087	53.9037956277089	40	17	11
243	1	17	86.9552502534402	37.9445053603743	58.1422715322087	50.7202954947203	40	17	11
244	1	17	86.9552502534402	37.9445053603743	58.1422715322087	51.9190893812121	40	17	11
245	1	17	86.9552502534402	37.9445053603743	58.1422715322087	50.764820006807	40	17	11
246	1	17	86.9552502534402	37.9445053603743	58.1422715322087	49.9372392586623	40	17	11
247	1	17	86.9552502534402	37.9445053603743	58.1422715322087	52.8392739260244	40	17	11
248	1	17	86.9552502534402	37.9445053603743	58.1422715322087	52.8393180033393	40	17	11
249	1	17	86.9552502534402	37.9445053603743	58.1422715322087	52.8393617266195	40	17	11
250	1	17	86.9552502534402	37.9445053603743	58.1422715322087	53.9041229004362	40	17	11
251	1	17	86.9552502534402	37.9445053603743	58.1422715322087	45.0530886740049	40	17	11
252	1	17	86.9552502534402	37.9445053603743	58.1422715322087	45.0531278032024	40	17	11
253	1	17	86.9552502534402	37.9445053603743	58.1422715322087	45.0531666230781	40	17	11
254	1	17	86.9552502534402	37.9445053603743	58.1422715322087	45.0532051372856	40	17	11
255	1	17	86.9552502534402	37.9445053603743	58.1422715322087	45.0532433494209	40	17	11
256	1	17	86.9552502534402	37.9445053603743	58.1422715322087	54.8258285443466	40	17	12
257	1	13	92.000719799427	41.5234608194806	58.6255137307544	58.6255137307544	40	13	13
258	1	13	92.000719799427	41.5234608194806	58.6255137307544	58.6255578444093	40	13	13
259	1	13	92.000719799427	41.5234608194806	58.6255137307544	58.6256016174182	40	13	13
260	1	13	92.000719799427	41.5234608194806	58.6255137307544	58.6256450537116	40	13	13
261	1	13	92.000719799427	41.5234608194806	58.6255137307544	58.6256881571599	40	13	13
262	1	13	92.000719799427	41.5234608194806	58.6255137307544	58.6257309315742	40	13	13
263	1	13	92.000719799427	41.5234608194806	58.6255137307544	58.6257733807078	40	13	13
264	1	13	92.000719799427	41.5234608194806	58.6255137307544	58.6258155082571	40	13	13
265	1	13	92.000719799427	41.5234608194806	58.6255137307544	58.6258573178626	40	13	13
266	1	13	92.000719799427	41.5234608194806	58.6255137307544	57.2822198604678	40	13	13
267	1	13	92.000719799427	41.5234608194806	58.6255137307544	51.7122500500437	40	13	13
268	1	13	92.000719799427	41.5234608194806	58.6255137307544	51.2526300185339	40	13	13
269	1	13	92.000719799427	41.5234608194806	58.6255137307544	54.8263382446254	40	13	12
270	1	13	92.000719799427	41.5234608194806	58.6255137307544	45.6184791471279	40	13	12
271	1	13	92.000719799427	41.5234608194806	58.6255137307544	47.8605652283629	40	13	12
272	1	13	92.000719799427	41.5234608194806	58.6255137307544	54.2029754621525	40	13	12
273	1	13	92.000719799427	41.5234608194806	58.6255137307544	54.2030148529088	40	13	12
274	1	13	92.000719799427	41.5234608194806	58.6255137307544	54.2030539561413	40	13	12
275	1	13	92.000719799427	41.5234608194806	58.6255137307544	54.2030927749867	40	13	12
276	1	13	92.000719799427	41.5234608194806	58.6255137307544	49.2262068177291	40	13	12
277	1	11	94.3566099333832	41.2643448664654	61.9457032476833	61.9457032476833	40	11	11
278	1	11	94.3566099333832	41.2643448664654	61.9457032476833	40.3032507486296	40	11	95
279	1	11	94.3566099333832	41.2643448664654	61.9457032476833	61.9457672979919	40	11	11
280	1	11	94.3566099333832	41.2643448664654	61.9457032476833	43.9704469696032	40	11	11
281	1	11	94.3566099333832	41.2643448664654	61.9457032476833	59.9991152322487	40	11	11
282	1	11	94.3566099333832	41.2643448664654	61.9457032476833	60.9338637324517	40	11	11
283	1	11	94.3566099333832	41.2643448664654	61.9457032476833	55.7541246693136	40	11	11
284	1	11	94.3566099333832	41.2643448664654	61.9457032476833	55.7541526641377	40	11	11
285	1	11	94.3566099333832	41.2643448664654	61.9457032476833	55.7541804625069	40	11	11
286	1	11	94.3566099333832	41.2643448664654	61.9457032476833	46.0870830338302	40	11	11
287	1	11	94.3566099333832	41.2643448664654	61.9457032476833	49.2265192703878	40	11	11
288	1	11	94.3566099333832	41.2643448664654	61.9457032476833	57.1980739215009	40	11	11
289	1	11	94.3566099333832	41.2643448664654	61.9457032476833	53.9054588865954	40	11	11
290	1	11	94.3566099333832	41.2643448664654	61.9457032476833	58.4600284813253	40	11	10
291	1	11	94.3566099333832	41.2643448664654	61.9457032476833	55.3925255219523	40	11	10
292	1	11	94.3566099333832	41.2643448664654	61.9457032476833	54.5393941571198	40	11	10
293	1	11	94.3566099333832	41.2643448664654	61.9457032476833	56.8345646306974	40	11	10
294	1	11	94.3566099333832	41.2643448664654	61.9457032476833	52.715088095476	40	11	10
295	1	11	94.3566099333832	41.2643448664654	61.9457032476833	61.9462484352254	40	11	11
296	1	11	94.3566099333832	41.2643448664654	61.9457032476833	58.4601857506636	40	11	11
297	1	11	94.3566099333832	41.2643448664654	61.9457032476833	58.4602113444392	40	11	11
298	1	11	94.3566099333832	41.2643448664654	61.9457032476833	61.9463328966063	40	11	11
299	1	11	94.3566099333832	41.2643448664654	61.9457032476833	61.9463606737606	40	11	11
300	1	11	94.3566099333832	41.2643448664654	61.9457032476833	61.9463882657338	40	11	11
301	1	11	94.3566099333832	41.2643448664654	61.9457032476833	49.2268839085856	40	11	11
302	1	11	94.3566099333832	41.2643448664654	61.9457032476833	53.9353690539956	40	11	11
303	1	11	94.3566099333832	41.2643448664654	61.9457032476833	57.331937765703	40	11	11
304	1	11	94.3566099333832	41.2643448664654	61.9457032476833	58.4603857862255	40	11	11
305	1	11	94.3566099333832	41.2643448664654	61.9457032476833	61.9465235116355	40	11	11
306	1	11	94.3566099333832	41.2643448664654	61.9457032476833	61.9465500304397	40	11	11
307	1	11	94.3566099333832	41.2643448664654	61.9457032476833	61.946576376483	40	11	11
308	1	11	94.3566099333832	41.2643448664654	61.9457032476833	61.9466025514481	40	11	11
309	1	11	94.3566099333832	41.2643448664654	61.9457032476833	61.946628556996	40	11	11
310	1	11	94.3566099333832	41.2643448664654	61.9457032476833	61.9466543947661	40	11	11
311	1	11	94.3566099333832	41.2643448664654	61.9457032476833	61.9466800663769	40	11	11
312	1	11	94.3566099333832	41.2643448664654	61.9457032476833	52.6336578265002	40	11	11
313	1	11	94.3566099333832	41.2643448664654	61.9457032476833	61.946730917491	40	11	11
314	1	11	94.3566099333832	41.2643448664654	61.9457032476833	56.9193210450583	40	11	11
315	1	12	94.3698523781789	38.121124744603	62.8118083116184	62.8118083116184	40	12	12
316	1	12	94.3698523781789	38.121124744603	62.8118083116184	61.9468059872528	40	12	12
317	1	12	94.3698523781789	38.121124744603	62.8118083116184	61.9468306947559	40	12	12
318	1	12	94.3698523781789	38.121124744603	62.8118083116184	61.9468552468659	40	12	12
319	1	12	94.3698523781789	38.121124744603	62.8118083116184	61.9468796450442	40	12	12
320	1	12	94.3698523781789	38.121124744603	62.8118083116184	61.9469038907338	40	12	12
321	1	12	94.3698523781789	38.121124744603	62.8118083116184	61.94692798536	40	12	12
322	1	12	94.3698523781789	38.121124744603	62.8118083116184	61.9469519303301	40	12	12
323	1	12	94.3698523781789	38.121124744603	62.8118083116184	61.9469757270342	40	12	12
324	1	12	94.3698523781789	38.121124744603	62.8118083116184	61.9469993768449	40	12	12
325	1	12	94.3698523781789	38.121124744603	62.8118083116184	61.9470228811185	40	12	12
326	1	12	94.3698523781789	38.121124744603	62.8118083116184	62.8120975316009	40	12	12
327	1	12	94.3698523781789	38.121124744603	62.8118083116184	62.8121228594559	40	12	12
328	1	12	94.3698523781789	38.121124744603	62.8118083116184	62.8121480328728	40	12	12
329	1	12	94.3698523781789	38.121124744603	62.8118083116184	62.8121730532598	40	12	12
330	1	12	94.3698523781789	38.121124744603	62.8118083116184	62.812197922008	40	12	12
331	1	12	94.3698523781789	38.121124744603	62.8118083116184	62.812222640492	40	12	12
332	1	12	94.3698523781789	38.121124744603	62.8118083116184	62.8122472100694	40	12	12
333	1	12	94.3698523781789	38.121124744603	62.8118083116184	62.8122716320817	40	12	12
334	1	12	94.3698523781789	38.121124744603	62.8118083116184	62.8122959078545	40	12	12
335	1	12	94.3698523781789	38.121124744603	62.8118083116184	62.8123200386973	40	12	12
336	1	12	94.3698523781789	38.121124744603	62.8118083116184	62.8123440259041	40	12	12
337	1	12	94.3698523781789	38.121124744603	62.8118083116184	62.8123678707536	40	12	12
338	1	12	94.3698523781789	38.121124744603	62.8118083116184	62.8123915745094	40	12	12
339	1	12	94.3698523781789	38.121124744603	62.8118083116184	62.8124151384199	40	12	12
340	1	12	94.3698523781789	38.121124744603	62.8118083116184	62.8124385637193	40	12	12
341	1	12	94.3698523781789	38.121124744603	62.8118083116184	62.8124618516268	40	12	12
342	1	12	94.3698523781789	38.121124744603	62.8118083116184	62.8124850033477	40	12	12
343	1	12	94.3698523781789	38.121124744603	62.8118083116184	58.5033818453677	40	12	12
344	1	12	94.3698523781789	38.121124744603	62.8118083116184	62.8125309029805	40	12	12
345	1	12	94.3698523781789	38.121124744603	62.8118083116184	56.7143731680242	40	12	12
346	1	12	94.3698523781789	38.121124744603	62.8118083116184	56.7336330343777	40	12	12
347	1	12	94.3698523781789	38.121124744603	62.8118083116184	62.8125987603628	40	12	12
348	1	12	94.3698523781789	38.121124744603	62.8118083116184	62.8126211195002	40	12	12
349	1	12	94.3698523781789	38.121124744603	62.8118083116184	60.935548637652	40	12	11
350	1	12	94.3698523781789	38.121124744603	62.8118083116184	62.8126654544756	40	12	12
351	1	12	94.3698523781789	38.121124744603	62.8118083116184	62.8126874324975	40	12	12
352	1	12	94.3698523781789	38.121124744603	62.8118083116184	62.8127092856444	40	12	12
353	1	12	94.3698523781789	38.121124744603	62.8118083116184	62.8127310149774	40	12	12
354	1	12	94.3698523781789	38.121124744603	62.8118083116184	62.8127526215458	40	12	12
355	1	12	94.3698523781789	38.121124744603	62.8118083116184	62.812774106387	40	12	12
356	1	12	94.3698523781789	38.121124744603	62.8118083116184	62.8127954705269	40	12	12
357	1	12	94.3698523781789	38.121124744603	62.8118083116184	62.8128167149798	40	12	12
358	1	12	94.3698523781789	38.121124744603	62.8118083116184	62.8128378407485	40	12	12
359	1	12	94.3698523781789	38.121124744603	62.8118083116184	62.8128588488249	40	12	12
360	1	12	94.3698523781789	38.121124744603	62.8118083116184	62.8128797401898	40	12	12
361	1	12	94.3698523781789	38.121124744603	62.8118083116184	62.8129005158131	40	12	12
362	1	12	94.3698523781789	38.121124744603	62.8118083116184	49.2281435220289	40	12	12
363	1	12	94.3698523781789	38.121124744603	62.8118083116184	62.8129417236609	40	12	12
364	1	12	94.3698523781789	38.121124744603	62.8118083116184	40.3042068518788	40	12	95
365	1	12	94.3698523781789	38.121124744603	62.8118083116184	61.947857443816	40	12	12
366	1	12	94.3698523781789	38.121124744603	62.8118083116184	62.8130026910095	40	12	12
367	1	12	94.3698523781789	38.121124744603	62.8118083116184	62.813022791961	40	12	12
368	1	12	94.3698523781789	38.121124744603	62.8118083116184	62.8130427836681	40	12	12
369	1	12	94.3698523781789	38.121124744603	62.8118083116184	62.8130626670191	40	12	12
370	1	12	94.3698523781789	38.121124744603	62.8118083116184	62.8130824428926	40	12	12
371	1	12	94.3698523781789	38.121124744603	62.8118083116184	62.8131021121575	40	12	12
372	1	12	94.3698523781789	38.121124744603	62.8118083116184	62.8131216756737	40	12	12
373	1	12	94.3698523781789	38.121124744603	62.8118083116184	62.8131411342917	40	12	12
374	1	12	94.3698523781789	38.121124744603	62.8118083116184	62.813160488853	40	12	12
375	1	12	94.3698523781789	38.121124744603	62.8118083116184	62.8131797401898	40	12	12
376	1	12	94.3698523781789	38.121124744603	62.8118083116184	62.813198889126	40	12	12
377	1	12	94.3698523781789	38.121124744603	62.8118083116184	62.8132179364763	40	12	12
378	1	12	94.3698523781789	38.121124744603	62.8118083116184	62.813236883047	40	12	12
379	1	12	94.3698523781789	38.121124744603	62.8118083116184	62.8132557296358	40	12	12
380	1	12	94.3698523781789	38.121124744603	62.8118083116184	62.813274477032	40	12	12
381	1	12	94.3698523781789	38.121124744603	62.8118083116184	62.8132931260166	40	12	12
382	1	12	94.3698523781789	38.121124744603	62.8118083116184	62.8133116773626	40	12	12
383	1	12	94.3698523781789	38.121124744603	62.8118083116184	50.8241384004411	40	12	12
384	1	12	94.3698523781789	38.121124744603	62.8118083116184	62.8133484901898	40	12	12
385	1	12	94.3698523781789	38.121124744603	62.8118083116184	55.3946021051629	40	12	12
386	1	12	94.3698523781789	38.121124744603	62.8118083116184	62.813384921537	40	12	12
387	1	12	94.3698523781789	38.121124744603	62.8118083116184	53.8764834138942	40	12	12
388	1	12	94.3698523781789	38.121124744603	62.8118083116184	62.8134209773033	40	12	12
389	1	12	94.3698523781789	38.121124744603	62.8118083116184	62.8134388661539	40	12	12
390	1	12	94.3698523781789	38.121124744603	62.8118083116184	56.7345867916031	40	12	12
391	1	12	94.3698523781789	38.121124744603	62.8118083116184	62.8134743693459	40	12	12
392	1	12	94.3698523781789	38.121124744603	62.8118083116184	62.8134919850878	40	12	12
393	1	12	94.3698523781789	38.121124744603	62.8118083116184	62.8135095111822	40	12	12
394	1	12	94.3698523781789	38.121124744603	62.8118083116184	50.8243188155449	40	12	12
395	1	12	94.3698523781789	38.121124744603	62.8118083116184	61.948372442949	40	12	12
396	1	12	94.3698523781789	38.121124744603	62.8118083116184	56.7152970810676	40	12	12
397	1	12	94.3698523781789	38.121124744603	62.8118083116184	58.504363331881	40	12	12
398	1	12	94.3698523781789	38.121124744603	62.8118083116184	62.8135958205919	40	12	12
399	1	12	94.3698523781789	38.121124744603	62.8118083116184	62.8136128228966	40	12	12
400	1	12	94.3698523781789	38.121124744603	62.8118083116184	60.9364528281964	40	12	12
401	1	12	94.3698523781789	38.121124744603	62.8118083116184	62.8136465731076	40	12	12
402	1	12	94.3698523781789	38.121124744603	62.8118083116184	62.8136633222794	40	12	12
403	1	12	94.3698523781789	38.121124744603	62.8118083116184	62.8136799883288	40	12	12
404	1	12	94.3698523781789	38.121124744603	62.8118083116184	49.2287896847114	40	12	10
405	1	12	94.3698523781789	38.121124744603	62.8118083116184	46.0891634534106	40	12	10
406	1	12	94.3698523781789	38.121124744603	62.8118083116184	53.2926914804329	40	12	10
407	1	12	94.3698523781789	38.121124744603	62.8118083116184	53.2927050968258	40	12	10
408	1	12	94.3698523781789	38.121124744603	62.8118083116184	53.2927186464717	40	12	10
409	1	12	94.3698523781789	38.121124744603	62.8118083116184	53.2927321298601	40	12	10
410	1	12	94.3698523781789	38.121124744603	62.8118083116184	53.292745547476	40	12	10
411	1	12	94.3698523781789	38.121124744603	62.8118083116184	51.7185877227263	40	12	10
412	1	12	94.3698523781789	38.121124744603	62.8118083116184	40.3045669286952	40	12	95
413	1	12	94.3698523781789	38.121124744603	62.8118083116184	55.7566272574604	40	12	10
414	1	12	94.3698523781789	38.121124744603	62.8118083116184	44.8460344120578	40	12	10
415	1	12	94.3698523781789	38.121124744603	62.8118083116184	40.304586667846	40	12	95
416	1	12	94.3698523781789	38.121124744603	62.8118083116184	53.2928246985079	40	12	10
417	1	12	94.3698523781789	38.121124744603	62.8118083116184	52.9097470905328	40	12	10
418	1	12	94.3698523781789	38.121124744603	62.8118083116184	60.9367192755648	40	12	11
419	1	12	94.3698523781789	38.121124744603	62.8118083116184	53.4227521838237	40	12	11
420	1	12	94.3698523781789	38.121124744603	62.8118083116184	53.2928762094969	40	12	11
421	1	12	94.3698523781789	38.121124744603	62.8118083116184	61.9487594058764	40	12	11
422	1	12	94.3698523781789	38.121124744603	62.8118083116184	55.7567434457945	40	12	11
423	1	12	94.3698523781789	38.121124744603	62.8118083116184	61.9487872019041	40	12	11
424	1	12	94.3698523781789	38.121124744603	62.8118083116184	62.8140118156615	40	12	12
425	1	12	94.3698523781789	38.121124744603	62.8118083116184	62.8140267990134	40	12	12
426	1	12	94.3698523781789	38.121124744603	62.8118083116184	62.8140417120208	40	12	12
427	1	12	94.3698523781789	38.121124744603	62.8118083116184	62.8140565551781	40	12	12
428	1	12	94.3698523781789	38.121124744603	62.8118083116184	62.8140713289749	40	12	12
429	1	12	94.3698523781789	38.121124744603	62.8118083116184	62.8140860338961	40	12	12
430	1	12	94.3698523781789	38.121124744603	62.8118083116184	62.8141006704224	40	12	12
431	1	12	94.3698523781789	38.121124744603	62.8118083116184	40.3046873024028	40	12	95
432	1	12	94.3698523781789	38.121124744603	62.8118083116184	53.8863256540663	40	12	12
433	1	12	94.3698523781789	38.121124744603	62.8118083116184	51.5551538003682	40	12	12
434	1	12	94.3698523781789	38.121124744603	62.8118083116184	53.8863472554488	40	12	12
435	1	12	94.3698523781789	38.121124744603	62.8118083116184	49.229186577849	40	12	12
436	1	12	94.3698523781789	38.121124744603	62.8118083116184	60.0025311126235	40	12	12
437	1	12	94.3698523781789	38.121124744603	62.8118083116184	60.0025452834714	40	12	12
438	1	12	94.3698523781789	38.121124744603	62.8118083116184	60.8594945209257	40	12	13
439	1	12	94.3698523781789	38.121124744603	62.8118083116184	60.8595097329581	40	12	13
440	1	12	94.3698523781789	38.121124744603	62.8118083116184	62.8142433765535	40	12	12
441	1	12	94.3698523781789	38.121124744603	62.8118083116184	40.3047464908113	40	12	95
442	1	12	94.3698523781789	38.121124744603	62.8118083116184	50.825000993922	40	12	12
443	1	12	94.3698523781789	38.121124744603	62.8118083116184	55.3954437691423	40	12	12
444	1	12	94.3698523781789	38.121124744603	62.8118083116184	62.8142986591088	40	12	12
445	1	12	94.3698523781789	38.121124744603	62.8118083116184	60.8595995694097	40	12	12
446	1	12	94.3698523781789	38.121124744603	62.8118083116184	61.9490889383796	40	12	12
447	1	12	94.3698523781789	38.121124744603	62.8118083116184	49.2293254345951	40	12	12
448	1	12	94.3698523781789	38.121124744603	62.8118083116184	51.5553103854474	40	12	9
449	1	12	94.3698523781789	38.121124744603	62.8118083116184	45.1584873964232	40	12	9
450	1	12	94.3698523781789	38.121124744603	62.8118083116184	42.3955703043259	40	12	9
451	1	12	94.3698523781789	38.121124744603	62.8118083116184	50.8251127365552	40	12	9
452	1	12	94.3698523781789	38.121124744603	62.8118083116184	49.2293811155359	40	12	9
453	1	12	94.3698523781789	38.121124744603	62.8118083116184	51.5553602760576	40	12	9
454	1	12	94.3698523781789	38.121124744603	62.8118083116184	51.5553701223102	40	12	9
455	1	12	94.3698523781789	38.121124744603	62.8118083116184	51.5553799252826	40	12	9
456	1	12	94.3698523781789	38.121124744603	62.8118083116184	51.5553896852594	40	12	9
457	1	12	94.3698523781789	38.121124744603	62.8118083116184	51.555399402523	40	12	9
458	1	12	94.3698523781789	38.121124744603	62.8118083116184	51.5554090773532	40	12	9
459	1	12	94.3698523781789	38.121124744603	62.8118083116184	51.5554187100272	40	12	9
460	1	12	94.3698523781789	38.121124744603	62.8118083116184	51.5554283008201	40	12	9
461	1	12	94.3698523781789	38.121124744603	62.8118083116184	42.3956657490114	40	12	9
462	1	12	94.3698523781789	38.121124744603	62.8118083116184	51.55544735785	40	12	9
463	1	12	94.3698523781789	38.121124744603	62.8118083116184	51.5554568246251	40	12	9
464	1	12	94.3698523781789	38.121124744603	62.8118083116184	51.5554662505952	40	12	9
465	1	12	94.3698523781789	38.121124744603	62.8118083116184	51.5554756360234	40	12	9
466	1	12	94.3698523781789	38.121124744603	62.8118083116184	51.5554849811709	40	12	9
467	1	12	94.3698523781789	38.121124744603	62.8118083116184	51.5554942862963	40	12	9
468	1	12	94.3698523781789	38.121124744603	62.8118083116184	51.5555035516562	40	12	9
469	1	12	94.3698523781789	38.121124744603	62.8118083116184	51.555512777505	40	12	9
470	1	12	94.3698523781789	38.121124744603	62.8118083116184	51.5555219640948	40	12	9
471	1	12	94.3698523781789	38.121124744603	62.8118083116184	42.395748648275	40	12	9
472	1	12	94.3698523781789	38.121124744603	62.8118083116184	51.5555402204958	40	12	9
473	1	12	94.3698523781789	38.121124744603	62.8118083116184	51.5555492908008	40	12	9
474	1	12	94.3698523781789	38.121124744603	62.8118083116184	49.2006278032719	40	12	9
475	1	12	94.3698523781789	38.121124744603	62.8118083116184	52.0685516053792	40	12	8
476	1	12	94.3698523781789	38.121124744603	62.8118083116184	45.1587147925041	40	12	8
477	1	12	94.3698523781789	38.121124744603	62.8118083116184	42.3957967194202	40	12	8
478	1	12	94.3698523781789	38.121124744603	62.8118083116184	45.1587306147326	40	12	8
479	1	12	94.3698523781789	38.121124744603	62.8118083116184	42.3958124755159	40	12	8
480	1	12	94.3698523781789	38.121124744603	62.8118083116184	51.5556117247331	40	12	8
481	1	12	94.3698523781789	38.121124744603	62.8118083116184	51.5556204955231	40	12	9
482	1	12	94.3698523781789	38.121124744603	62.8118083116184	51.5556292299198	40	12	9
483	1	12	94.3698523781789	38.121124744603	62.8118083116184	51.5556379281493	40	12	9
484	1	12	94.3698523781789	38.121124744603	62.8118083116184	51.5556465904356	40	12	9
485	1	12	94.3698523781789	38.121124744603	62.8118083116184	51.5556552170012	40	12	9
486	1	12	94.3698523781789	38.121124744603	62.8118083116184	50.2311768370825	40	12	9
487	1	12	94.3698523781789	38.121124744603	62.8118083116184	51.5556723638502	40	12	9
488	1	12	94.3698523781789	38.121124744603	62.8118083116184	51.5556808845692	40	12	9
489	1	12	94.3698523781789	38.121124744603	62.8118083116184	51.5556893704386	40	12	9
490	1	12	94.3698523781789	38.121124744603	62.8118083116184	51.5556978216719	40	12	9
491	1	12	94.3698523781789	38.121124744603	62.8118083116184	43.209766291037	40	12	76
492	1	12	94.3698523781789	38.121124744603	62.8118083116184	43.2097700166343	40	12	76
493	1	12	94.3698523781789	38.121124744603	62.8118083116184	43.2097737271177	40	12	76
494	1	12	94.3698523781789	38.121124744603	62.8118083116184	43.2097774225788	40	12	76
495	1	12	94.3698523781789	38.121124744603	62.8118083116184	43.2097811031088	40	12	76
496	1	12	94.3698523781789	38.121124744603	62.8118083116184	49.2287358477911	40	12	10
497	1	12	94.3698523781789	38.121124744603	62.8118083116184	49.2287449751358	40	12	10
498	1	12	94.3698523781789	38.121124744603	62.8118083116184	49.2287540658245	40	12	10
499	1	12	94.3698523781789	38.121124744603	62.8118083116184	49.2287631200776	40	12	10
500	1	12	94.3698523781789	38.121124744603	62.8118083116184	49.2287721381137	40	12	10
501	1	12	94.3698523781789	38.121124744603	62.8118083116184	43.2098028777414	40	12	76
502	1	12	94.3698523781789	38.121124744603	62.8118083116184	45.1589106477387	40	12	10
503	1	12	94.3698523781789	38.121124744603	62.8118083116184	43.2098100205135	40	12	76
504	1	12	94.3698523781789	38.121124744603	62.8118083116184	43.2098135706413	40	12	76
505	1	12	94.3698523781789	38.121124744603	62.8118083116184	44.9726587737608	40	12	7
506	1	12	94.3698523781789	38.121124744603	62.8118083116184	49.2288254977975	40	12	10
507	1	12	94.3698523781789	38.121124744603	62.8118083116184	49.2288342682912	40	12	10
508	1	12	94.3698523781789	38.121124744603	62.8118083116184	49.2288430042554	40	12	10
509	1	12	94.3698523781789	38.121124744603	62.8118083116184	50.8257380659912	40	12	11
510	1	12	94.3698523781789	38.121124744603	62.8118083116184	62.8150856225428	40	12	12
511	1	12	94.3698523781789	38.121124744603	62.8118083116184	48.3262614916409	40	12	12
512	1	12	94.3698523781789	38.121124744603	62.8118083116184	55.1444607702348	40	12	12
513	1	12	94.3698523781789	38.121124744603	62.8118083116184	61.9498137043303	40	12	12
514	1	12	94.3698523781789	38.121124744603	62.8118083116184	56.9535190826914	40	12	10
515	1	12	94.3698523781789	38.121124744603	62.8118083116184	62.8151370217432	40	12	12
516	1	12	94.3698523781789	38.121124744603	62.8118083116184	62.8151471820503	40	12	12
517	1	12	94.3698523781789	38.121124744603	62.8118083116184	51.7198223864939	40	12	12
518	1	12	94.3698523781789	38.121124744603	62.8118083116184	61.9498602734558	40	12	12
519	1	12	94.3698523781789	38.121124744603	62.8118083116184	60.9378715420692	40	12	12
520	1	12	94.3698523781789	38.121124744603	62.8118083116184	62.8151874324975	40	12	12
521	1	12	94.3698523781789	38.121124744603	62.8118083116184	62.8151973985392	40	12	12
522	1	12	94.3698523781789	38.121124744603	62.8118083116184	62.8152073263967	40	12	12
523	1	12	94.3698523781789	38.121124744603	62.8118083116184	62.8152172162893	40	12	12
524	1	12	94.3698523781789	38.121124744603	62.8118083116184	62.8152270684341	40	12	12
525	1	12	94.3698523781789	38.121124744603	62.8118083116184	62.815236883047	40	12	12
526	1	12	94.3698523781789	38.121124744603	62.8118083116184	50.8258952182394	40	12	12
527	1	12	94.3698523781789	38.121124744603	62.8118083116184	52.6085707645282	40	12	12
528	1	12	94.3698523781789	38.121124744603	62.8118083116184	43.2098947394724	40	12	76
529	1	12	94.3698523781789	38.121124744603	62.8118083116184	52.6085869061151	40	12	12
530	1	12	94.3698523781789	38.121124744603	62.8118083116184	43.2099011717194	40	12	76
531	1	12	94.3698523781789	38.121124744603	62.8118083116184	52.8818946979175	40	12	12
532	1	12	94.3698523781789	38.121124744603	62.8118083116184	62.8153045522199	40	12	12
533	1	12	94.3698523781789	38.121124744603	62.8118083116184	62.8153140741486	40	12	12
534	1	12	94.3698523781789	38.121124744603	62.8118083116184	62.8153235604146	40	12	12
535	1	12	94.3698523781789	38.121124744603	62.8118083116184	62.8153330112179	40	12	12
536	1	12	94.3698523781789	38.121124744603	62.8118083116184	43.2099201804494	40	12	76
537	1	12	94.3698523781789	38.121124744603	62.8118083116184	43.2099233072734	40	12	76
538	1	12	94.3698523781789	38.121124744603	62.8118083116184	43.2099264224735	40	12	76
539	1	12	94.3698523781789	38.121124744603	62.8118083116184	43.2099295261144	40	12	76
540	1	12	94.3698523781789	38.121124744603	62.8118083116184	43.2099326182603	40	12	76
541	1	12	94.3698523781789	38.121124744603	62.8118083116184	62.815388982334	40	12	12
542	1	12	94.3698523781789	38.121124744603	62.8118083116184	62.8153981903743	40	12	12
543	1	12	94.3698523781789	38.121124744603	62.8118083116184	62.8154073644992	40	12	12
544	1	12	94.3698523781789	38.121124744603	62.8118083116184	62.8154165048957	40	12	12
545	1	12	94.3698523781789	38.121124744603	62.8118083116184	62.8154256117495	40	12	12
546	1	12	94.3698523781789	38.121124744603	62.8118083116184	62.8154346852448	40	12	12
547	1	12	94.3698523781789	38.121124744603	62.8118083116184	48.8120278833702	40	12	10
548	1	12	94.3698523781789	38.121124744603	62.8118083116184	43.973197882012	40	12	10
549	1	12	94.3698523781789	38.121124744603	62.8118083116184	48.3265357850546	40	12	10
550	1	12	94.3698523781789	38.121124744603	62.8118083116184	43.2099629212906	40	12	76
551	1	12	94.3698523781789	38.121124744603	62.8118083116184	58.5061057557771	40	12	11
552	1	12	94.3698523781789	38.121124744603	62.8118083116184	58.5061138931557	40	12	11
553	1	12	94.3698523781789	38.121124744603	62.8118083116184	58.5061220011045	40	12	11
554	1	12	94.3698523781789	38.121124744603	62.8118083116184	58.5061300797827	40	12	11
555	1	12	94.3698523781789	38.121124744603	62.8118083116184	58.5061381293485	40	12	11
556	1	12	94.3698523781789	38.121124744603	62.8118083116184	58.506146149959	40	12	11
557	1	12	94.3698523781789	38.121124744603	62.8118083116184	58.5061541417702	40	12	11
558	1	12	94.3698523781789	38.121124744603	62.8118083116184	58.506162104937	40	12	11
559	1	12	94.3698523781789	38.121124744603	62.8118083116184	62.8155496865226	40	12	12
560	1	12	94.3698523781789	38.121124744603	62.8118083116184	62.8155583116184	40	12	12
561	1	12	94.3698523781789	38.121124744603	62.8118083116184	58.506185824102	40	12	12
562	1	12	94.3698523781789	38.121124744603	62.8118083116184	58.5061936742172	40	12	12
563	1	12	94.3698523781789	38.121124744603	62.8118083116184	62.8155840030673	40	12	12
564	1	12	94.3698523781789	38.121124744603	62.8118083116184	62.8155925061473	40	12	12
565	1	12	94.3698523781789	38.121124744603	62.8118083116184	62.8156009791279	40	12	12
566	1	12	94.3698523781789	38.121124744603	62.8118083116184	44.5312719115266	40	12	12
567	1	12	94.3698523781789	38.121124744603	62.8118083116184	62.8156178354279	40	12	12
568	1	12	94.3698523781789	38.121124744603	62.8118083116184	62.8156262190631	40	12	12
569	1	12	94.3698523781789	38.121124744603	62.8118083116184	62.8156345732303	40	12	12
570	1	12	94.3698523781789	38.121124744603	62.8118083116184	62.8156428980846	40	12	12
571	1	12	94.3698523781789	38.121124744603	62.8118083116184	62.81565119378	40	12	12
572	1	12	94.3698523781789	38.121124744603	62.8118083116184	62.8156594604696	40	12	12
573	1	12	94.3698523781789	38.121124744603	62.8118083116184	60.5168975096252	40	12	12
574	1	12	94.3698523781789	38.121124744603	62.8118083116184	58.1732729986912	40	12	12
575	1	12	94.3698523781789	38.121124744603	62.8118083116184	62.8156840880159	40	12	12
576	1	12	94.3698523781789	38.121124744603	62.8118083116184	62.8156922401898	40	12	12
577	1	12	94.3698523781789	38.121124744603	62.8118083116184	62.8157003641067	40	12	12
578	1	12	94.3698523781789	38.121124744603	62.8118083116184	62.815708459913	40	12	12
579	1	12	94.3698523781789	38.121124744603	62.8118083116184	62.8157165277546	40	12	12
580	1	12	94.3698523781789	38.121124744603	62.8118083116184	62.8157245677761	40	12	12
581	1	12	94.3698523781789	38.121124744603	62.8118083116184	60.8611381797096	40	12	12
582	1	12	94.3698523781789	38.121124744603	62.8118083116184	62.8157405649321	40	12	12
583	1	12	94.3698523781789	38.121124744603	62.8118083116184	62.8157485223511	40	12	12
584	1	12	94.3698523781789	38.121124744603	62.8118083116184	62.8157564525186	40	12	12
585	1	12	94.3698523781789	38.121124744603	62.8118083116184	62.8157643555745	40	12	12
586	1	12	94.3698523781789	38.121124744603	62.8118083116184	62.8157722316574	40	12	12
587	1	12	94.3698523781789	38.121124744603	62.8118083116184	62.8157800809053	40	12	12
588	1	12	94.3698523781789	38.121124744603	62.8118083116184	62.8157879034552	40	12	12
589	1	12	94.3698523781789	38.121124744603	62.8118083116184	62.8157956994428	40	12	12
590	1	12	94.3698523781789	38.121124744603	62.8118083116184	62.8158034690034	40	12	12
591	1	12	94.3698523781789	38.121124744603	62.8118083116184	62.8158112122711	40	12	12
592	1	12	94.3698523781789	38.121124744603	62.8118083116184	62.815818929379	40	12	12
593	1	12	94.3698523781789	38.121124744603	62.8118083116184	62.8158266204597	40	12	12
594	1	12	94.3698523781789	38.121124744603	62.8118083116184	62.8158342856444	40	12	12
595	1	12	94.3698523781789	38.121124744603	62.8118083116184	62.8158419250638	40	12	12
596	1	12	94.3698523781789	38.121124744603	62.8118083116184	62.8158495388476	40	12	12
597	1	11	93.0107820590787	38.4200967143316	63.2098731156337	63.2098731156337	40	11	11
598	1	11	93.0107820590787	38.4200967143316	63.2098731156337	63.2098800482903	40	11	11
599	1	11	93.0107820590787	38.4200967143316	63.2098731156337	62.815872227669	40	11	11
600	1	11	93.0107820590787	38.4200967143316	63.2098731156337	62.8158797401898	40	11	11
601	1	11	93.0107820590787	38.4200967143316	63.2098731156337	63.2099007078376	40	11	11
602	1	11	93.0107820590787	38.4200967143316	63.2098731156337	55.6904895451076	40	11	11
603	1	11	93.0107820590787	38.4200967143316	63.2098731156337	63.209914366665	40	11	11
604	1	11	93.0107820590787	38.4200967143316	63.2098731156337	62.8159095415144	40	11	11
605	1	11	93.0107820590787	38.4200967143316	63.2098731156337	62.8159169302725	40	11	11
606	1	11	93.0107820590787	38.4200967143316	63.2098731156337	63.2099346858611	40	11	11
607	1	11	93.0107820590787	38.4200967143316	63.2098731156337	63.2099414142934	40	11	11
608	1	11	93.0107820590787	38.4200967143316	63.2098731156337	63.2099481205927	40	11	11
609	1	11	93.0107820590787	38.4200967143316	63.2098731156337	63.209954804868	40	11	11
610	1	11	93.0107820590787	38.4200967143316	63.2098731156337	48.7121663801291	40	11	11
611	1	11	93.0107820590787	38.4200967143316	63.2098731156337	63.2099681077794	40	11	11
612	1	11	93.0107820590787	38.4200967143316	63.2098731156337	63.2099747266298	40	11	11
613	1	11	93.0107820590787	38.4200967143316	63.2098731156337	63.2099813238854	40	11	11
614	1	11	93.0107820590787	38.4200967143316	63.2098731156337	63.2099878996515	40	11	11
615	1	11	93.0107820590787	38.4200967143316	63.2098731156337	63.209994454033	40	11	11
616	1	11	93.0107820590787	38.4200967143316	63.2098731156337	63.210000987134	40	11	11
617	1	11	93.0107820590787	38.4200967143316	63.2098731156337	63.2100074990581	40	11	11
618	1	11	93.0107820590787	38.4200967143316	63.2098731156337	63.210013989908	40	11	11
619	1	11	93.0107820590787	38.4200967143316	63.2098731156337	63.2100204597858	40	11	11
620	1	11	93.0107820590787	38.4200967143316	63.2098731156337	49.9730654909275	40	11	10
621	1	11	93.0107820590787	38.4200967143316	63.2098731156337	43.5955008856253	40	11	10
622	1	11	93.0107820590787	38.4200967143316	63.2098731156337	49.9730771598415	40	11	10
623	1	11	93.0107820590787	38.4200967143316	63.2098731156337	56.5857170205508	40	11	10
624	1	11	93.0107820590787	38.4200967143316	63.2098731156337	58.8338942929356	40	11	9
625	1	11	93.0107820590787	38.4200967143316	63.2098731156337	46.6121259995261	40	11	9
626	1	11	93.0107820590787	38.4200967143316	63.2098731156337	63.2100651701555	40	11	11
627	1	11	93.0107820590787	38.4200967143316	63.2098731156337	43.5955320901187	40	11	11
628	1	11	93.0107820590787	38.4200967143316	63.2098731156337	59.0776129246065	40	11	11
629	1	11	93.0107820590787	38.4200967143316	63.2098731156337	52.0122261069308	40	11	11
630	1	11	93.0107820590787	38.4200967143316	63.2098731156337	60.8615297459747	40	11	11
631	1	11	93.0107820590787	38.4200967143316	63.2098731156337	56.1190311227132	40	11	10
632	1	11	93.0107820590787	38.4200967143316	63.2098731156337	63.2101027050364	40	11	11
633	1	11	93.0107820590787	38.4200967143316	63.2098731156337	63.2101088916703	40	11	11
634	1	11	93.0107820590787	38.4200967143316	63.2098731156337	52.5481171640658	40	11	11
635	1	11	93.0107820590787	38.4200967143316	63.2098731156337	51.756374672083	40	11	11
636	1	11	93.0107820590787	38.4200967143316	63.2098731156337	63.2101273348429	40	11	11
637	1	11	93.0107820590787	38.4200967143316	63.2098731156337	46.432367016262	40	11	11
638	1	11	93.0107820590787	38.4200967143316	63.2098731156337	61.7901681558454	40	11	11
639	1	11	93.0107820590787	38.4200967143316	63.2098731156337	46.4323758605364	40	11	11
640	1	11	93.0107820590787	38.4200967143316	63.2098731156337	59.0776801021543	40	11	11
641	1	11	93.0107820590787	38.4200967143316	63.2098731156337	63.2101576898307	40	11	11
642	1	11	93.0107820590787	38.4200967143316	63.2098731156337	63.21016370409	40	11	11
643	1	11	93.0107820590787	38.4200967143316	63.2098731156337	63.2101696996424	40	11	11
644	1	11	93.0107820590787	38.4200967143316	63.2098731156337	63.210175676575	40	11	11
645	1	11	93.0107820590787	38.4200967143316	63.2098731156337	63.2101816349746	40	11	11
646	1	11	93.0107820590787	38.4200967143316	63.2098731156337	59.077712755018	40	11	11
647	1	11	93.0107820590787	38.4200967143316	63.2098731156337	49.9732169343139	40	11	11
648	1	11	93.0107820590787	38.4200967143316	63.2098731156337	51.7564457569474	40	11	11
649	1	11	93.0107820590787	38.4200967143316	63.2098731156337	63.2102052849549	40	11	11
650	1	11	93.0107820590787	38.4200967143316	63.2098731156337	61.7902332631519	40	11	11
651	1	11	93.0107820590787	38.4200967143316	63.2098731156337	58.0008398907304	40	11	11
652	1	11	93.0107820590787	38.4200967143316	63.2098731156337	63.210222832007	40	11	11
653	1	11	93.0107820590787	38.4200967143316	63.2098731156337	63.2102286451957	40	11	11
654	1	11	93.0107820590787	38.4200967143316	63.2098731156337	63.2102344406072	40	11	11
655	1	11	93.0107820590787	38.4200967143316	63.2098731156337	63.2102402183227	40	11	11
656	1	11	93.0107820590787	38.4200967143316	63.2098731156337	63.2102459784232	40	11	11
657	1	11	93.0107820590787	38.4200967143316	63.2098731156337	63.2102517209892	40	11	11
658	1	11	93.0107820590787	38.4200967143316	63.2098731156337	63.2102574461006	40	11	11
659	1	11	93.0107820590787	38.4200967143316	63.2098731156337	52.5482517959284	40	11	11
660	1	11	93.0107820590787	38.4200967143316	63.2098731156337	63.2102688442769	40	11	11
661	1	11	93.0107820590787	38.4200967143316	63.2098731156337	63.2102745174993	40	11	11
662	1	11	93.0107820590787	38.4200967143316	63.2098731156337	63.210280173582	40	11	11
663	1	11	93.0107820590787	38.4200967143316	63.2098731156337	58.0641642539094	40	11	11
664	1	11	93.0107820590787	38.4200967143316	63.2098731156337	63.2102914346383	40	11	11
665	1	11	93.0107820590787	38.4200967143316	63.2098731156337	59.0778122685076	40	11	11
666	1	11	93.0107820590787	38.4200967143316	63.2098731156337	63.2103026280607	40	11	11
667	1	11	93.0107820590787	38.4200967143316	63.2098731156337	63.2103081995992	40	11	11
668	1	11	93.0107820590787	38.4200967143316	63.2098731156337	51.7565497156966	40	11	11
669	1	11	93.0107820590787	38.4200967143316	63.2098731156337	63.2103192927074	40	11	11
670	1	11	93.0107820590787	38.4200967143316	63.2098731156337	63.2103248144262	40	11	11
671	1	11	93.0107820590787	38.4200967143316	63.2098731156337	63.2103303196867	40	11	11
672	1	11	93.0107820590787	38.4200967143316	63.2098731156337	63.2103358085626	40	11	11
673	1	11	93.0107820590787	38.4200967143316	63.2098731156337	63.2103412811268	40	11	11
674	1	11	93.0107820590787	38.4200967143316	63.2098731156337	63.210346737452	40	11	11
675	1	11	93.0107820590787	38.4200967143316	63.2098731156337	63.2103521776102	40	11	11
676	1	11	93.0107820590787	38.4200967143316	63.2098731156337	63.2103576016734	40	11	11
677	1	11	93.0107820590787	38.4200967143316	63.2098731156337	63.2103630097126	40	11	11
678	1	11	93.0107820590787	38.4200967143316	63.2098731156337	63.210368401799	40	11	11
679	1	11	93.0107820590787	38.4200967143316	63.2098731156337	63.210373778003	40	11	11
680	1	11	93.0107820590787	38.4200967143316	63.2098731156337	63.2103791383945	40	11	11
681	1	11	93.0107820590787	38.4200967143316	63.2098731156337	63.2103844830434	40	11	11
682	1	11	93.0107820590787	38.4200967143316	63.2098731156337	63.2103898120188	40	11	11
683	1	11	93.0107820590787	38.4200967143316	63.2098731156337	63.2103951253896	40	11	11
684	1	11	93.0107820590787	38.4200967143316	63.2098731156337	63.2104004232243	40	11	11
685	1	11	93.0107820590787	38.4200967143316	63.2098731156337	63.2104057055908	40	11	11
686	1	11	93.0107820590787	38.4200967143316	63.2098731156337	63.2104109725568	40	11	11
687	1	11	93.0107820590787	38.4200967143316	63.2098731156337	46.4325726746086	40	11	11
688	1	11	93.0107820590787	38.4200967143316	63.2098731156337	43.2102911453921	40	11	76
689	1	11	93.0107820590787	38.4200967143316	63.2098731156337	56.1193312890123	40	11	11
690	1	11	93.0107820590787	38.4200967143316	63.2098731156337	43.2102949371009	40	11	76
691	1	11	93.0107820590787	38.4200967143316	63.2098731156337	59.0779395766478	40	11	11
692	1	11	93.0107820590787	38.4200967143316	63.2098731156337	56.5860771324465	40	11	11
693	1	11	93.0107820590787	38.4200967143316	63.2098731156337	43.2103005836283	40	11	76
694	1	11	93.0107820590787	38.4200967143316	63.2098731156337	63.2104525618562	40	11	11
695	1	11	93.0107820590787	38.4200967143316	63.2098731156337	56.5860911674612	40	11	11
696	1	11	93.0107820590787	38.4200967143316	63.2098731156337	57.6640026089236	40	11	11
697	1	11	93.0107820590787	38.4200967143316	63.2098731156337	63.2104679117087	40	11	11
698	1	11	93.0107820590787	38.4200967143316	63.2098731156337	63.2104729990047	40	11	11
699	1	11	93.0107820590787	38.4200967143316	63.2098731156337	63.2104780717447	40	11	11
700	1	11	93.0107820590787	38.4200967143316	63.2098731156337	63.2104831299912	40	11	11
701	1	11	93.0107820590787	38.4200967143316	63.2098731156337	63.2104881738061	40	11	11
702	1	11	93.0107820590787	38.4200967143316	63.2098731156337	63.2104932032513	40	11	11
703	1	11	93.0107820590787	38.4200967143316	63.2098731156337	63.2104982183879	40	11	11
704	1	11	93.0107820590787	38.4200967143316	63.2098731156337	63.2105032192769	40	11	11
705	1	11	93.0107820590787	38.4200967143316	63.2098731156337	63.210508205979	40	11	11
706	1	11	93.0107820590787	38.4200967143316	63.2098731156337	59.686211033073	40	11	11
707	1	11	93.0107820590787	38.4200967143316	63.2098731156337	63.2105181370633	40	11	11
708	1	11	93.0107820590787	38.4200967143316	63.2098731156337	63.210523081565	40	11	11
709	1	11	93.0107820590787	38.4200967143316	63.2098731156337	63.2105280121189	40	11	11
710	1	11	93.0107820590787	38.4200967143316	63.2098731156337	63.2105329287839	40	11	11
711	1	11	93.0107820590787	38.4200967143316	63.2098731156337	61.7905302446514	40	11	11
712	1	11	93.0107820590787	38.4200967143316	63.2098731156337	56.1194367789749	40	11	11
713	1	11	93.0107820590787	38.4200967143316	63.2098731156337	43.5959216429885	40	11	11
714	1	11	93.0107820590787	38.4200967143316	63.2098731156337	63.2105524577223	40	11	11
715	1	11	93.0107820590787	38.4200967143316	63.2098731156337	48.5752897643441	40	11	11
716	1	11	93.0107820590787	38.4200967143316	63.2098731156337	61.7905523435129	40	11	11
717	1	11	93.0107820590787	38.4200967143316	63.2098731156337	57.6640878238998	40	11	11
718	1	11	93.0107820590787	38.4200967143316	63.2098731156337	59.0780620224189	40	11	11
719	1	11	93.0107820590787	38.4200967143316	63.2098731156337	43.2103475464013	40	11	76
720	1	11	93.0107820590787	38.4200967143316	63.2098731156337	43.210349284927	40	11	76
721	1	11	93.0107820590787	38.4200967143316	63.2098731156337	59.0780750614122	40	11	10
722	1	11	93.0107820590787	38.4200967143316	63.2098731156337	43.5959570460492	40	11	10
723	1	11	93.0107820590787	38.4200967143316	63.2098731156337	63.2105956077624	40	11	11
724	1	11	93.0107820590787	38.4200967143316	63.2098731156337	46.6125690382002	40	11	11
725	1	11	93.0107820590787	38.4200967143316	63.2098731156337	59.0780922788784	40	11	11
726	1	11	93.0107820590787	38.4200967143316	63.2098731156337	63.2106097533678	40	11	11
727	1	11	93.0107820590787	38.4200967143316	63.2098731156337	63.2106144426263	40	11	11
728	1	11	93.0107820590787	38.4200967143316	63.2098731156337	63.2106191190022	40	11	11
729	1	11	93.0107820590787	38.4200967143316	63.2098731156337	63.2106237825485	40	11	11
730	1	11	93.0107820590787	38.4200967143316	63.2098731156337	63.210628433318	40	11	11
731	1	11	93.0107820590787	38.4200967143316	63.2098731156337	56.586250602157	40	11	11
732	1	11	93.0107820590787	38.4200967143316	63.2098731156337	49.9736207526938	40	11	11
733	1	11	93.0107820590787	38.4200967143316	63.2098731156337	59.6863519031827	40	11	11
734	1	11	93.0107820590787	38.4200967143316	63.2098731156337	63.210646909672	40	11	11
735	1	11	93.0107820590787	38.4200967143316	63.2098731156337	50.2373484032605	40	11	11
736	1	11	93.0107820590787	38.4200967143316	63.2098731156337	63.2106560725378	40	11	11
737	1	11	93.0107820590787	38.4200967143316	63.2098731156337	63.2106606353217	40	11	11
738	1	11	93.0107820590787	38.4200967143316	63.2098731156337	63.2106651857403	40	11	11
739	1	11	93.0107820590787	38.4200967143316	63.2098731156337	55.8139961635182	40	11	11
740	1	11	93.0107820590787	38.4200967143316	63.2098731156337	63.2106742496823	40	11	11
741	1	11	93.0107820590787	38.4200967143316	63.2098731156337	63.2106787633052	40	11	11
742	1	11	93.0107820590787	38.4200967143316	63.2098731156337	63.2106832647621	40	11	11
743	1	11	93.0107820590787	38.4200967143316	63.2098731156337	63.2106877541019	40	11	11
744	1	11	93.0107820590787	38.4200967143316	63.2098731156337	61.790670608065	40	11	11
745	1	11	93.0107820590787	38.4200967143316	63.2098731156337	58.8344213644379	40	11	11
746	1	11	93.0107820590787	38.4200967143316	63.2098731156337	63.2107011499069	40	11	11
747	1	11	93.0107820590787	38.4200967143316	63.2098731156337	63.2107055912648	40	11	11
748	1	11	93.0107820590787	38.4200967143316	63.2098731156337	63.2107100207475	40	11	11
749	1	11	93.0107820590787	38.4200967143316	63.2098731156337	63.2107144384024	40	11	11
750	1	11	93.0107820590787	38.4200967143316	63.2098731156337	63.2107188442769	40	11	11
751	1	11	93.0107820590787	38.4200967143316	63.2098731156337	63.210723238418	40	11	11
752	1	11	93.0107820590787	38.4200967143316	63.2098731156337	63.2107276208726	40	11	11
753	1	11	93.0107820590787	38.4200967143316	63.2098731156337	63.2107319916873	40	11	11
754	1	11	93.0107820590787	38.4200967143316	63.2098731156337	63.2107363509082	40	11	11
755	1	11	93.0107820590787	38.4200967143316	63.2098731156337	63.2107406985815	40	11	11
756	1	11	93.0107820590787	38.4200967143316	63.2098731156337	63.2107450347531	40	11	11
757	1	11	93.0107820590787	38.4200967143316	63.2098731156337	46.4328149548114	40	11	11
758	1	11	93.0107820590787	38.4200967143316	63.2098731156337	60.4889862464982	40	11	11
759	1	11	93.0107820590787	38.4200967143316	63.2098731156337	43.210413514176	40	11	76
760	1	11	93.0107820590787	38.4200967143316	63.2098731156337	57.664247617998	40	11	11
761	1	11	93.0107820590787	38.4200967143316	63.2098731156337	58.0013894344426	40	11	11
762	1	11	93.0107820590787	38.4200967143316	63.2098731156337	63.2107708127808	40	11	11
763	1	11	93.0107820590787	38.4200967143316	63.2098731156337	63.2107750697028	40	11	11
764	1	11	93.0107820590787	38.4200967143316	63.2098731156337	63.2107793154811	40	11	11
765	1	11	93.0107820590787	38.4200967143316	63.2098731156337	63.2107835501592	40	11	11
766	1	11	93.0107820590787	38.4200967143316	63.2098731156337	56.1196595545199	40	11	11
767	1	11	93.0107820590787	38.4200967143316	63.2098731156337	63.210791986389	40	11	11
768	1	11	93.0107820590787	38.4200967143316	63.2098731156337	63.2107961880269	40	11	11
769	1	11	93.0107820590787	38.4200967143316	63.2098731156337	63.2108003787372	40	11	11
770	1	11	93.0107820590787	38.4200967143316	63.2098731156337	63.2108045585626	40	11	11
771	1	11	93.0107820590787	38.4200967143316	63.2098731156337	63.2108087275454	40	11	11
772	1	11	93.0107820590787	38.4200967143316	63.2098731156337	63.2108128857277	40	11	11
773	1	11	93.0107820590787	38.4200967143316	63.2098731156337	63.2108170331514	40	11	11
774	1	11	93.0107820590787	38.4200967143316	63.2098731156337	63.2108211698583	40	11	11
775	1	11	93.0107820590787	38.4200967143316	63.2098731156337	63.2108252958898	40	11	11
776	1	11	93.0107820590787	38.4200967143316	63.2098731156337	63.2108294112872	40	11	11
777	1	11	93.0107820590787	38.4200967143316	63.2098731156337	63.2108335160916	40	11	11
778	1	11	93.0107820590787	38.4200967143316	63.2098731156337	63.2108376103437	40	11	11
779	1	11	93.0107820590787	38.4200967143316	63.2098731156337	63.2108416940843	40	11	11
780	1	11	93.0107820590787	38.4200967143316	63.2098731156337	59.0783111117697	40	11	11
781	1	11	93.0107820590787	38.4200967143316	63.2098731156337	63.2108498301924	40	11	11
782	1	11	93.0107820590787	38.4200967143316	63.2098731156337	63.2108538826401	40	11	11
783	1	11	93.0107820590787	38.4200967143316	63.2098731156337	63.2108579247367	40	11	11
784	1	11	93.0107820590787	38.4200967143316	63.2098731156337	63.2108619565218	40	11	11
785	1	11	93.0107820590787	38.4200967143316	63.2098731156337	63.2108659780349	40	11	11
786	1	11	93.0107820590787	38.4200967143316	63.2098731156337	52.0128691669194	40	11	11
787	1	11	93.0107820590787	38.4200967143316	63.2098731156337	58.0326066067207	40	11	11
788	1	11	93.0107820590787	38.4200967143316	63.2098731156337	49.9738391932363	40	11	11
789	1	11	93.0107820590787	38.4200967143316	63.2098731156337	57.1915961363878	40	11	11
790	1	11	93.0107820590787	38.4200967143316	63.2098731156337	46.4329142809322	40	11	11
791	1	11	93.0107820590787	38.4200967143316	63.2098731156337	43.2104614846741	40	11	76
792	1	11	93.0107820590787	38.4200967143316	63.2098731156337	49.9738536140947	40	11	11
793	1	11	93.0107820590787	38.4200967143316	63.2098731156337	63.2108977850083	40	11	11
794	1	11	93.0107820590787	38.4200967143316	63.2098731156337	51.7090093958649	40	11	11
795	1	11	93.0107820590787	38.4200967143316	63.2098731156337	63.2109056367297	40	11	11
796	1	11	93.0107820590787	38.4200967143316	63.2098731156337	63.2109095477945	40	11	11
797	1	11	93.0107820590787	38.4200967143316	63.2098731156337	63.2109134490448	40	11	11
798	1	11	93.0107820590787	38.4200967143316	63.2098731156337	63.2109173405175	40	11	11
799	1	11	93.0107820590787	38.4200967143316	63.2098731156337	63.2109212222494	40	11	11
800	1	11	93.0107820590787	38.4200967143316	63.2098731156337	63.2109250942769	40	11	11
801	1	11	93.0107820590787	38.4200967143316	63.2098731156337	57.6643840017946	40	11	11
802	1	11	93.0107820590787	38.4200967143316	63.2098731156337	52.0129205651414	40	11	11
803	1	11	93.0107820590787	38.4200967143316	63.2098731156337	54.080058787381	40	11	11
804	1	11	93.0107820590787	38.4200967143316	63.2098731156337	50.7962710476985	40	11	11
805	1	11	93.0107820590787	38.4200967143316	63.2098731156337	52.012929974847	40	11	11
806	1	11	93.0107820590787	38.4200967143316	63.2098731156337	59.6866855197487	40	11	11
807	1	11	93.0107820590787	38.4200967143316	63.2098731156337	59.6866896707722	40	11	12
808	1	11	93.0107820590787	38.4200967143316	63.2098731156337	59.6866938115208	40	11	12
809	1	11	93.0107820590787	38.4200967143316	63.2098731156337	59.6866979420328	40	11	12
810	1	11	93.0107820590787	38.4200967143316	63.2098731156337	59.6867020623459	40	11	12
811	1	11	93.0107820590787	38.4200967143316	63.2098731156337	43.2104895438666	40	11	76
812	1	11	93.0107820590787	38.4200967143316	63.2098731156337	55.7369838289717	40	11	12
813	1	11	93.0107820590787	38.4200967143316	63.2098731156337	46.1617604355029	40	11	12
814	1	11	93.0107820590787	38.4200967143316	63.2098731156337	49.1452365876581	40	11	12
815	1	11	93.0107820590787	38.4200967143316	63.2098731156337	57.583139020032	40	11	12
816	1	11	93.0107820590787	38.4200967143316	63.2098731156337	46.4710929902742	40	11	12
817	1	11	93.0107820590787	38.4200967143316	63.2098731156337	58.0016123582834	40	11	12
818	1	11	93.0107820590787	38.4200967143316	63.2098731156337	46.1617722770027	40	11	7
819	1	11	93.0107820590787	38.4200967143316	63.2098731156337	48.0134929123463	40	11	6
820	1	11	93.0107820590787	38.4200967143316	63.2098731156337	48.0134949225312	40	11	6
821	1	11	93.0107820590787	38.4200967143316	63.2098731156337	48.0134969278192	40	11	6
822	1	11	93.0107820590787	38.4200967143316	63.2098731156337	48.0134989282282	40	11	6
823	1	11	93.0107820590787	38.4200967143316	63.2098731156337	48.0135009237759	40	11	6
824	1	11	93.0107820590787	38.4200967143316	63.2098731156337	48.0135029144801	40	11	6
825	1	11	93.0107820590787	38.4200967143316	63.2098731156337	48.0135049003583	40	11	6
826	1	11	93.0107820590787	38.4200967143316	63.2098731156337	49.9739705522413	40	11	10
827	1	11	93.0107820590787	38.4200967143316	63.2098731156337	51.9935057039117	40	11	9
828	1	11	93.0107820590787	38.4200967143316	63.2098731156337	61.7909774103091	40	11	10
829	1	11	93.0107820590787	38.4200967143316	63.2098731156337	54.7758985104938	40	11	9
830	1	11	93.0107820590787	38.4200967143316	63.2098731156337	55.0268226020924	40	11	13
831	1	11	93.0107820590787	38.4200967143316	63.2098731156337	56.5866209963058	40	11	10
832	1	11	93.0107820590787	38.4200967143316	63.2098731156337	63.2110440846615	40	11	11
833	1	11	93.0107820590787	38.4200967143316	63.2098731156337	58.8347085128543	40	11	11
834	1	11	93.0107820590787	38.4200967143316	63.2098731156337	49.973996681459	40	11	11
835	1	11	93.0107820590787	38.4200967143316	63.2098731156337	53.3427152590923	40	11	11
836	1	11	93.0107820590787	38.4200967143316	63.2098731156337	63.2110583179611	40	11	11
837	1	11	93.0107820590787	38.4200967143316	63.2098731156337	63.2110618550296	40	11	11
838	1	11	93.0107820590787	38.4200967143316	63.2098731156337	63.2110653836564	40	11	11
839	1	11	93.0107820590787	38.4200967143316	63.2098731156337	63.2110689038717	40	11	11
840	1	11	93.0107820590787	38.4200967143316	63.2098731156337	63.2110724157055	40	11	11
841	1	11	93.0107820590787	38.4200967143316	63.2098731156337	63.2110759191877	40	11	11
842	1	11	93.0107820590787	38.4200967143316	63.2098731156337	63.2110794143482	40	11	11
843	1	11	93.0107820590787	38.4200967143316	63.2098731156337	56.1199278521886	40	11	11
844	1	11	93.0107820590787	38.4200967143316	63.2098731156337	63.2110863798219	40	11	11
845	1	11	93.0107820590787	38.4200967143316	63.2098731156337	63.2110898501941	40	11	11
846	1	11	93.0107820590787	38.4200967143316	63.2098731156337	63.211093312362	40	11	11
847	1	11	93.0107820590787	38.4200967143316	63.2098731156337	63.2110967663548	40	11	11
848	1	11	93.0107820590787	38.4200967143316	63.2098731156337	63.2111002122014	40	11	11
849	1	11	93.0107820590787	38.4200967143316	63.2098731156337	63.2111036499306	40	11	11
850	1	11	93.0107820590787	38.4200967143316	63.2098731156337	63.211107079571	40	11	11
851	1	11	93.0107820590787	38.4200967143316	63.2098731156337	59.6868626577239	40	11	12
852	1	11	93.0107820590787	38.4200967143316	63.2098731156337	59.6868663815947	40	11	12
853	1	11	93.0107820590787	38.4200967143316	63.2098731156337	59.6868700967344	40	11	12
854	1	11	93.0107820590787	38.4200967143316	63.2098731156337	59.6868738031734	40	11	12
855	1	11	93.0107820590787	38.4200967143316	63.2098731156337	59.6868775009424	40	11	12
856	1	11	93.0107820590787	38.4200967143316	63.2098731156337	63.2111274891367	40	11	11
857	1	11	93.0107820590787	38.4200967143316	63.2098731156337	63.2111308629467	40	11	11
858	1	11	93.0107820590787	38.4200967143316	63.2098731156337	63.2111342288923	40	11	11
859	1	11	93.0107820590787	38.4200967143316	63.2098731156337	63.211137587001	40	11	11
860	1	11	93.0107820590787	38.4200967143316	63.2098731156337	63.2111409373002	40	11	11
861	1	11	93.0107820590787	38.4200967143316	63.2098731156337	59.6868995071775	40	11	11
862	1	11	93.0107820590787	38.4200967143316	63.2098731156337	63.2111476145785	40	11	11
863	1	11	93.0107820590787	38.4200967143316	63.2098731156337	63.2111509416118	40	11	11
864	1	11	93.0107820590787	38.4200967143316	63.2098731156337	63.2111542609436	40	11	11
865	1	11	93.0107820590787	38.4200967143316	63.2098731156337	63.2111575726006	40	11	11
866	1	11	93.0107820590787	38.4200967143316	63.2098731156337	63.2111608766095	40	11	11
867	1	11	93.0107820590787	38.4200967143316	63.2098731156337	63.2111641729966	40	11	11
868	1	11	93.0107820590787	38.4200967143316	63.2098731156337	63.2111674617884	40	11	11
869	1	11	93.0107820590787	38.4200967143316	63.2098731156337	63.2111707430111	40	11	11
870	1	11	93.0107820590787	38.4200967143316	63.2098731156337	63.2111740166907	40	11	11
871	1	11	93.0107820590787	38.4200967143316	63.2098731156337	59.6869355104898	40	11	11
872	1	11	93.0107820590787	38.4200967143316	63.2098731156337	63.2111805415246	40	11	11
873	1	11	93.0107820590787	38.4200967143316	63.2098731156337	63.2111837927305	40	11	11
874	1	11	93.0107820590787	38.4200967143316	63.2098731156337	63.2111870364966	40	11	11
875	1	11	93.0107820590787	38.4200967143316	63.2098731156337	63.2111902728483	40	11	11
876	1	11	93.0107820590787	38.4200967143316	63.2098731156337	63.2111935018111	40	11	11
877	1	11	93.0107820590787	38.4200967143316	63.2098731156337	59.0786301627301	40	11	11
878	1	11	93.0107820590787	38.4200967143316	63.2098731156337	63.211199937671	40	11	11
879	1	11	93.0107820590787	38.4200967143316	63.2098731156337	51.7092560194324	40	11	11
880	1	11	93.0107820590787	38.4200967143316	63.2098731156337	63.2112063442769	40	11	11
881	1	11	93.0107820590787	38.4200967143316	63.2098731156337	63.2112095366719	40	11	11
882	1	11	93.0107820590787	38.4200967143316	63.2098731156337	48.7131901338929	40	11	11
883	1	11	93.0107820590787	38.4200967143316	63.2098731156337	61.7911466702431	40	11	11
884	1	11	93.0107820590787	38.4200967143316	63.2098731156337	59.0786504782855	40	11	10
885	1	11	93.0107820590787	38.4200967143316	63.2098731156337	59.0786533542729	40	11	10
886	1	11	93.0107820590787	38.4200967143316	63.2098731156337	60.3046630735542	40	11	9
887	1	11	93.0107820590787	38.4200967143316	63.2098731156337	63.2112285398801	40	11	11
888	1	11	93.0107820590787	38.4200967143316	63.2098731156337	63.2112316821147	40	11	11
889	1	11	93.0107820590787	38.4200967143316	63.2098731156337	61.7911638679801	40	11	11
890	1	11	93.0107820590787	38.4200967143316	63.2098731156337	53.4243557505337	40	11	11
891	1	11	93.0107820590787	38.4200967143316	63.2098731156337	43.5964890279178	40	11	11
892	1	11	93.0107820590787	38.4200967143316	63.2098731156337	63.2112441805998	40	11	11
893	1	11	93.0107820590787	38.4200967143316	63.2098731156337	63.2112472877259	40	11	11
894	1	11	93.0107820590787	38.4200967143316	63.2098731156337	59.6870152614511	40	11	11
895	1	11	93.0107820590787	38.4200967143316	63.2098731156337	56.120082924854	40	11	10
896	1	11	93.0107820590787	38.4200967143316	63.2098731156337	63.2112565674912	40	11	11
897	1	11	93.0107820590787	38.4200967143316	63.2098731156337	63.2112596469525	40	11	11
898	1	11	93.0107820590787	38.4200967143316	63.2098731156337	63.2112627195553	40	11	11
899	1	11	93.0107820590787	38.4200967143316	63.2098731156337	63.2112657853225	40	11	11
900	1	11	93.0107820590787	38.4200967143316	63.2098731156337	63.2112688442769	40	11	11
901	1	11	93.0107820590787	38.4200967143316	63.2098731156337	63.2112718964412	40	11	11
902	1	11	93.0107820590787	38.4200967143316	63.2098731156337	63.2112749418379	40	11	11
903	1	11	93.0107820590787	38.4200967143316	63.2098731156337	63.2112779804895	40	11	11
904	1	11	93.0107820590787	38.4200967143316	63.2098731156337	63.2112810124185	40	11	11
905	1	11	93.0107820590787	38.4200967143316	63.2098731156337	63.2112840376471	40	11	11
906	1	11	93.0107820590787	38.4200967143316	63.2098731156337	63.2112870561974	40	11	11
907	1	11	93.0107820590787	38.4200967143316	63.2098731156337	63.2112900680917	40	11	11
908	1	11	93.0107820590787	38.4200967143316	63.2098731156337	63.2112930733518	40	11	11
909	1	11	93.0107820590787	38.4200967143316	63.2098731156337	63.2112960719997	40	11	11
910	1	11	93.0107820590787	38.4200967143316	63.2098731156337	63.2112990640571	40	11	11
911	1	11	93.0107820590787	38.4200967143316	63.2098731156337	56.1201270779426	40	11	11
912	1	11	93.0107820590787	38.4200967143316	63.2098731156337	63.2113050284874	40	11	11
913	1	11	93.0107820590787	38.4200967143316	63.2098731156337	63.2113080009034	40	11	11
914	1	11	93.0107820590787	38.4200967143316	63.2098731156337	63.2113109668152	40	11	11
915	1	11	93.0107820590787	38.4200967143316	63.2098731156337	63.2113139262441	40	11	11
916	1	11	93.0107820590787	38.4200967143316	63.2098731156337	63.2113168792114	40	11	11
917	1	11	93.0107820590787	38.4200967143316	63.2098731156337	52.013237214902	40	11	9
918	1	11	93.0107820590787	38.4200967143316	63.2098731156337	46.4332319776311	40	11	9
919	1	11	93.0107820590787	38.4200967143316	63.2098731156337	43.2106199595733	40	11	76
920	1	11	93.0107820590787	38.4200967143316	63.2098731156337	46.4332362402057	40	11	9
921	1	11	93.0107820590787	38.4200967143316	63.2098731156337	49.9742515264429	40	11	9
922	1	11	93.0107820590787	38.4200967143316	63.2098731156337	56.9733965828898	40	11	9
923	1	11	93.0107820590787	38.4200967143316	63.2098731156337	61.7912570984715	40	11	10
924	1	11	93.0107820590787	38.4200967143316	63.2098731156337	57.8528394100208	40	11	10
925	1	11	93.0107820590787	38.4200967143316	63.2098731156337	45.5595832054391	40	11	10
926	1	11	93.0107820590787	38.4200967143316	63.2098731156337	56.5868987719176	40	11	10
927	1	11	93.0107820590787	38.4200967143316	63.2098731156337	63.2113489413643	40	11	11
928	1	11	93.0107820590787	38.4200967143316	63.2098731156337	63.2113518184148	40	11	11
929	1	11	93.0107820590787	38.4200967143316	63.2098731156337	63.2113546892715	40	11	11
930	1	11	93.0107820590787	38.4200967143316	63.2098731156337	63.2113575539543	40	11	11
931	1	11	93.0107820590787	38.4200967143316	63.2098731156337	54.880403653335	40	11	11
932	1	11	93.0107820590787	38.4200967143316	63.2098731156337	55.7373762791292	40	11	11
933	1	11	93.0107820590787	38.4200967143316	63.2098731156337	43.5965913371841	40	11	11
934	1	11	93.0107820590787	38.4200967143316	63.2098731156337	63.2113689513433	40	11	11
935	1	11	93.0107820590787	38.4200967143316	63.2098731156337	43.5965959797894	40	11	11
936	1	11	93.0107820590787	38.4200967143316	63.2098731156337	63.2113746135077	40	11	11
937	1	11	93.0107820590787	38.4200967143316	63.2098731156337	63.2113774355256	40	11	11
