"Iteration #"	"Inertia"	"Number of features"	"CV best"	"Permuted CV best"	"Global best fitness"	"Current best fitness"	"Number of features in current best agent"	"Number of features in global best"	"Number of features in local best"
1	1	40	76.8952345270529	43.4493706580335	36.3540886568884	36.3540886568884	40	40	800
2	1	40	76.8952345270529	43.4493706580335	40.8540886568884	40.8540886568884	40	40	760
3	1	24	76.8952345270529	43.4493706580335	42.3540886568884	42.3540886568884	40	40	760
4	1	40	76.8952345270529	43.4493706580335	43.1040886568884	43.1040886568884	40	40	760
5	1	31	83.4974092887129	44.9933255462128	49.2355068619635	49.2355068619635	40	31	31
6	1	31	83.4974092887129	44.9933255462128	49.2355068619635	43.8540886568884	40	31	760
7	1	31	83.4974092887129	44.9933255462128	49.2355068619635	48.945004778616	40	31	31
8	1	31	83.4974092887129	44.9933255462128	49.2355068619635	46.0756914044317	40	31	31
9	1	31	84.3426736866687	42.7686668700956	52.0467162337123	52.0467162337123	40	31	31
10	1	31	84.3426736866687	42.7686668700956	52.0467162337123	44.4540886568884	40	31	760
11	1	31	84.3426736866687	42.7686668700956	52.0467162337123	44.5359068387066	40	31	760
12	1	31	84.3426736866687	42.7686668700956	52.0467162337123	48.8605836872331	40	31	31
13	1	31	84.3426736866687	42.7686668700956	52.2851777721739	52.2851777721739	40	31	31
14	1	31	84.3426736866687	42.7686668700956	52.2851777721739	52.323501947998	40	31	31
15	1	31	84.3426736866687	42.7686668700956	52.2851777721739	52.3567162337123	40	31	31
16	1	31	84.3426736866687	42.7686668700956	52.2851777721739	47.7233029138653	40	31	31
17	1	31	84.3426736866687	42.7686668700956	52.2851777721739	51.564346543947	40	31	31
18	1	31	84.3426736866687	42.7686668700956	52.2851777721739	49.0183762611025	40	31	31
19	1	31	84.3426736866687	42.7686668700956	52.2851777721739	51.4163649693196	40	31	31
20	1	31	84.3426736866687	42.7686668700956	52.2851777721739	49.0378603484137	40	31	31
21	1	31	84.3426736866687	42.7686668700956	52.2851777721739	47.5129316635307	40	31	31
22	1	31	84.3426736866687	42.7686668700956	52.2851777721739	50.1021730044881	40	31	31
23	1	31	84.3426736866687	42.7686668700956	52.2851777721739	50.6156815682984	40	31	31
24	1	31	84.3426736866687	42.7686668700956	52.2851777721739	50.6279098291679	40	31	31
25	1	30	84.3426736866687	42.7686668700956	52.5427162337123	52.5427162337123	40	31	589
26	1	30	84.3426736866687	42.7686668700956	52.5427162337123	52.5534470029431	40	31	589
27	1	30	84.3426736866687	42.7686668700956	52.5427162337123	52.563382900379	40	31	589
28	1	30	84.3426736866687	42.7686668700956	52.5427162337123	52.5726090908552	40	31	589
29	1	30	84.3426736866687	42.7686668700956	52.5427162337123	52.581198992333	40	31	589
30	1	30	84.3426736866687	42.7686668700956	52.5427162337123	52.5892162337123	40	31	589
31	1	30	84.3426736866687	42.7686668700956	52.5427162337123	52.5967162337123	40	31	589
32	1	30	84.3426736866687	42.7686668700956	52.5427162337123	52.6037474837123	40	31	589
33	1	30	85.6888846553337	43.9615220786643	52.886274804112	52.886274804112	40	30	30
34	1	30	85.6888846553337	43.9615220786643	52.886274804112	52.8922908468928	40	30	30
35	1	30	85.6888846553337	43.9615220786643	52.886274804112	52.6224305194266	40	30	589
36	1	30	85.6888846553337	43.9615220786643	52.886274804112	52.6279662337123	40	30	589
37	1	30	85.6888846553337	43.9615220786643	52.886274804112	52.6332027201988	40	30	589
38	1	30	85.6888846553337	43.9615220786643	52.886274804112	52.6381636021334	40	30	589
39	1	30	85.6888846553337	43.9615220786643	52.886274804112	52.9177433355806	40	30	30
40	1	30	85.6888846553337	43.9615220786643	52.886274804112	52.6473412337123	40	30	589
41	1	30	85.6888846553337	43.9615220786643	52.886274804112	52.7141329548532	40	30	30
42	1	30	85.6888846553337	43.9615220786643	52.886274804112	52.7177914914386	40	30	30
43	1	30	85.6888846553337	43.9615220786643	52.886274804112	52.6595069313867	40	30	589
44	1	30	85.6888846553337	43.9615220786643	52.886274804112	52.6631935064396	40	30	589
45	1	29	86.8555332170085	43.5379952538225	54.2117199017473	54.2117199017473	40	29	29
46	1	29	86.8555332170085	43.5379952538225	54.2117199017473	52.9440811282227	40	29	570
47	1	29	86.8555332170085	43.5379952538225	54.2117199017473	52.9472032373809	40	29	599
48	1	29	86.8555332170085	43.5379952538225	54.2117199017473	52.9501952586575	40	29	599
49	1	29	86.8555332170085	43.5379952538225	54.2117199017473	52.9530651566167	40	29	599
50	1	29	86.8555332170085	43.5379952538225	54.2117199017473	52.9558202586575	40	29	599
51	1	29	86.9014094893325	43.3754415530263	54.515862408966	54.515862408966	40	29	29
52	1	29	86.9014094893325	43.3754415530263	54.515862408966	52.9610125663498	40	29	570
53	1	29	88.1946247318012	36.7146263179561	59.1115058076233	59.1115058076233	40	29	29
54	1	29	88.1946247318012	36.7146263179561	59.1115058076233	52.9658202586575	40	29	570
55	1	29	88.1946247318012	36.7146263179561	59.1115058076233	52.9680929859302	40	29	570
56	1	29	88.1946247318012	36.7146263179561	59.1115058076233	52.9702845443718	40	29	570
57	1	29	88.1946247318012	36.7146263179561	59.1115058076233	52.9723992060259	40	29	570
58	1	29	88.1946247318012	36.7146263179561	59.1115058076233	52.9744409483127	40	29	570
59	1	29	88.1946247318012	36.7146263179561	59.1115058076233	59.1240257948315	40	29	29
60	1	29	88.1946247318012	36.7146263179561	59.1115058076233	52.9783202586575	40	29	570
61	1	29	88.1946247318012	36.7146263179561	59.1115058076233	59.1276518020558	40	29	29
62	1	29	88.1946247318012	36.7146263179561	59.1115058076233	59.1293770796866	40	29	29
63	1	29	88.1946247318012	36.7146263179561	59.1115058076233	59.1310475865991	40	29	29
64	1	29	88.1946247318012	36.7146263179561	59.1115058076233	59.1326658901705	40	29	29
65	1	29	88.1946247318012	36.7146263179561	59.1115058076233	59.1342343997859	40	29	29
66	1	29	88.1946247318012	36.7146263179561	59.1115058076233	58.1505986979105	40	29	29
67	1	29	88.1946247318012	36.7146263179561	59.1115058076233	54.6977556973281	40	29	29
68	1	29	88.1946247318012	36.7146263179561	59.1115058076233	59.1386631328176	40	29	29
69	1	29	88.1946247318012	36.7146263179561	59.1115058076233	52.7813344517715	40	29	29
70	1	29	88.1946247318012	36.7146263179561	59.1115058076233	59.1414047294562	40	29	29
71	1	29	88.1946247318012	36.7146263179561	59.1115058076233	54.7250524661667	40	29	29
72	1	29	88.1946247318012	36.7146263179561	59.1115058076233	52.3075947785693	40	29	513
73	1	29	88.1946247318012	36.7146263179561	59.1115058076233	52.3087506004871	40	29	513
74	1	29	88.1946247318012	36.7146263179561	59.1115058076233	52.3098751839747	40	29	513
75	1	29	88.1946247318012	36.7146263179561	59.1115058076233	52.3109697785693	40	29	513
76	1	29	88.1946247318012	36.7146263179561	59.1115058076233	52.9867407945988	40	29	22
77	1	29	88.1946247318012	36.7146263179561	59.1115058076233	52.9875866592605	40	29	22
78	1	29	88.1946247318012	36.7146263179561	59.1115058076233	52.9884108350846	40	29	22
79	1	29	88.1946247318012	36.7146263179561	59.1115058076233	52.9892141456981	40	29	22
80	1	29	88.1946247318012	36.7146263179561	59.1115058076233	52.9899973735462	40	29	22
81	1	29	88.1946247318012	36.7146263179561	59.1115058076233	52.3169697785693	40	29	513
82	1	29	88.1946247318012	36.7146263179561	59.1115058076233	54.6235068359397	40	29	24
83	1	29	88.1946247318012	36.7146263179561	59.1115058076233	52.3187770074849	40	29	513
84	1	29	88.1946247318012	36.7146263179561	59.1115058076233	53.7361363844027	40	29	24
85	1	29	88.1946247318012	36.7146263179561	59.1115058076233	52.320499190334	40	29	513
86	1	29	88.1946247318012	36.7146263179561	59.1115058076233	54.795945511903	40	29	24
87	1	29	88.1946247318012	36.7146263179561	59.1115058076233	54.7966672440602	40	29	24
88	1	29	88.1946247318012	36.7146263179561	59.1115058076233	54.7973725732138	40	29	24
89	1	29	88.1946247318012	36.7146263179561	59.1115058076233	54.7980620522741	40	29	24
90	1	29	88.1946247318012	36.7146263179561	59.1115058076233	54.7987362095774	40	29	24
91	1	29	88.1946247318012	36.7146263179561	59.1115058076233	58.49325843944	40	29	22
92	1	29	88.1946247318012	36.7146263179561	59.1115058076233	58.4938496960095	40	29	22
93	1	29	88.1946247318012	36.7146263179561	59.1115058076233	58.494428237384	40	29	22
94	1	29	88.1946247318012	36.7146263179561	59.1115058076233	58.4949944693675	40	29	22
95	1	29	88.1946247318012	36.7146263179561	59.1115058076233	58.4955487806777	40	29	22
96	1	29	88.1946247318012	36.7146263179561	59.1115058076233	51.8765510344854	40	29	418
97	1	29	88.1946247318012	36.7146263179561	59.1115058076233	51.8770826066504	40	29	418
98	1	29	88.1946247318012	36.7146263179561	59.1115058076233	51.6672325439161	40	29	361
99	1	29	88.1946247318012	36.7146263179561	59.1115058076233	53.8069285927726	40	29	19
100	1	29	88.1946247318012	36.7146263179561	59.1115058076233	53.2943234421199	40	29	19
101	1	29	88.1946247318012	36.7146263179561	59.1115058076233	53.2845168164242	40	29	19
102	1	29	88.1946247318012	36.7146263179561	59.1115058076233	54.0246391709794	40	29	20
103	1	29	88.1946247318012	36.7146263179561	59.1115058076233	54.1318321631823	40	29	21
104	1	29	88.1946247318012	36.7146263179561	59.1115058076233	53.2407971555642	40	29	21
105	1	29	88.1946247318012	36.7146263179561	59.1115058076233	51.6701407071814	40	29	361
106	1	29	88.1946247318012	36.7146263179561	59.1115058076233	56.6198521052286	40	29	17
107	1	29	88.1946247318012	36.7146263179561	59.1115058076233	51.6709017218677	40	29	361
108	1	29	88.1946247318012	36.7146263179561	59.1115058076233	52.1506559243734	40	29	17
109	1	29	88.1946247318012	36.7146263179561	59.1115058076233	55.8127232484524	40	29	266
110	1	29	88.1946247318012	36.7146263179561	59.1115058076233	55.8129859673848	40	29	266
111	1	29	88.1946247318012	36.7146263179561	59.1115058076233	55.8132439526428	40	29	266
112	1	29	88.1946247318012	36.7146263179561	59.1115058076233	55.8134973310212	40	29	266
113	1	29	88.1946247318012	36.7146263179561	59.1115058076233	55.8137462248265	40	29	266
114	1	29	88.1946247318012	36.7146263179561	59.1115058076233	55.8139907520738	40	29	266
115	1	29	88.1946247318012	36.7146263179561	59.1115058076233	55.8142310266734	40	29	266
116	1	29	88.1946247318012	36.7146263179561	59.1115058076233	55.8144671586074	40	29	266
117	1	29	88.1946247318012	36.7146263179561	59.1115058076233	55.8146992540981	40	29	266
118	1	29	88.1946247318012	36.7146263179561	59.1115058076233	55.814927415767	40	29	266
119	1	29	88.1946247318012	36.7146263179561	59.1115058076233	55.8151517427859	40	29	266
120	1	29	88.1946247318012	36.7146263179561	59.1115058076233	55.8153723310212	40	29	266
121	1	29	88.1946247318012	36.7146263179561	59.1115058076233	55.81558927317	40	29	266
122	1	29	88.1946247318012	36.7146263179561	59.1115058076233	55.81580265889	40	29	266
123	1	29	88.1946247318012	36.7146263179561	59.1115058076233	55.8160125749236	40	29	266
124	1	29	88.1946247318012	36.7146263179561	59.1115058076233	55.8162191052147	40	29	266
125	1	29	88.1946247318012	36.7146263179561	59.1115058076233	55.8164223310212	40	29	266
126	1	29	88.1946247318012	36.7146263179561	59.1115058076233	55.8166223310212	40	29	266
127	1	29	88.1946247318012	36.7146263179561	59.1115058076233	55.8168191814149	40	29	266
128	1	29	88.1946247318012	36.7146263179561	59.1115058076233	55.8170129560212	40	29	266
129	1	29	88.1946247318012	36.7146263179561	59.1115058076233	55.81720372637	40	29	266
130	1	29	88.1946247318012	36.7146263179561	59.1115058076233	55.8173915617904	40	29	266
131	1	29	88.1946247318012	36.7146263179561	59.1115058076233	55.4998697332649	40	29	29
132	1	29	88.1946247318012	36.7146263179561	59.1115058076233	55.2070906121512	40	29	29
133	1	29	88.1946247318012	36.7146263179561	59.1115058076233	54.2069919016522	40	29	247
134	1	29	88.1946247318012	36.7146263179561	59.1115058076233	54.2071560246463	40	29	247
135	1	29	88.1946247318012	36.7146263179561	59.1115058076233	54.2073177161886	40	29	247
136	1	29	88.1946247318012	36.7146263179561	59.1115058076233	54.2074770299141	40	29	247
137	1	29	88.1946247318012	36.7146263179561	59.1115058076233	54.2076340178917	40	29	247
138	1	29	88.1946247318012	36.7146263179561	59.1115058076233	54.2077887306813	40	29	247
139	1	29	88.1946247318012	36.7146263179561	59.1115058076233	54.2079412173876	40	29	247
140	1	29	88.1946247318012	36.7146263179561	59.1115058076233	54.2080915257124	40	29	247
141	1	29	88.1946247318012	36.7146263179561	59.1115058076233	54.2082397020042	40	29	247
142	1	29	88.1946247318012	36.7146263179561	59.1115058076233	54.2083857913059	40	29	247
143	1	29	88.1946247318012	36.7146263179561	59.1115058076233	54.2085298374007	40	29	247
144	1	29	88.1946247318012	36.7146263179561	59.1115058076233	54.2086718828552	40	29	247
145	1	29	88.1946247318012	36.7146263179561	59.1115058076233	54.2088119690621	40	29	247
146	1	29	88.1946247318012	36.7146263179561	59.1115058076233	54.2089501362799	40	29	247
147	1	29	88.1946247318012	36.7146263179561	59.1115058076233	54.2090864236716	40	29	247
148	1	29	88.1946247318012	36.7146263179561	59.1115058076233	55.8332070993768	40	29	29
149	1	29	88.1946247318012	36.7146263179561	59.1115058076233	54.209353510372	40	29	247
150	1	29	88.1946247318012	36.7146263179561	59.1115058076233	54.2094843828552	40	29	247
151	1	29	88.1946247318012	36.7146263179561	59.1115058076233	54.2096135219281	40	29	247
152	1	29	88.1946247318012	36.7146263179561	59.1115058076233	54.2097409618026	40	29	247
153	1	29	88.1946247318012	36.7146263179561	59.1115058076233	54.2098667357964	40	29	247
154	1	29	88.1946247318012	36.7146263179561	59.1115058076233	54.2099908763617	40	29	247
155	1	29	88.1946247318012	36.7146263179561	59.1115058076233	54.2101134151133	40	29	247
156	1	29	88.1946247318012	36.7146263179561	59.1115058076233	55.6754361431024	40	29	24
157	1	29	88.1946247318012	36.7146263179561	59.1115058076233	58.7934246444032	40	29	27
158	1	29	88.1946247318012	36.7146263179561	59.1115058076233	58.7936695448305	40	29	27
159	1	29	88.1946247318012	36.7146263179561	59.1115058076233	54.2105881564401	40	29	247
160	1	29	88.1946247318012	36.7146263179561	59.1115058076233	54.2107031328552	40	29	247
161	1	29	88.1946247318012	36.7146263179561	59.1115058076233	54.2108166809919	40	29	247
162	1	29	88.1946247318012	36.7146263179561	59.1115058076233	59.1943412373927	40	29	29
163	1	29	88.1946247318012	36.7146263179561	59.1115058076233	59.1945883403239	40	29	29
164	1	29	88.1946247318012	36.7146263179561	59.1115058076233	59.1948324298047	40	29	29
165	1	29	88.1946247318012	36.7146263179561	59.1115058076233	59.1950735606251	40	29	29
166	1	29	88.1946247318012	36.7146263179561	59.1115058076233	54.2113639009275	40	29	247
167	1	29	88.1946247318012	36.7146263179561	59.1115058076233	58.2083286924668	40	29	29
168	1	29	88.1946247318012	36.7146263179561	59.1115058076233	58.208553243365	40	29	29
169	1	29	88.1946247318012	36.7146263179561	59.1115058076233	58.2087751368562	40	29	29
170	1	29	88.1946247318012	36.7146263179561	59.1115058076233	58.2089944198356	40	29	29
171	1	29	88.1946247318012	36.7146263179561	59.1115058076233	54.2118791196973	40	29	247
172	1	29	88.1946247318012	36.7146263179561	59.1115058076233	54.8751276903071	40	29	29
173	1	29	88.1946247318012	36.7146263179561	59.1115058076233	54.2120768684044	40	29	247
174	1	29	88.1946247318012	36.7146263179561	59.1115058076233	54.2121740380276	40	29	247
175	1	29	88.1946247318012	36.7146263179561	59.1115058076233	54.2122700971409	40	29	247
176	1	29	88.1946247318012	36.7146263179561	59.1115058076233	54.2123650646734	40	29	247
177	1	29	88.1946247318012	36.7146263179561	59.1115058076233	54.2124589591264	40	29	247
178	1	29	88.1946247318012	36.7146263179561	59.1115058076233	54.2125517985856	40	29	247
179	1	29	88.1946247318012	36.7146263179561	59.1115058076233	54.2126436007323	40	29	247
180	1	29	88.1946247318012	36.7146263179561	59.1115058076233	54.2127343828552	40	29	247
181	1	29	88.1946247318012	36.7146263179561	59.1115058076233	54.2128241618608	40	29	247
182	1	29	88.1946247318012	36.7146263179561	59.1115058076233	54.2129129542838	40	29	247
183	1	29	88.1946247318012	36.7146263179561	59.1115058076233	54.2130007762978	40	29	247
184	1	29	88.1946247318012	36.7146263179561	59.1115058076233	54.2130876437248	40	29	247
185	1	29	88.1946247318012	36.7146263179561	59.1115058076233	54.2131735720444	40	29	247
186	1	29	88.1946247318012	36.7146263179561	59.1115058076233	49.9306790330418	40	29	21
187	1	29	88.1946247318012	36.7146263179561	59.1115058076233	55.5575957676606	40	29	24
188	1	29	88.1946247318012	36.7146263179561	59.1115058076233	47.2815797927333	40	29	209
189	1	29	88.1946247318012	36.7146263179561	59.1115058076233	52.5670192577475	40	29	24
190	1	29	88.1946247318012	36.7146263179561	59.1115058076233	50.7526841155768	40	29	24
191	1	29	88.1946247318012	36.7146263179561	59.1115058076233	57.9496691150971	40	29	24
192	1	29	88.1946247318012	36.7146263179561	59.1115058076233	52.0727105499991	40	29	24
193	1	29	88.1946247318012	36.7146263179561	59.1115058076233	57.3438652315399	40	29	24
194	1	24	89.9822750479561	35.7593125819032	61.4106857604218	61.4106857604218	40	24	24
195	1	24	89.9822750479561	35.7593125819032	61.4106857604218	51.5120067254256	40	24	24
196	1	24	89.9822750479561	35.7593125819032	61.4106857604218	60.0947284536678	40	24	24
197	1	24	89.9822750479561	35.7593125819032	61.4106857604218	58.0594823064303	40	24	24
198	1	24	89.9822750479561	35.7593125819032	61.4106857604218	56.2373454593267	40	24	24
199	1	24	89.9822750479561	35.7593125819032	61.4106857604218	61.4113851335762	40	24	24
200	1	24	89.9822750479561	35.7593125819032	61.4106857604218	61.4115208119681	40	24	24
201	1	24	89.9822750479561	35.7593125819032	61.4106857604218	58.2054392286781	40	24	24
202	1	24	89.9822750479561	35.7593125819032	61.4106857604218	60.1436291796225	40	24	24
203	1	24	89.9822750479561	35.7593125819032	61.4106857604218	47.2825525681237	40	24	209
204	1	24	89.9822750479561	35.7593125819032	61.4106857604218	54.3261068853625	40	24	24
205	1	24	89.9822750479561	35.7593125819032	61.4106857604218	50.6026247907076	40	24	24
206	1	24	89.9822750479561	35.7593125819032	61.4106857604218	47.2827301232435	40	24	209
207	1	24	89.9822750479561	35.7593125819032	61.4106857604218	47.2827881646112	40	24	209
208	1	24	89.9822750479561	35.7593125819032	61.4106857604218	47.2828456478888	40	24	209
209	1	24	89.9822750479561	35.7593125819032	61.4106857604218	47.2829025810872	40	24	209
210	1	24	89.9822750479561	35.7593125819032	61.4106857604218	47.2829589720646	40	24	209
211	1	24	89.9822750479561	35.7593125819032	61.4106857604218	61.4445451889504	40	24	19
212	1	24	89.9822750479561	35.7593125819032	61.4106857604218	52.1795265596034	40	24	19
213	1	24	89.9822750479561	35.7593125819032	61.4106857604218	57.3903996334237	40	24	19
214	1	24	89.9822750479561	35.7593125819032	61.4106857604218	50.2980375305622	40	24	19
215	1	24	89.9822750479561	35.7593125819032	61.4106857604218	53.3198465307264	40	24	19
216	1	24	89.9822750479561	35.7593125819032	61.4106857604218	50.3786773065321	40	24	19
217	1	24	89.9822750479561	35.7593125819032	61.4106857604218	57.7235560269115	40	24	190
218	1	24	89.9822750479561	35.7593125819032	61.4106857604218	57.7236035895885	40	24	190
219	1	24	89.9822750479561	35.7593125819032	61.4106857604218	57.7236507179032	40	24	190
220	1	24	89.9822750479561	35.7593125819032	61.4106857604218	57.7236974177787	40	24	190
221	1	24	89.9822750479561	35.7593125819032	61.4106857604218	61.3832497293942	40	24	21
222	1	24	89.9822750479561	35.7593125819032	61.4106857604218	61.3833460361081	40	24	21
223	1	24	89.9822750479561	35.7593125819032	61.4106857604218	61.3834414790847	40	24	21
224	1	24	89.9822750479561	35.7593125819032	61.4106857604218	61.3835360698919	40	24	21
225	1	24	89.9822750479561	35.7593125819032	61.4106857604218	61.3836298198919	40	24	21
226	1	24	89.9822750479561	35.7593125819032	61.4106857604218	58.6226315307945	40	24	21
227	1	24	89.9822750479561	35.7593125819032	61.4106857604218	57.7240127962328	40	24	190
228	1	24	89.9822750479561	35.7593125819032	61.4106857604218	57.7240562694533	40	24	190
229	1	24	89.9822750479561	35.7593125819032	61.4106857604218	57.724099362995	40	24	190
230	1	24	89.9822750479561	35.7593125819032	61.4106857604218	57.7241420818103	40	24	190
231	1	24	89.9822750479561	35.7593125819032	61.4106857604218	57.7241844307657	40	24	190
232	1	24	89.9822750479561	35.7593125819032	61.4106857604218	61.3850981284666	40	24	15
233	1	24	89.9822750479561	35.7593125819032	61.4106857604218	57.7242680381454	40	24	190
234	1	24	89.9822750479561	35.7593125819032	61.4106857604218	57.7243093058906	40	24	190
235	1	24	89.9822750479561	35.7593125819032	61.4106857604218	59.9388416761532	40	24	15
236	1	24	89.9822750479561	35.7593125819032	61.4106857604218	58.8430782340018	40	24	15
237	1	24	89.9822750479561	35.7593125819032	61.4106857604218	57.7244310196199	40	24	190
238	1	17	91.9036224903264	35.0536168837648	64.6435580649825	64.6435580649825	40	17	17
239	1	17	91.9036224903264	35.0536168837648	64.6435580649825	58.1093347101767	40	17	17
240	1	17	91.9036224903264	35.0536168837648	64.6435580649825	57.7245496905059	40	17	190
241	1	17	91.9036224903264	35.0536168837648	64.6435580649825	59.3369189781687	40	17	17
242	1	17	91.9036224903264	35.0536168837648	64.6435580649825	62.7020507766024	40	17	17
243	1	17	91.9036224903264	35.0536168837648	64.6435580649825	62.7021081687052	40	17	17
244	1	17	91.9036224903264	35.0536168837648	64.6435580649825	59.7224487302186	40	17	17
245	1	17	91.9036224903264	35.0536168837648	64.6435580649825	59.7225089510282	40	17	17
246	1	17	91.9036224903264	35.0536168837648	64.6435580649825	60.473341428649	40	17	17
247	1	17	91.9036224903264	35.0536168837648	64.6435580649825	64.6441436635944	40	17	17
248	1	17	91.9036224903264	35.0536168837648	64.6435580649825	64.6442061064571	40	17	17
249	1	17	91.9036224903264	35.0536168837648	64.6435580649825	64.6442680477708	40	17	17
250	1	17	91.9036224903264	35.0536168837648	64.6435580649825	64.6443294935539	40	17	17
251	1	17	91.9036224903264	35.0536168837648	64.6435580649825	64.6443904497292	40	17	17
252	1	17	91.9036224903264	35.0536168837648	64.6435580649825	64.6444509221253	40	17	17
253	1	17	91.9036224903264	35.0536168837648	64.6435580649825	64.6445109164788	40	17	17
254	1	17	91.9036224903264	35.0536168837648	64.6435580649825	64.6445704384358	40	17	17
255	1	17	91.9036224903264	35.0536168837648	64.6435580649825	64.6446294935539	40	17	17
256	1	17	91.9036224903264	35.0536168837648	64.6435580649825	62.2341107536677	40	17	171
257	1	17	91.9036224903264	35.0536168837648	64.6435580649825	62.2341415324858	40	17	171
258	1	17	91.9036224903264	35.0536168837648	64.6435580649825	62.2341720727084	40	17	171
259	1	17	91.9036224903264	35.0536168837648	64.6435580649825	62.2342023770991	40	17	171
260	1	17	91.9036224903264	35.0536168837648	64.6435580649825	62.2342324483792	40	17	171
261	1	17	91.9036224903264	35.0536168837648	64.6435580649825	62.234262289228	40	17	171
262	1	17	91.9036224903264	35.0536168837648	64.6435580649825	62.2342919022841	40	17	171
263	1	17	91.9036224903264	35.0536168837648	64.6435580649825	62.2343212901458	40	17	171
264	1	17	91.9036224903264	35.0536168837648	64.6435580649825	62.2343504553722	40	17	171
265	1	17	91.9036224903264	35.0536168837648	64.6435580649825	62.2343794004837	40	17	171
266	1	17	91.9036224903264	35.0536168837648	64.6435580649825	62.2344081279628	40	17	171
267	1	17	91.9036224903264	35.0536168837648	64.6435580649825	62.2344366402547	40	17	171
268	1	17	91.9036224903264	35.0536168837648	64.6435580649825	62.2344649397684	40	17	171
269	1	17	91.9036224903264	35.0536168837648	64.6435580649825	62.2344930288768	40	17	171
270	1	17	91.9036224903264	35.0536168837648	64.6435580649825	62.2345209099177	40	17	171
271	1	17	91.9036224903264	35.0536168837648	64.6435580649825	62.2345485851944	40	17	171
272	1	17	91.9036224903264	35.0536168837648	64.6435580649825	46.8650622522553	40	17	20
273	1	17	91.9036224903264	35.0536168837648	64.6435580649825	45.2857213961354	40	17	152
274	1	17	91.9036224903264	35.0536168837648	64.6435580649825	60.1432020283024	40	17	18
275	1	17	91.9036224903264	35.0536168837648	64.6435580649825	57.6066451481809	40	17	18
276	1	17	91.9036224903264	35.0536168837648	64.6435580649825	50.9640258160327	40	17	18
277	1	17	91.9036224903264	35.0536168837648	64.6435580649825	54.120652630539	40	17	18
278	1	17	91.9036224903264	35.0536168837648	64.6435580649825	55.0719620752412	40	17	18
279	1	17	91.9036224903264	35.0536168837648	64.6435580649825	50.2204015497526	40	17	18
280	1	17	91.9036224903264	35.0536168837648	64.6435580649825	57.5046064471619	40	17	18
281	1	17	91.9036224903264	35.0536168837648	64.6435580649825	59.6485331062819	40	17	18
282	1	17	91.9036224903264	35.0536168837648	64.6435580649825	47.8581937793977	40	17	18
283	1	17	91.9036224903264	35.0536168837648	64.6435580649825	51.34914164016	40	17	13
284	1	17	91.9036224903264	35.0536168837648	64.6435580649825	56.5260257787867	40	17	13
285	1	17	91.9036224903264	35.0536168837648	64.6435580649825	55.7791808052216	40	17	13
286	1	17	91.9036224903264	35.0536168837648	64.6435580649825	57.1147435925912	40	17	12
287	1	17	91.9036224903264	35.0536168837648	64.6435580649825	46.1468680689519	40	17	12
288	1	17	91.9036224903264	35.0536168837648	64.6435580649825	55.4830753003599	40	17	12
289	1	17	91.9036224903264	35.0536168837648	64.6435580649825	45.012220824412	40	17	133
290	1	17	91.9036224903264	35.0536168837648	64.6435580649825	54.3557618582184	40	17	12
291	1	17	91.9036224903264	35.0536168837648	64.6435580649825	45.0122582802676	40	17	133
292	1	17	91.9036224903264	35.0536168837648	64.6435580649825	45.0122768157852	40	17	133
293	1	17	91.9036224903264	35.0536168837648	64.6435580649825	57.1149691349669	40	17	12
294	1	17	91.9036224903264	35.0536168837648	64.6435580649825	56.2508284821658	40	17	11
295	1	17	91.9036224903264	35.0536168837648	64.6435580649825	56.2508570190042	40	17	11
296	1	17	91.9036224903264	35.0536168837648	64.6435580649825	53.7153553965497	40	17	11
297	1	17	91.9036224903264	35.0536168837648	64.6435580649825	51.3239546007847	40	17	11
298	1	17	91.9036224903264	35.0536168837648	64.6435580649825	58.5522034338417	40	17	13
299	1	17	91.9036224903264	35.0536168837648	64.6435580649825	58.5522362613876	40	17	13
300	1	17	91.9036224903264	35.0536168837648	64.6435580649825	58.5522688700833	40	17	13
301	1	17	91.9036224903264	35.0536168837648	64.6435580649825	56.2510242581506	40	17	13
302	1	17	91.9036224903264	35.0536168837648	64.6435580649825	58.6070419427717	40	17	12
303	1	17	91.9036224903264	35.0536168837648	64.6435580649825	58.6070714490336	40	17	12
304	1	17	91.9036224903264	35.0536168837648	64.6435580649825	58.6071007611753	40	17	12
305	1	17	91.9036224903264	35.0536168837648	64.6435580649825	58.6071298811063	40	17	12
306	1	17	91.9036224903264	35.0536168837648	64.6435580649825	52.7123678713793	40	17	12
307	1	17	91.9036224903264	35.0536168837648	64.6435580649825	52.7123942174226	40	17	12
308	1	17	91.9036224903264	35.0536168837648	64.6435580649825	58.5525221168365	40	17	12
309	1	17	91.9036224903264	35.0536168837648	64.6435580649825	58.5525528506658	40	17	12
310	1	17	91.9036224903264	35.0536168837648	64.6435580649825	58.5525833862123	40	17	12
311	1	17	91.9036224903264	35.0536168837648	64.6435580649825	56.2512886501558	40	17	12
312	1	17	91.9036224903264	35.0536168837648	64.6435580649825	55.5027635160725	40	17	12
313	1	17	91.9036224903264	35.0536168837648	64.6435580649825	45.0126387025198	40	17	133
314	1	17	91.9036224903264	35.0536168837648	64.6435580649825	56.2513646839076	40	17	12
315	1	17	91.9036224903264	35.0536168837648	64.6435580649825	47.6840407059921	40	17	12
316	1	17	91.9036224903264	35.0536168837648	64.6435580649825	48.3578986842735	40	17	13
317	1	17	91.9036224903264	35.0536168837648	64.6435580649825	51.3097262948474	40	17	12
318	1	17	91.9036224903264	35.0536168837648	64.6435580649825	49.0049114556638	40	17	12
319	1	17	91.9036224903264	35.0536168837648	64.6435580649825	53.1442405206141	40	17	13
320	1	17	91.9036224903264	35.0536168837648	64.6435580649825	45.0127487764016	40	17	133
321	1	17	91.9036224903264	35.0536168837648	64.6435580649825	61.2917382031414	40	17	18
322	1	17	91.9036224903264	35.0536168837648	64.6435580649825	61.2917773858198	40	17	18
323	1	17	91.9036224903264	35.0536168837648	64.6435580649825	61.2918163258809	40	17	18
324	1	17	91.9036224903264	35.0536168837648	64.6435580649825	61.2918550255713	40	17	18
325	1	17	91.9036224903264	35.0536168837648	64.6435580649825	61.2918934871098	40	17	18
326	1	17	91.9036224903264	35.0536168837648	64.6435580649825	48.2861040367792	40	17	18
327	1	17	91.9036224903264	35.0536168837648	64.6435580649825	59.7261936542673	40	17	16
328	1	17	91.9036224903264	35.0536168837648	64.6435580649825	45.0128688221333	40	17	133
329	1	17	91.9036224903264	35.0536168837648	64.6435580649825	56.770916839375	40	17	16
330	1	17	91.9036224903264	35.0536168837648	64.6435580649825	60.1219115717386	40	17	15
331	1	17	91.9036224903264	35.0536168837648	64.6435580649825	62.3386846109579	40	17	10
332	1	17	91.9036224903264	35.0536168837648	64.6435580649825	46.1477181592084	40	17	10
333	1	17	91.9036224903264	35.0536168837648	64.6435580649825	56.773054468648	40	17	10
334	1	17	91.9036224903264	35.0536168837648	64.6435580649825	47.7691112793997	40	17	10
335	1	17	91.9036224903264	35.0536168837648	64.6435580649825	56.7730907736097	40	17	10
336	1	17	91.9036224903264	35.0536168837648	64.6435580649825	58.4110547887126	40	17	10
337	1	17	91.9036224903264	35.0536168837648	64.6435580649825	59.775963042343	40	17	10
338	1	17	91.9036224903264	35.0536168837648	64.6435580649825	62.3388253893057	40	17	10
339	1	17	91.9036224903264	35.0536168837648	64.6435580649825	57.0241908553131	40	17	10
340	1	17	91.9036224903264	35.0536168837648	64.6435580649825	55.629354127317	40	17	10
341	1	17	91.9036224903264	35.0536168837648	64.6435580649825	55.918107360322	40	17	10
342	1	15	91.2510337339518	37.5672390958537	64.8118950678692	64.8118950678692	40	15	15
343	1	15	91.2510337339518	37.5672390958537	64.8118950678692	64.811923838776	40	15	15
344	1	15	91.2510337339518	37.5672390958537	64.8118950678692	64.8119524424102	40	15	15
345	1	15	91.2510337339518	37.5672390958537	64.8118950678692	64.8119808802261	40	15	15
346	1	15	91.2510337339518	37.5672390958537	64.8118950678692	58.2541493158885	40	15	15
347	1	15	91.2510337339518	37.5672390958537	64.8118950678692	58.2541774263648	40	15	15
348	1	15	91.2510337339518	37.5672390958537	64.8118950678692	52.1418325023358	40	15	15
349	1	15	91.2510337339518	37.5672390958537	64.8118950678692	61.5227895197567	40	15	15
350	1	15	91.2510337339518	37.5672390958537	64.8118950678692	64.8121206317789	40	15	15
351	1	15	91.2510337339518	37.5672390958537	64.8118950678692	64.01335634611	40	15	15
352	1	15	91.2510337339518	37.5672390958537	64.8118950678692	54.5570049387046	40	15	15
353	1	15	91.2510337339518	37.5672390958537	64.8118950678692	60.5582088863346	40	15	15
354	1	15	91.2510337339518	37.5672390958537	64.8118950678692	54.8318220614373	40	15	12
355	1	15	91.2510337339518	37.5672390958537	64.8118950678692	54.8318435462785	40	15	12
356	1	15	91.2510337339518	37.5672390958537	64.8118950678692	55.4369294821616	40	15	12
357	1	15	91.2510337339518	37.5672390958537	64.8118950678692	56.1646077949423	40	15	13
358	1	15	91.2510337339518	37.5672390958537	64.8118950678692	56.1646306811918	40	15	13
359	1	15	91.2510337339518	37.5672390958537	64.8118950678692	57.4730561767888	40	15	10
360	1	15	91.2510337339518	37.5672390958537	64.8118950678692	45.0132956514016	40	15	133
361	1	15	91.2510337339518	37.5672390958537	64.8118950678692	51.6103682423641	40	15	10
362	1	15	91.2510337339518	37.5672390958537	64.8118950678692	52.877839330034	40	15	10
363	1	15	91.2510337339518	37.5672390958537	64.8118950678692	56.139265538337	40	15	10
364	1	15	91.2510337339518	37.5672390958537	64.8118950678692	55.780074103147	40	15	10
365	1	15	91.2510337339518	37.5672390958537	64.8118950678692	60.4877658607742	40	15	12
366	1	15	91.2510337339518	37.5672390958537	64.8118950678692	57.473176045276	40	15	12
367	1	15	91.2510337339518	37.5672390958537	64.8118950678692	57.4731927960688	40	15	12
368	1	15	91.2510337339518	37.5672390958537	64.8118950678692	57.4732094558248	40	15	12
369	1	15	91.2510337339518	37.5672390958537	64.8118950678692	57.473226025284	40	15	12
370	1	15	91.2510337339518	37.5672390958537	64.8118950678692	61.6370879756346	40	15	11
371	1	15	91.2510337339518	37.5672390958537	64.8118950678692	62.2710636484304	40	15	12
372	1	15	91.2510337339518	37.5672390958537	64.8118950678692	62.2710832119467	40	15	12
373	1	15	91.2510337339518	37.5672390958537	64.8118950678692	62.2711026705647	40	15	12
374	1	15	91.2510337339518	37.5672390958537	64.8118950678692	62.2711220251259	40	15	12
375	1	15	91.2510337339518	37.5672390958537	64.8118950678692	62.2711412764628	40	15	12
376	1	15	91.2510337339518	37.5672390958537	64.8118950678692	57.4733395437064	40	15	10
377	1	15	91.2510337339518	37.5672390958537	64.8118950678692	57.4733554164983	40	15	10
378	1	15	91.2510337339518	37.5672390958537	64.8118950678692	57.4733712053072	40	15	10
379	1	15	91.2510337339518	37.5672390958537	64.8118950678692	57.4733869107978	40	15	10
380	1	15	91.2510337339518	37.5672390958537	64.8118950678692	57.473402533628	40	15	10
381	1	15	91.2510337339518	37.5672390958537	64.8118950678692	59.525923203671	40	15	11
382	1	15	91.2510337339518	37.5672390958537	64.8118950678692	59.8476508114235	40	15	11
383	1	15	91.2510337339518	37.5672390958537	64.8118950678692	56.9372170137869	40	15	11
384	1	15	91.2510337339518	37.5672390958537	64.8118950678692	59.8476845565152	40	15	11
385	1	15	91.2510337339518	37.5672390958537	64.8118950678692	60.472505184178	40	15	12
386	1	15	91.2510337339518	37.5672390958537	64.8118950678692	57.4734945707155	40	15	12
387	1	15	91.2510337339518	37.5672390958537	64.8118950678692	62.2713645322767	40	15	12
388	1	13	91.0883878444503	35.3341201561755	65.3332014475544	65.3332014475544	40	13	13
389	1	13	91.0883878444503	35.3341201561755	65.3332014475544	65.3332208271425	40	13	13
390	1	13	91.0883878444503	35.3341201561755	65.3332014475544	65.3332401073482	40	13	13
391	1	13	91.0883878444503	35.3341201561755	65.3332014475544	47.8900287217923	40	13	13
392	1	13	91.0883878444503	35.3341201561755	65.3332014475544	58.2858461705731	40	13	13
393	1	13	91.0883878444503	35.3341201561755	65.3332014475544	52.4406549610649	40	13	13
394	1	13	91.0883878444503	35.3341201561755	65.3332014475544	59.5261375407748	40	13	13
395	1	13	91.0883878444503	35.3341201561755	65.3332014475544	51.6109047268131	40	13	13
396	1	13	91.0883878444503	35.3341201561755	65.3332014475544	40.0841445632669	40	13	114
397	1	13	91.0883878444503	35.3341201561755	65.3332014475544	62.41362390106	40	13	13
398	1	13	91.0883878444503	35.3341201561755	65.3332014475544	65.333390861117	40	13	13
399	1	13	91.0883878444503	35.3341201561755	65.3332014475544	65.3334092802805	40	13	13
400	1	13	91.0883878444503	35.3341201561755	65.3332014475544	65.3334276073482	40	13	13
401	1	13	91.0883878444503	35.3341201561755	65.3332014475544	65.333445843009	40	13	13
402	1	13	91.0883878444503	35.3341201561755	65.3332014475544	65.3334639879452	40	13	13
403	1	13	91.0883878444503	35.3341201561755	65.3332014475544	65.3334820428321	40	13	13
404	1	13	91.0883878444503	35.3341201561755	65.3332014475544	65.3335000083383	40	13	13
405	1	13	91.0883878444503	35.3341201561755	65.3332014475544	65.333517885126	40	13	13
406	1	13	91.0883878444503	35.3341201561755	65.3332014475544	58.7489567762163	40	13	13
407	1	13	91.0883878444503	35.3341201561755	65.3332014475544	56.2531657684316	40	13	13
408	1	13	91.0883878444503	35.3341201561755	65.3332014475544	59.0102442798316	40	13	13
409	1	13	91.0883878444503	35.3341201561755	65.3332014475544	57.51737422466	40	13	13
410	1	13	91.0883878444503	35.3341201561755	65.3332014475544	42.756458085255	40	13	13
411	1	13	91.0883878444503	35.3341201561755	65.3332014475544	53.7048766499933	40	13	9
412	1	13	91.0883878444503	35.3341201561755	65.3332014475544	53.7048886087489	40	13	9
413	1	13	91.0883878444503	35.3341201561755	65.3332014475544	53.7049005095928	40	13	9
414	1	13	91.0883878444503	35.3341201561755	65.3332014475544	53.7049123529447	40	13	9
415	1	13	91.0883878444503	35.3341201561755	65.3332014475544	53.7049241392203	40	13	9
416	1	13	91.0883878444503	35.3341201561755	65.3332014475544	51.4204856272126	40	13	9
417	1	13	91.0883878444503	35.3341201561755	65.3332014475544	59.8289393436236	40	13	9
418	1	13	91.0883878444503	35.3341201561755	65.3332014475544	59.8289509611238	40	13	9
419	1	13	91.0883878444503	35.3341201561755	65.3332014475544	59.8289625231706	40	13	9
420	1	13	91.0883878444503	35.3341201561755	65.3332014475544	59.8289740301601	40	13	9
421	1	13	91.0883878444503	35.3341201561755	65.3332014475544	44.0535493093654	40	13	9
422	1	13	91.0883878444503	35.3341201561755	65.3332014475544	50.7887979424372	40	13	10
423	1	13	91.0883878444503	35.3341201561755	65.3332014475544	50.7888105470555	40	13	10
424	1	13	91.0883878444503	35.3341201561755	65.3332014475544	50.7888230922181	40	13	10
425	1	13	91.0883878444503	35.3341201561755	65.3332014475544	50.7888355783446	40	13	10
426	1	13	91.0883878444503	35.3341201561755	65.3332014475544	40.0843846400915	40	13	124
427	1	13	91.0883878444503	35.3341201561755	65.3332014475544	40.0843920616701	40	13	124
428	1	13	91.0883878444503	35.3341201561755	65.3332014475544	43.1762047378692	40	13	10
429	1	13	91.0883878444503	35.3341201561755	65.3332014475544	43.1762157665601	40	13	10
430	1	13	91.0883878444503	35.3341201561755	65.3332014475544	45.0140078607039	40	13	10
431	1	13	91.0883878444503	35.3341201561755	65.3332014475544	40.7102130103966	40	13	10
432	1	13	91.0883878444503	35.3341201561755	65.3332014475544	40.7102238862667	40	13	10
433	1	13	91.0883878444503	35.3341201561755	65.3332014475544	40.7102347119018	40	13	9
434	1	13	91.0883878444503	35.3341201561755	65.3332014475544	40.7102454876492	40	13	9
435	1	13	91.0883878444503	35.3341201561755	65.3332014475544	40.7102562138529	40	13	9
436	1	13	91.0883878444503	35.3341201561755	65.3332014475544	40.7102668908539	40	13	9
437	1	13	91.0883878444503	35.3341201561755	65.3332014475544	40.7102775189898	40	13	9
438	1	13	91.0883878444503	35.3341201561755	65.3332014475544	40.7102880985955	40	13	9
439	1	13	91.0883878444503	35.3341201561755	65.3332014475544	40.7102986300025	40	13	9
440	1	13	91.0883878444503	35.3341201561755	65.3332014475544	40.7103091135394	40	13	9
441	1	13	91.0883878444503	35.3341201561755	65.3332014475544	41.6956468384257	40	13	8
442	1	13	91.0883878444503	35.3341201561755	65.3332014475544	45.0141073029853	40	13	7
443	1	13	91.0883878444503	35.3341201561755	65.3332014475544	45.0141153466612	40	13	7
444	1	13	91.0883878444503	35.3341201561755	65.3332014475544	45.0141233541043	40	13	7
445	1	13	91.0883878444503	35.3341201561755	65.3332014475544	45.0141313255589	40	13	7
446	1	13	91.0883878444503	35.3341201561755	65.3332014475544	40.0845267483464	40	13	121
447	1	13	91.0883878444503	35.3341201561755	65.3332014475544	40.0845335199478	40	13	114
448	1	13	91.0883878444503	35.3341201561755	65.3332014475544	45.0141550264016	40	13	7
449	1	13	91.0883878444503	35.3341201561755	65.3332014475544	45.0141628563014	40	13	7
450	1	13	91.0883878444503	35.3341201561755	65.3332014475544	40.084553654176	40	13	114
451	1	13	91.0883878444503	35.3341201561755	65.3332014475544	49.3407801087149	40	13	10
452	1	13	91.0883878444503	35.3341201561755	65.3332014475544	49.3407911461342	40	13	10
453	1	13	91.0883878444503	35.3341201561755	65.3332014475544	49.3408021348232	40	13	10
454	1	13	91.0883878444503	35.3341201561755	65.3332014475544	49.3408130751038	40	13	10
455	1	13	91.0883878444503	35.3341201561755	65.3332014475544	41.8282003319199	40	13	8
456	1	13	91.0883878444503	35.3341201561755	65.3332014475544	41.8282090074549	40	13	8
457	1	13	91.0883878444503	35.3341201561755	65.3332014475544	45.1019128602545	40	13	9
458	1	13	91.0883878444503	35.3341201561755	65.3332014475544	45.1019225350846	40	13	9
459	1	13	91.0883878444503	35.3341201561755	65.3332014475544	45.1019321677587	40	13	9
460	1	13	91.0883878444503	35.3341201561755	65.3332014475544	47.0598838302562	40	13	8
461	1	13	91.0883878444503	35.3341201561755	65.3332014475544	40.7105187615379	40	13	8
462	1	13	91.0883878444503	35.3341201561755	65.3332014475544	40.0846315762539	40	13	114
463	1	13	91.0883878444503	35.3341201561755	65.3332014475544	44.4473101558465	40	13	8
464	1	13	91.0883878444503	35.3341201561755	65.3332014475544	40.1571909832017	40	13	8
465	1	13	91.0883878444503	35.3341201561755	65.3332014475544	44.8225414184633	40	13	8
466	1	13	91.0883878444503	35.3341201561755	65.3332014475544	39.5926717648624	40	13	9
467	1	13	91.0883878444503	35.3341201561755	65.3332014475544	45.5688607999059	40	13	9
468	1	13	91.0883878444503	35.3341201561755	65.3332014475544	48.9773594384413	40	13	8
469	1	13	91.0883878444503	35.3341201561755	65.3332014475544	39.5926995611965	40	13	8
470	1	13	91.0883878444503	35.3341201561755	65.3332014475544	42.0399741236352	40	13	8
471	1	13	91.0883878444503	35.3341201561755	65.3332014475544	38.3654839208453	40	13	8
472	1	13	91.0883878444503	35.3341201561755	65.3332014475544	44.3349117115735	40	13	8
473	1	13	91.0883878444503	35.3341201561755	65.3332014475544	44.3349187662551	40	13	8
474	1	13	91.0883878444503	35.3341201561755	65.3332014475544	40.0054577205474	40	13	8
475	1	13	91.0883878444503	35.3341201561755	65.3332014475544	44.3349327865066	40	13	8
476	1	13	91.0883878444503	35.3341201561755	65.3332014475544	47.7036474036456	40	13	8
477	1	13	91.0883878444503	35.3341201561755	65.3332014475544	50.720174781085	40	13	9
478	1	13	91.0883878444503	35.3341201561755	65.3332014475544	49.9203375575724	40	13	9
479	1	13	91.0883878444503	35.3341201561755	65.3332014475544	50.7894324099792	40	13	10
480	1	13	91.0883878444503	35.3341201561755	65.3332014475544	36.0615927255446	40	13	95
481	1	13	91.0883878444503	35.3341201561755	65.3332014475544	55.3973249139839	40	13	8
482	1	13	91.0883878444503	35.3341201561755	65.3332014475544	55.397332677892	40	13	8
483	1	13	91.0883878444503	35.3341201561755	65.3332014475544	55.3973404096515	40	13	8
484	1	13	91.0883878444503	35.3341201561755	65.3332014475544	55.3973481094616	40	13	8
485	1	13	91.0883878444503	35.3341201561755	65.3332014475544	55.3973557775199	40	13	8
486	1	13	91.0883878444503	35.3341201561755	65.3332014475544	46.8133315290089	40	13	8
487	1	13	91.0883878444503	35.3341201561755	65.3332014475544	41.6013951570492	40	13	8
488	1	13	91.0883878444503	35.3341201561755	65.3332014475544	41.6960399464886	40	13	8
489	1	13	91.0883878444503	35.3341201561755	65.3332014475544	49.2750828867281	40	13	9
490	1	13	91.0883878444503	35.3341201561755	65.3332014475544	56.8822841144379	40	13	9
491	1	13	91.0883878444503	35.3341201561755	65.3332014475544	36.2210128458413	40	13	9
492	1	13	91.0883878444503	35.3341201561755	65.3332014475544	37.570070392904	40	13	9
493	1	13	91.0883878444503	35.3341201561755	65.3332014475544	37.5700768862499	40	13	9
494	1	13	91.0883878444503	35.3341201561755	65.3332014475544	41.8285126511796	40	13	9
495	1	13	91.0883878444503	35.3341201561755	65.3332014475544	58.1549457873601	40	13	10
496	1	13	91.0883878444503	35.3341201561755	65.3332014475544	55.397438085468	40	13	10
497	1	13	91.0883878444503	35.3341201561755	65.3332014475544	55.3974453873438	40	13	10
498	1	13	91.0883878444503	35.3341201561755	65.3332014475544	55.3974526598947	40	13	10
499	1	13	91.0883878444503	35.3341201561755	65.3332014475544	55.3974599032972	40	13	8
500	1	13	91.0883878444503	35.3341201561755	65.3332014475544	55.3974671177261	40	13	8
501	1	13	91.0883878444503	35.3341201561755	65.3332014475544	46.7323988136111	40	13	8
502	1	13	91.0883878444503	35.3341201561755	65.3332014475544	49.3238459440332	40	13	8
503	1	13	91.0883878444503	35.3341201561755	65.3332014475544	49.3238530725767	40	13	8
504	1	13	91.0883878444503	35.3341201561755	65.3332014475544	49.3238601728323	40	13	8
505	1	13	91.0883878444503	35.3341201561755	65.3332014475544	49.3238672449681	40	13	8
506	1	13	91.0883878444503	35.3341201561755	65.3332014475544	53.9427262248442	40	13	8
507	1	13	91.0883878444503	35.3341201561755	65.3332014475544	53.5041057038329	40	13	8
508	1	13	91.0883878444503	35.3341201561755	65.3332014475544	51.3963451833223	40	13	8
509	1	13	91.0883878444503	35.3341201561755	65.3332014475544	50.7310291195705	40	13	8
510	1	13	91.0883878444503	35.3341201561755	65.3332014475544	45.7925967452879	40	13	7
511	1	13	91.0883878444503	35.3341201561755	65.3332014475544	52.1958243929467	40	13	8
512	1	13	91.0883878444503	35.3341201561755	65.3332014475544	55.9615425333035	40	13	12
513	1	13	91.0883878444503	35.3341201561755	65.3332014475544	57.4783130705487	40	13	12
514	1	13	91.0883878444503	35.3341201561755	65.3332014475544	49.2752843023066	40	13	12
515	1	13	91.0883878444503	35.3341201561755	65.3332014475544	56.4975314151327	40	13	12
516	1	13	91.0883878444503	35.3341201561755	65.3332014475544	56.3513651857659	40	13	12
517	1	13	91.0883878444503	35.3341201561755	65.3332014475544	60.4584553506809	40	13	14
518	1	13	91.0883878444503	35.3341201561755	65.3332014475544	60.4584671129267	40	13	14
519	1	13	91.0883878444503	35.3341201561755	65.3332014475544	60.458478829846	40	13	14
520	1	13	91.0883878444503	35.3341201561755	65.3332014475544	60.4584905017001	40	13	14
521	1	13	91.0883878444503	35.3341201561755	65.3332014475544	56.285544678972	40	13	10
522	1	13	91.0883878444503	35.3341201561755	65.3332014475544	56.2855529521867	40	13	10
523	1	13	91.0883878444503	35.3341201561755	65.3332014475544	56.2855611937638	40	13	10
524	1	13	91.0883878444503	35.3341201561755	65.3332014475544	56.2855694038845	40	13	10
525	1	13	91.0883878444503	35.3341201561755	65.3332014475544	56.2855775827285	40	13	10
526	1	13	91.0883878444503	35.3341201561755	65.3332014475544	56.2855857304743	40	13	10
527	1	13	91.0883878444503	35.3341201561755	65.3332014475544	56.2855938472989	40	13	10
528	1	13	91.0883878444503	35.3341201561755	65.3332014475544	54.6866872285844	40	13	10
529	1	13	91.0883878444503	35.3341201561755	65.3332014475544	55.4096788800492	40	13	10
530	1	13	91.0883878444503	35.3341201561755	65.3332014475544	61.3753582762603	40	13	11
531	1	13	91.0883878444503	35.3341201561755	65.3332014475544	62.8113295318491	40	13	12
532	1	13	91.0883878444503	35.3341201561755	65.3332014475544	62.8113390896419	40	13	12
533	1	13	91.0883878444503	35.3341201561755	65.3332014475544	54.172360352405	40	13	12
534	1	13	91.0883878444503	35.3341201561755	65.3332014475544	51.6123874461987	40	13	12
535	1	13	91.0883878444503	35.3341201561755	65.3332014475544	60.5733565751555	40	13	12
536	1	13	91.0883878444503	35.3341201561755	65.3332014475544	62.811376964179	40	13	12
537	1	13	91.0883878444503	35.3341201561755	65.3332014475544	62.8113863446509	40	13	12
538	1	13	91.0883878444503	35.3341201561755	65.3332014475544	62.8113956902512	40	13	12
539	1	13	91.0883878444503	35.3341201561755	65.3332014475544	62.811405001174	40	13	12
540	1	13	91.0883878444503	35.3341201561755	65.3332014475544	62.8114142776118	40	13	12
541	1	13	91.0883878444503	35.3341201561755	65.3332014475544	62.811423519756	40	13	12
542	1	13	91.0883878444503	35.3341201561755	65.3332014475544	62.8114327277963	40	13	12
543	1	13	91.0883878444503	35.3341201561755	65.3332014475544	62.8114419019212	40	13	12
544	1	13	91.0883878444503	35.3341201561755	65.3332014475544	62.8114510423177	40	13	12
545	1	13	91.0883878444503	35.3341201561755	65.3332014475544	62.8114601491714	40	13	12
546	1	13	91.0883878444503	35.3341201561755	65.3332014475544	52.4420988416119	40	13	12
547	1	13	91.0883878444503	35.3341201561755	65.3332014475544	57.6077527097366	40	13	12
548	1	13	91.0883878444503	35.3341201561755	65.3332014475544	45.0147965638103	40	13	12
549	1	13	91.0883878444503	35.3341201561755	65.3332014475544	59.0118022595808	40	13	12
550	1	13	91.0883878444503	35.3341201561755	65.3332014475544	44.0546774674306	40	13	12
551	1	13	91.0883878444503	35.3341201561755	65.3332014475544	59.4379867184027	40	13	12
552	1	13	91.0883878444503	35.3341201561755	65.3332014475544	61.7625419145843	40	13	12
553	1	13	91.0883878444503	35.3341201561755	65.3332014475544	56.0925868287868	40	13	12
554	1	13	91.0883878444503	35.3341201561755	65.3332014475544	58.9050872444122	40	13	13
555	1	13	91.0883878444503	35.3341201561755	65.3332014475544	59.2918671103235	40	13	11
556	1	13	91.0883878444503	35.3341201561755	65.3332014475544	61.4917352291863	40	13	11
557	1	13	91.0883878444503	35.3341201561755	65.3332014475544	52.4940430519181	40	13	11
558	1	13	91.0883878444503	35.3341201561755	65.3332014475544	62.8115755679344	40	13	12
559	1	13	91.0883878444503	35.3341201561755	65.3332014475544	61.5372544146586	40	13	12
560	1	13	91.0883878444503	35.3341201561755	65.3332014475544	65.3355168930625	40	13	13
561	1	13	91.0883878444503	35.3341201561755	65.3332014475544	65.3355262036049	40	13	13
562	1	13	91.0883878444503	35.3341201561755	65.3332014475544	65.3355354810137	40	13	13
563	1	13	91.0883878444503	35.3341201561755	65.3332014475544	65.3355447254654	40	13	13
564	1	13	91.0883878444503	35.3341201561755	65.3332014475544	65.3355539371354	40	13	13
565	1	13	91.0883878444503	35.3341201561755	65.3332014475544	65.3355631161978	40	13	13
566	1	13	91.0883878444503	35.3341201561755	65.3332014475544	65.3355722628252	40	13	13
567	1	13	91.0883878444503	35.3341201561755	65.3332014475544	60.5610957067851	40	13	13
568	1	13	91.0883878444503	35.3341201561755	65.3332014475544	56.9660151550467	40	13	13
569	1	13	91.0883878444503	35.3341201561755	65.3332014475544	62.8116691106522	40	13	13
570	1	13	91.0883878444503	35.3341201561755	65.3332014475544	62.2736044343575	40	13	13
571	1	13	91.0883878444503	35.3341201561755	65.3332014475544	53.2516246656601	40	13	13
572	1	13	91.0883878444503	35.3341201561755	65.3332014475544	65.3356264709846	40	13	13
573	1	13	91.0883878444503	35.3341201561755	65.3332014475544	59.4381748580061	40	13	13
574	1	13	91.0883878444503	35.3341201561755	65.3332014475544	62.8117104448592	40	13	13
575	1	13	91.0883878444503	35.3341201561755	65.3332014475544	58.2506301020999	40	13	13
576	1	13	91.0883878444503	35.3341201561755	65.3332014475544	65.3356619823482	40	13	13
577	1	13	91.0883878444503	35.3341201561755	65.3332014475544	59.3791960396605	40	13	13
578	1	13	91.0883878444503	35.3341201561755	65.3332014475544	65.335679553715	40	13	13
579	1	13	91.0883878444503	35.3341201561755	65.3332014475544	65.3356882938767	40	13	13
580	1	13	91.0883878444503	35.3341201561755	65.3332014475544	47.3059628462096	40	13	13
581	1	13	91.0883878444503	35.3341201561755	65.3332014475544	65.3357056839403	40	13	13
582	1	13	91.0883878444503	35.3341201561755	65.3332014475544	65.3357143341523	40	13	13
583	1	13	91.0883878444503	35.3341201561755	65.3332014475544	65.3357229546895	40	13	13
584	1	13	91.0883878444503	35.3341201561755	65.3332014475544	65.3357315457044	40	13	13
585	1	13	91.0883878444503	35.3341201561755	65.3332014475544	65.3357401073482	40	13	13
586	1	13	91.0883878444503	35.3341201561755	65.3332014475544	62.4156346084989	40	13	13
587	1	13	91.0883878444503	35.3341201561755	65.3332014475544	62.4156418036429	40	13	11
588	1	13	91.0883878444503	35.3341201561755	65.3332014475544	62.4156489743135	40	13	11
589	1	13	91.0883878444503	35.3341201561755	65.3332014475544	61.5375004275789	40	13	11
590	1	13	91.0883878444503	35.3341201561755	65.3332014475544	62.4156632427327	40	13	11
591	1	13	91.0883878444503	35.3341201561755	65.3332014475544	65.3357908687695	40	13	13
592	1	13	91.0883878444503	35.3341201561755	65.3332014475544	65.3357992289698	40	13	13
593	1	13	91.0883878444503	35.3341201561755	65.3332014475544	65.3358075609738	40	13	13
594	1	13	91.0883878444503	35.3341201561755	65.3332014475544	65.335815864924	40	13	13
595	1	13	91.0883878444503	35.3341201561755	65.3332014475544	65.3358241409616	40	13	13
596	1	13	91.0883878444503	35.3341201561755	65.3332014475544	65.3358323892274	40	13	13
597	1	13	91.0883878444503	35.3341201561755	65.3332014475544	58.2508031412085	40	13	13
598	1	13	91.0883878444503	35.3341201561755	65.3332014475544	54.0054523890266	40	13	11
599	1	13	91.0883878444503	35.3341201561755	65.3332014475544	54.0054592985358	40	13	11
600	1	13	91.0883878444503	35.3341201561755	65.3332014475544	47.4479616105897	40	13	11
601	1	13	91.0883878444503	35.3341201561755	65.3332014475544	58.5878155186011	40	13	13
602	1	13	91.0883878444503	35.3341201561755	65.3332014475544	65.3358813033615	40	13	13
603	1	13	91.0883878444503	35.3341201561755	65.3332014475544	65.3358893610795	40	13	13
604	1	13	91.0883878444503	35.3341201561755	65.3332014475544	65.3358973921164	40	13	13
605	1	13	91.0883878444503	35.3341201561755	65.3332014475544	65.3359053966044	40	13	13
606	1	13	91.0883878444503	35.3341201561755	65.3332014475544	65.3359133746749	40	13	13
607	1	13	91.0883878444503	35.3341201561755	65.3332014475544	58.2508776488372	40	13	13
608	1	13	91.0883878444503	35.3341201561755	65.3332014475544	60.6908157134376	40	13	13
609	1	13	91.0883878444503	35.3341201561755	65.3332014475544	59.5283552272543	40	13	11
610	1	13	91.0883878444503	35.3341201561755	65.3332014475544	47.4480169384586	40	13	11
611	1	13	91.0883878444503	35.3341201561755	65.3332014475544	58.2509067690038	40	13	11
612	1	13	91.0883878444503	35.3341201561755	65.3332014475544	46.9871970961081	40	13	11
613	1	13	91.0883878444503	35.3341201561755	65.3332014475544	59.5283817462716	40	13	11
614	1	13	91.0883878444503	35.3341201561755	65.3332014475544	59.5283883220378	40	13	11
615	1	13	91.0883878444503	35.3341201561755	65.3332014475544	59.5283948764193	40	13	11
616	1	13	91.0883878444503	35.3341201561755	65.3332014475544	59.5284014095203	40	13	11
617	1	13	91.0883878444503	35.3341201561755	65.3332014475544	59.5284079214444	40	13	11
618	1	13	91.0883878444503	35.3341201561755	65.3332014475544	59.5284144122942	40	13	11
619	1	13	91.0883878444503	35.3341201561755	65.3332014475544	59.528420882172	40	13	11
620	1	13	91.0883878444503	35.3341201561755	65.3332014475544	59.5284273311793	40	13	11
621	1	13	91.0883878444503	35.3341201561755	65.3332014475544	59.5284337594168	40	13	11
622	1	13	91.0883878444503	35.3341201561755	65.3332014475544	59.4280613892142	40	13	11
623	1	13	91.0883878444503	35.3341201561755	65.3332014475544	59.5284465539826	40	13	11
624	1	13	91.0883878444503	35.3341201561755	65.3332014475544	41.8512420628404	40	13	11
625	1	13	91.0883878444503	35.3341201561755	65.3332014475544	55.7193535061355	40	13	11
626	1	13	91.0883878444503	35.3341201561755	65.3332014475544	57.4757293370583	40	13	11
627	1	13	91.0883878444503	35.3341201561755	65.3332014475544	46.98728504995	40	13	11
628	1	13	91.0883878444503	35.3341201561755	65.3332014475544	59.5284781838606	40	13	11
629	1	13	91.0883878444503	35.3341201561755	65.3332014475544	60.5615650837251	40	13	12
630	1	13	91.0883878444503	35.3341201561755	65.3332014475544	61.0156361093487	40	13	12
631	1	13	91.0883878444503	35.3341201561755	65.3332014475544	59.5284969211798	40	13	11
632	1	13	91.0883878444503	35.3341201561755	65.3332014475544	59.4281300733283	40	13	11
633	1	13	91.0883878444503	35.3341201561755	65.3332014475544	59.5285093140565	40	13	11
634	1	13	91.0883878444503	35.3341201561755	65.3332014475544	59.5285154811742	40	13	11
635	1	13	91.0883878444503	35.3341201561755	65.3332014475544	60.5616056430431	40	13	12
636	1	13	91.0883878444503	35.3341201561755	65.3332014475544	60.6891125425176	40	13	13
637	1	13	91.0883878444503	35.3341201561755	65.3332014475544	60.5616189930227	40	13	13
638	1	13	91.0883878444503	35.3341201561755	65.3332014475544	59.5285399563183	40	13	13
639	1	13	91.0883878444503	35.3341201561755	65.3332014475544	65.3361626425595	40	13	13
640	1	13	91.0883878444503	35.3341201561755	65.3332014475544	60.561638861547	40	13	13
641	1	13	91.0883878444503	35.3341201561755	65.3332014475544	60.689148416594	40	13	13
642	1	13	91.0883878444503	35.3341201561755	65.3332014475544	60.689155524355	40	13	13
643	1	13	91.0883878444503	35.3341201561755	65.3332014475544	62.5604542492623	40	13	14
644	1	13	91.0883878444503	35.3341201561755	65.3332014475544	62.5604618562676	40	13	14
645	1	13	91.0883878444503	35.3341201561755	65.3332014475544	62.5604694396851	40	13	14
646	1	13	91.0883878444503	35.3341201561755	65.3332014475544	65.3362122435711	40	13	13
647	1	13	91.0883878444503	35.3341201561755	65.3332014475544	65.336219241815	40	13	13
648	1	13	91.0883878444503	35.3341201561755	65.3332014475544	61.2883829876821	40	13	13
649	1	13	91.0883878444503	35.3341201561755	65.3332014475544	65.336233173604	40	13	13
650	1	13	91.0883878444503	35.3341201561755	65.3332014475544	65.3362401073482	40	13	13
651	1	13	91.0883878444503	35.3341201561755	65.3332014475544	60.5617101461092	40	13	13
652	1	13	91.0883878444503	35.3341201561755	65.3332014475544	65.3362539110292	40	13	13
653	1	13	91.0883878444503	35.3341201561755	65.3332014475544	65.3362607811614	40	13	13
654	1	13	91.0883878444503	35.3341201561755	65.3332014475544	65.336267630284	40	13	13
655	1	13	91.0883878444503	35.3341201561755	65.3332014475544	65.3362744584932	40	13	13
656	1	13	91.0883878444503	35.3341201561755	65.3332014475544	65.3362812658848	40	13	13
657	1	13	91.0883878444503	35.3341201561755	65.3332014475544	65.3362880525537	40	13	13
658	1	13	91.0883878444503	35.3341201561755	65.3332014475544	65.3362948185944	40	13	13
659	1	13	91.0883878444503	35.3341201561755	65.3332014475544	61.5379873514822	40	13	13
660	1	13	91.0883878444503	35.3341201561755	65.3332014475544	65.3363082891664	40	13	13
661	1	13	91.0883878444503	35.3341201561755	65.3332014475544	65.3363149938837	40	13	13
662	1	13	91.0883878444503	35.3341201561755	65.3332014475544	65.3363216783452	40	13	13
663	1	13	91.0883878444503	35.3341201561755	65.3332014475544	65.3363283426423	40	13	13
664	1	13	91.0883878444503	35.3341201561755	65.3332014475544	65.3363349868663	40	13	13
665	1	13	91.0883878444503	35.3341201561755	65.3332014475544	65.3363416111076	40	13	13
666	1	13	91.0883878444503	35.3341201561755	65.3332014475544	65.3363482154563	40	13	13
667	1	13	91.0883878444503	35.3341201561755	65.3332014475544	65.3363548000019	40	13	13
668	1	13	91.0883878444503	35.3341201561755	65.3332014475544	57.5195071836808	40	13	13
669	1	13	91.0883878444503	35.3341201561755	65.3332014475544	59.5287197150937	40	13	13
670	1	13	91.0883878444503	35.3341201561755	65.3332014475544	57.5195172381987	40	13	13
671	1	13	91.0883878444503	35.3341201561755	65.3332014475544	61.5380606233185	40	13	13
672	1	13	91.0883878444503	35.3341201561755	65.3332014475544	61.0159039664916	40	13	13
673	1	13	91.0883878444503	35.3341201561755	65.3332014475544	60.5618457244742	40	13	13
674	1	13	91.0883878444503	35.3341201561755	65.3332014475544	54.0059190781883	40	13	13
675	1	13	91.0883878444503	35.3341201561755	65.3332014475544	58.2513257542738	40	13	12
676	1	13	91.0883878444503	35.3341201561755	65.3332014475544	54.0059299424097	40	13	12
677	1	13	91.0883878444503	35.3341201561755	65.3332014475544	58.2513375711128	40	13	12
678	1	13	91.0883878444503	35.3341201561755	65.3332014475544	58.2513434533888	40	13	12
679	1	13	91.0883878444503	35.3341201561755	65.3332014475544	58.2513493183386	40	13	12
680	1	13	91.0883878444503	35.3341201561755	65.3332014475544	58.2513551660385	40	13	12
681	1	13	91.0883878444503	35.3341201561755	65.3332014475544	58.2513609965646	40	13	12
682	1	13	91.0883878444503	35.3341201561755	65.3332014475544	47.4483674023786	40	13	12
683	1	13	91.0883878444503	35.3341201561755	65.3332014475544	54.005967466126	40	13	12
684	1	13	91.0883878444503	35.3341201561755	65.3332014475544	47.4483760842739	40	13	12
685	1	13	91.0883878444503	35.3341201561755	65.3332014475544	51.6133162578119	40	13	12
686	1	13	91.0883878444503	35.3341201561755	65.3332014475544	58.2513898942155	40	13	12
687	1	13	91.0883878444503	35.3341201561755	65.3332014475544	58.2513956232694	40	13	12
688	1	13	91.0883878444503	35.3341201561755	65.3332014475544	58.2514013356692	40	13	12
689	1	13	91.0883878444503	35.3341201561755	65.3332014475544	58.2514070314872	40	13	12
690	1	13	91.0883878444503	35.3341201561755	65.3332014475544	58.2514127107955	40	13	12
691	1	13	91.0883878444503	35.3341201561755	65.3332014475544	56.0828644376063	40	13	12
692	1	13	91.0883878444503	35.3341201561755	65.3332014475544	62.3422307489527	40	13	10
693	1	13	91.0883878444503	35.3341201561755	65.3332014475544	61.0494967558642	40	13	10
694	1	13	91.0883878444503	35.3341201561755	65.3332014475544	65.3365254099419	40	13	13
695	1	13	91.0883878444503	35.3341201561755	65.3332014475544	62.8125293855255	40	13	13
696	1	13	91.0883878444503	35.3341201561755	65.3332014475544	65.3365375211413	40	13	13
697	1	13	91.0883878444503	35.3341201561755	65.3332014475544	62.812540532992	40	13	12
698	1	13	91.0883878444503	35.3341201561755	65.3332014475544	52.4429064866888	40	13	12
699	1	13	91.0883878444503	35.3341201561755	65.3332014475544	62.2391239142095	40	13	12
700	1	13	91.0883878444503	35.3341201561755	65.3332014475544	52.4429147756778	40	13	12
701	1	13	91.0883878444503	35.3341201561755	65.3332014475544	62.5608595800162	40	13	12
702	1	13	91.0883878444503	35.3341201561755	65.3332014475544	65.3365734406815	40	13	13
703	1	13	91.0883878444503	35.3341201561755	65.3332014475544	65.3365793676611	40	13	13
704	1	13	91.0883878444503	35.3341201561755	65.3332014475544	65.3365852778027	40	13	13
705	1	13	91.0883878444503	35.3341201561755	65.3332014475544	65.336591171178	40	13	13
706	1	13	91.0883878444503	35.3341201561755	65.3332014475544	57.4162470180695	40	13	13
707	1	13	91.0883878444503	35.3341201561755	65.3332014475544	62.4163574507734	40	13	13
708	1	13	91.0883878444503	35.3341201561755	65.3332014475544	62.4163623952751	40	13	11
709	1	13	91.0883878444503	35.3341201561755	65.3332014475544	62.416367325829	40	13	11
710	1	13	91.0883878444503	35.3341201561755	65.3332014475544	62.416372242494	40	13	11
711	1	13	91.0883878444503	35.3341201561755	65.3332014475544	48.7777062992894	40	13	11
712	1	13	91.0883878444503	35.3341201561755	65.3332014475544	56.2557707259172	40	13	11
713	1	13	91.0883878444503	35.3341201561755	65.3332014475544	62.342326513815	40	13	11
714	1	13	91.0883878444503	35.3341201561755	65.3332014475544	46.568669151961	40	13	11
715	1	13	91.0883878444503	35.3341201561755	65.3332014475544	62.4163966195255	40	13	11
716	1	13	91.0883878444503	35.3341201561755	65.3332014475544	57.4162870777336	40	13	11
717	1	13	91.0883878444503	35.3341201561755	65.3332014475544	62.4164062751418	40	13	11
718	1	13	91.0883878444503	35.3341201561755	65.3332014475544	62.4164110827781	40	13	11
719	1	13	91.0883878444503	35.3341201561755	65.3332014475544	62.4164158770412	40	13	11
720	1	13	91.0883878444503	35.3341201561755	65.3332014475544	62.416420657987	40	13	11
721	1	13	91.0883878444503	35.3341201561755	65.3332014475544	58.2515809553834	40	13	11
722	1	13	91.0883878444503	35.3341201561755	65.3332014475544	62.4164301801476	40	13	11
723	1	13	91.0883878444503	35.3341201561755	65.3332014475544	51.0464208607238	40	13	11
724	1	13	91.0883878444503	35.3341201561755	65.3332014475544	62.4164396496997	40	13	11
725	1	13	91.0883878444503	35.3341201561755	65.3332014475544	55.4940487571811	40	13	11
726	1	13	91.0883878444503	35.3341201561755	65.3332014475544	58.5658822433896	40	13	11
727	1	13	91.0883878444503	35.3341201561755	65.3332014475544	61.5383705756161	40	13	11
728	1	13	91.0883878444503	35.3341201561755	65.3332014475544	62.4164584327123	40	13	11
