"Iteration #"	"Inertia"	"Number of features"	"CV best"	"Permuted CV best"	"Global best fitness"	"Current best fitness"	"Number of features in current best agent"	"Number of features in global best"	"Number of features in local best"
1	1	40	71.7740768745926	47.9322292492836	31.2502194036682	31.2502194036682	40	40	800
2	1	40	71.7740768745926	47.9322292492836	35.7502194036682	35.7502194036682	40	40	760
3	1	28	67.7770435459279	39.8015729333694	40.1716816060873	40.1716816060873	40	28	28
4	1	29	72.5987657145967	43.4600452019781	42.6430148667851	42.6430148667851	40	29	29
5	1	29	72.5987657145967	43.4600452019781	42.6430148667851	42.3304072662519	40	29	29
6	1	29	72.5987657145967	43.4600452019781	42.6430148667851	38.7502194036682	40	29	760
7	1	29	72.5987657145967	43.4600452019781	42.6430148667851	41.1591967211844	40	29	29
8	1	25	75.8608957759211	44.9300377916684	44.0470759333285	44.0470759333285	40	25	25
9	1	30	75.3266322957188	39.7473819053367	49.1856957769423	49.1856957769423	40	30	30
10	1	30	75.3266322957188	39.7473819053367	49.1856957769423	47.5039540747608	40	30	30
11	1	30	75.3266322957188	39.7473819053367	49.1856957769423	41.9823257031177	40	30	30
12	1	30	75.3266322957188	39.7473819053367	49.1856957769423	42.0829810083796	40	30	30
13	1	30	75.3266322957188	39.7473819053367	49.1856957769423	42.2620510898053	40	30	30
14	1	30	75.3266322957188	39.7473819053367	49.1856957769423	42.1118088197011	40	30	30
15	1	30	75.3266322957188	39.7473819053367	49.1856957769423	42.143951676844	40	30	30
16	1	30	75.3266322957188	39.7473819053367	49.1856957769423	45.8638299025124	40	30	30
17	1	30	75.3266322957188	39.7473819053367	49.1856957769423	45.0474919664767	40	30	30
18	1	30	75.3266322957188	39.7473819053367	49.1856957769423	45.333207986186	40	30	30
19	1	30	75.3266322957188	39.7473819053367	49.1856957769423	47.1433719066173	40	30	30
20	1	30	75.3266322957188	39.7473819053367	49.1856957769423	48.012141333748	40	30	30
21	1	30	75.3266322957188	39.7473819053367	49.6142672055137	49.6142672055137	40	30	570
22	1	30	75.3266322957188	39.7473819053367	49.6142672055137	49.6288775951241	40	30	570
23	1	30	75.3266322957188	39.7473819053367	49.6142672055137	49.6422175160727	40	30	570
24	1	30	75.3266322957188	39.7473819053367	49.6142672055137	49.6544457769423	40	30	570
25	1	30	75.3266322957188	39.7473819053367	49.6142672055137	49.6656957769423	40	30	570
26	1	35	74.4974106304275	37.3589796617583	50.8355542608718	50.8355542608718	40	35	35
27	1	35	74.4974106304275	37.3589796617583	50.8355542608718	49.6856957769423	40	35	570
28	1	35	74.4974106304275	37.3589796617583	50.8355542608718	50.4923686982103	40	35	35
29	1	35	74.4974106304275	37.3589796617583	50.8355542608718	50.2138640768355	40	35	35
30	1	35	74.4974106304275	37.3589796617583	50.8355542608718	50.6751185668059	40	35	35
31	1	35	74.4974106304275	37.3589796617583	50.8355542608718	49.7179538414584	40	35	570
32	1	35	74.4974106304275	37.3589796617583	50.8355542608718	49.7247582769423	40	35	570
33	1	35	74.4974106304275	37.3589796617583	50.8355542608718	49.7311503223968	40	35	570
34	1	35	74.4974106304275	37.3589796617583	50.8355542608718	49.7371663651776	40	35	570
35	1	35	74.4974106304275	37.3589796617583	50.8355542608718	50.9134388762564	40	35	35
36	1	35	74.4974106304275	37.3589796617583	50.8355542608718	49.7481957769423	40	35	570
37	1	35	74.4974106304275	37.3589796617583	50.8355542608718	49.7532633445099	40	35	570
38	1	35	74.4974106304275	37.3589796617583	50.8355542608718	50.0691892031791	40	35	551
39	1	35	74.4974106304275	37.3589796617583	50.8355542608718	50.0735920371872	40	35	551
40	1	33	72.9161527143938	37.1920158134591	51.1143006885963	51.1143006885963	40	33	33
41	1	33	72.9161527143938	37.1920158134591	51.1143006885963	50.0817533880315	40	33	551
42	1	33	72.9161527143938	37.1920158134591	51.1143006885963	50.0855425866377	40	33	551
43	1	33	72.9161527143938	37.1920158134591	51.1143006885963	50.0891555434484	40	33	551
44	1	33	72.9161527143938	37.1920158134591	51.1143006885963	50.0926042749494	40	33	551
45	1	33	72.9161527143938	37.1920158134591	51.1143006885963	50.0958997294949	40	33	551
46	1	33	72.9161527143938	37.1920158134591	51.1143006885963	51.0397810343346	40	33	33
47	1	33	72.9161527143938	37.1920158134591	51.1143006885963	50.596121197385	40	33	33
48	1	33	72.9161527143938	37.1920158134591	51.1143006885963	50.1049622294949	40	33	551
49	1	33	72.9161527143938	37.1920158134591	51.1143006885963	50.1077364641887	40	33	551
50	1	33	72.9161527143938	37.1920158134591	51.1143006885963	50.1103997294949	40	33	551
51	1	25	77.6659898743981	32.0510108904194	55.2173795537468	55.2173795537468	40	25	25
52	1	25	77.6659898743981	32.0510108904194	55.2173795537468	55.2195005944708	40	25	25
53	1	25	77.6659898743981	32.0510108904194	55.2173795537468	55.2215415959222	40	25	25
54	1	25	77.6659898743981	32.0510108904194	55.2173795537468	55.2235070047272	40	25	25
55	1	25	77.6659898743981	32.0510108904194	55.2173795537468	55.2254009441212	40	25	25
56	1	25	77.6659898743981	32.0510108904194	55.2173795537468	55.2272272428225	40	25	25
57	1	25	77.6659898743981	32.0510108904194	55.2173795537468	55.2289894608676	40	25	25
58	1	25	77.6659898743981	32.0510108904194	55.2173795537468	55.2306909127732	40	25	25
59	1	25	77.6659898743981	32.0510108904194	55.2173795537468	55.232334688343	40	25	25
60	1	25	77.6659898743981	32.0510108904194	55.2173795537468	55.2339236713939	40	25	25
61	1	25	77.6659898743981	32.0510108904194	55.2173795537468	50.1339325163801	40	25	551
62	1	25	77.6659898743981	32.0510108904194	55.2173795537468	50.8458219999684	40	25	25
63	1	25	77.6659898743981	32.0510108904194	55.2173795537468	54.2116750584996	40	25	399
64	1	25	77.6659898743981	32.0510108904194	55.2173795537468	54.2128469334996	40	25	399
65	1	25	77.6659898743981	32.0510108904194	55.2173795537468	54.2139827508073	40	25	399
66	1	25	77.6659898743981	32.0510108904194	55.2173795537468	54.2150841494087	40	25	399
67	1	25	77.6659898743981	32.0510108904194	55.2173795537468	54.2161526704399	40	25	399
68	1	25	77.6659898743981	32.0510108904194	55.2173795537468	54.2171897643819	40	25	399
69	1	25	76.4153891814607	33.6311500275608	55.4243262387837	55.4243262387837	40	25	25
70	1	25	76.4153891814607	33.6311500275608	55.4243262387837	54.2191750584996	40	25	399
71	1	25	76.4153891814607	33.6311500275608	55.4243262387837	54.2201257627249	40	25	399
72	1	25	76.4153891814607	33.6311500275608	55.4243262387837	54.2210500584996	40	25	399
73	1	25	76.4153891814607	33.6311500275608	55.4243262387837	54.2219490311023	40	25	399
74	1	25	76.4153891814607	33.6311500275608	55.4243262387837	54.2228237071482	40	25	399
75	1	25	76.4153891814607	33.6311500275608	55.4243262387837	54.2236750584996	40	25	399
76	1	25	76.4153891814607	33.6311500275608	55.4243262387837	54.224504005868	40	25	399
77	1	25	76.4153891814607	33.6311500275608	55.4243262387837	54.225311422136	40	25	399
78	1	25	76.4153891814607	33.6311500275608	55.4243262387837	54.2260981354227	40	25	399
79	1	25	76.4153891814607	33.6311500275608	55.4243262387837	54.2268649319173	40	25	399
80	1	25	76.4153891814607	33.6311500275608	55.4243262387837	54.2276125584996	40	25	399
81	1	25	76.4153891814607	33.6311500275608	55.4243262387837	52.8135653422824	40	25	380
82	1	25	76.4153891814607	33.6311500275608	55.4243262387837	52.8142428490575	40	25	380
83	1	25	76.4153891814607	33.6311500275608	55.4243262387837	52.8149040303681	40	25	380
84	1	25	76.4153891814607	33.6311500275608	55.4243262387837	52.8155494692666	40	25	380
85	1	25	76.4153891814607	33.6311500275608	55.4243262387837	52.8161797213674	40	25	380
86	1	25	76.4153891814607	33.6311500275608	55.4243262387837	52.8167953164426	40	25	380
87	1	25	76.4153891814607	33.6311500275608	55.4243262387837	52.817396759907	40	25	380
88	1	25	76.4153891814607	33.6311500275608	55.4243262387837	52.8179845342016	40	25	380
89	1	25	76.4153891814607	33.6311500275608	55.4243262387837	52.8185591000852	40	25	380
90	1	25	76.4153891814607	33.6311500275608	55.4243262387837	52.819120897838	40	25	380
91	1	25	76.4153891814607	33.6311500275608	55.4243262387837	52.8196703483874	40	25	380
92	1	25	76.4153891814607	33.6311500275608	55.4243262387837	52.8202078543597	40	25	380
93	1	25	76.4153891814607	33.6311500275608	55.4243262387837	52.8207338010638	40	25	380
94	1	25	76.4153891814607	33.6311500275608	55.4243262387837	52.8212485574125	40	25	380
95	1	25	76.4153891814607	33.6311500275608	55.4243262387837	52.8217524767854	40	25	380
96	1	25	76.4153891814607	33.6311500275608	55.4243262387837	52.822245897838	40	25	380
97	1	25	76.4153891814607	33.6311500275608	55.4243262387837	52.8227291452607	40	25	380
98	1	25	76.4153891814607	33.6311500275608	55.4243262387837	52.8232025304911	40	25	380
99	1	25	76.4153891814607	33.6311500275608	55.4243262387837	52.8236663523834	40	25	380
100	1	25	76.4153891814607	33.6311500275608	55.4243262387837	52.824120897838	40	25	380
101	1	25	76.4153891814607	33.6311500275608	55.4243262387837	52.8245664423924	40	25	380
102	1	25	76.4153891814607	33.6311500275608	55.4243262387837	52.8250032507792	40	25	380
103	1	25	76.4153891814607	33.6311500275608	55.4243262387837	53.2257888810747	40	25	22
104	1	25	76.4153891814607	33.6311500275608	55.4243262387837	45.2006374055744	40	25	342
105	1	25	76.4153891814607	33.6311500275608	55.4243262387837	52.3794098011174	40	25	22
106	1	25	80.0227780444457	34.7183668095696	56.2167162844553	56.2167162844553	40	25	25
107	1	25	80.0227780444457	34.7183668095696	56.2167162844553	56.2172122287332	40	25	25
108	1	25	80.0227780444457	34.7183668095696	56.2167162844553	56.2176989888578	40	25	25
109	1	25	80.0227780444457	34.7183668095696	56.2167162844553	56.2181768176039	40	25	25
110	1	25	80.0227780444457	34.7183668095696	56.2167162844553	56.2186459585547	40	25	25
111	1	25	80.0227780444457	34.7183668095696	56.2167162844553	47.9987043831901	40	25	25
112	1	25	80.0227780444457	34.7183668095696	56.2167162844553	45.7731706591742	40	25	25
113	1	25	80.0227780444457	34.7183668095696	56.2167162844553	45.2037390053021	40	25	342
114	1	25	80.0227780444457	34.7183668095696	56.2167162844553	47.167975375774	40	25	25
115	1	25	80.0227780444457	34.7183668095696	56.2167162844553	45.2043623219624	40	25	342
116	1	25	80.0227780444457	34.7183668095696	56.2167162844553	53.2341589059996	40	25	25
117	1	25	80.0227780444457	34.7183668095696	56.2167162844553	53.2345402057343	40	25	25
118	1	25	80.0227780444457	34.7183668095696	56.2167162844553	48.4057421249259	40	25	323
119	1	25	80.0227780444457	34.7183668095696	56.2167162844553	48.4060145220204	40	25	323
120	1	25	80.0227780444457	34.7183668095696	56.2167162844553	48.4062823791632	40	25	323
121	1	25	80.0227780444457	34.7183668095696	56.2167162844553	49.9374331254743	40	25	18
122	1	25	80.0227780444457	34.7183668095696	56.2167162844553	52.498710809423	40	25	20
123	1	25	80.0227780444457	34.7183668095696	56.2167162844553	48.4070598181876	40	25	323
124	1	21	80.3253419427649	33.0390752986955	58.9146600203882	58.9146600203882	40	21	21
125	1	21	80.3253419427649	33.0390752986955	58.9146600203882	52.231982664045	40	21	21
126	1	21	80.3253419427649	33.0390752986955	58.9146600203882	48.4078002363061	40	21	323
127	1	21	80.3253419427649	33.0390752986955	58.9146600203882	48.408039268927	40	21	323
128	1	21	80.3253419427649	33.0390752986955	58.9146600203882	48.4082745666632	40	21	323
129	1	21	80.3253419427649	33.0390752986955	58.9146600203882	48.4085062163725	40	21	323
130	1	21	80.3253419427649	33.0390752986955	58.9146600203882	53.3295407169851	40	21	21
131	1	21	80.3253419427649	33.0390752986955	58.9146600203882	48.4089589058808	40	21	323
132	1	21	80.3253419427649	33.0390752986955	58.9146600203882	58.0334369534183	40	21	21
133	1	19	83.1667236698444	35.9319614775721	59.21552686094	59.21552686094	40	19	19
134	1	19	83.1667236698444	35.9319614775721	59.21552686094	51.3303325846831	40	19	19
135	1	19	83.1667236698444	35.9319614775721	59.21552686094	57.6061196129272	40	19	19
136	1	19	83.1667236698444	35.9319614775721	59.21552686094	57.3548288932338	40	19	19
137	1	19	83.1667236698444	35.9319614775721	59.21552686094	58.0674924040257	40	19	19
138	1	19	83.1667236698444	35.9319614775721	59.21552686094	59.2166914572133	40	19	19
139	1	19	83.1667236698444	35.9319614775721	59.21552686094	59.2169143223994	40	19	19
140	1	19	83.1667236698444	35.9319614775721	59.21552686094	59.2171340037971	40	19	19
141	1	20	81.298761312587	30.8407162596007	61.2842102646583	61.2842102646583	40	20	20
142	1	20	81.298761312587	30.8407162596007	61.2842102646583	57.6067425690253	40	20	20
143	1	20	81.298761312587	30.8407162596007	61.2842102646583	52.6189875455626	40	20	20
144	1	20	81.298761312587	30.8407162596007	61.2842102646583	59.2179822180829	40	20	20
145	1	20	81.298761312587	30.8407162596007	61.2842102646583	61.2850906755167	40	20	20
146	1	20	81.298761312587	30.8407162596007	61.2842102646583	56.1667246663866	40	20	20
147	1	20	81.298761312587	30.8407162596007	61.2842102646583	61.2855129133774	40	20	20
148	1	20	81.298761312587	30.8407162596007	61.2842102646583	61.2857197528699	40	20	20
149	1	20	81.298761312587	30.8407162596007	61.2842102646583	61.2859238159935	40	20	20
150	1	20	81.298761312587	30.8407162596007	61.2842102646583	61.2861251582753	40	20	20
151	1	20	81.298761312587	30.8407162596007	61.2842102646583	58.1087846197428	40	20	20
152	1	20	81.298761312587	30.8407162596007	61.2842102646583	55.0626136509307	40	20	20
153	1	20	81.298761312587	30.8407162596007	61.2842102646583	50.1833314611736	40	20	228
154	1	20	81.298761312587	30.8407162596007	61.2842102646583	50.1834460524647	40	20	228
155	1	20	81.298761312587	30.8407162596007	61.2842102646583	50.1835591651584	40	20	228
156	1	20	81.298761312587	30.8407162596007	61.2842102646583	50.1836708276894	40	20	228
157	1	20	81.298761312587	30.8407162596007	61.2842102646583	59.6193950898071	40	20	19
158	1	20	81.298761312587	30.8407162596007	61.2842102646583	59.6195674271448	40	20	19
159	1	20	81.298761312587	30.8407162596007	61.2842102646583	59.6197375967173	40	20	19
160	1	20	81.298761312587	30.8407162596007	61.2842102646583	59.6199056391701	40	20	19
161	1	20	81.298761312587	30.8407162596007	61.2842102646583	50.1842083336617	40	20	228
162	1	20	81.298761312587	30.8407162596007	61.2842102646583	54.178742070711	40	20	19
163	1	20	81.298761312587	30.8407162596007	61.2842102646583	55.2235796166294	40	20	19
164	1	20	81.298761312587	30.8407162596007	61.2842102646583	53.5423092947923	40	20	18
165	1	20	81.298761312587	30.8407162596007	61.2842102646583	55.3210383288176	40	20	20
166	1	20	81.298761312587	30.8407162596007	61.2842102646583	55.2044568607865	40	20	20
167	1	20	81.298761312587	30.8407162596007	61.2842102646583	59.6210255867749	40	20	19
168	1	20	81.298761312587	30.8407162596007	61.2842102646583	59.6211779605987	40	20	19
169	1	20	81.298761312587	30.8407162596007	61.2842102646583	59.621328531182	40	20	19
170	1	20	81.298761312587	30.8407162596007	61.2842102646583	59.6214773303466	40	20	19
171	1	20	81.298761312587	30.8407162596007	61.2842102646583	57.2637821404895	40	20	19
172	1	20	81.298761312587	30.8407162596007	61.2842102646583	60.8545811652134	40	20	20
173	1	20	81.298761312587	30.8407162596007	61.2842102646583	61.2901135975817	40	20	20
174	1	20	81.298761312587	30.8407162596007	61.2842102646583	52.0320607439107	40	20	20
175	1	20	81.298761312587	30.8407162596007	61.2842102646583	44.6264588191842	40	20	209
176	1	20	81.298761312587	30.8407162596007	61.2842102646583	57.1862638961889	40	20	18
177	1	20	81.298761312587	30.8407162596007	61.2842102646583	59.22351717571	40	20	19
178	1	20	81.298761312587	30.8407162596007	61.2842102646583	59.2236528641503	40	20	19
179	1	20	81.298761312587	30.8407162596007	61.2842102646583	59.2237870365186	40	20	19
180	1	20	81.298761312587	30.8407162596007	61.2842102646583	59.2239197180829	40	20	19
181	1	20	81.298761312587	30.8407162596007	61.2842102646583	59.1588709548107	40	20	19
182	1	20	81.298761312587	30.8407162596007	61.2842102646583	56.9822102725202	40	20	19
183	1	20	81.298761312587	30.8407162596007	61.2842102646583	50.2582277922712	40	20	19
184	1	20	81.298761312587	30.8407162596007	61.2842102646583	55.9620014434098	40	20	19
185	1	20	81.298761312587	30.8407162596007	61.2842102646583	61.291800833951	40	20	20
186	1	20	81.298761312587	30.8407162596007	61.2842102646583	57.5127248731979	40	20	19
187	1	20	81.298761312587	30.8407162596007	61.2842102646583	55.0678776883639	40	20	19
188	1	20	81.298761312587	30.8407162596007	61.2842102646583	59.8221805987809	40	20	20
189	1	20	81.298761312587	30.8407162596007	61.2842102646583	49.9752824155216	40	20	20
190	1	20	81.298761312587	30.8407162596007	61.2842102646583	45.0979924560077	40	20	20
191	1	20	81.298761312587	30.8407162596007	61.2842102646583	61.2925649488513	40	20	20
192	1	20	81.298761312587	30.8407162596007	61.2842102646583	57.2612833321382	40	20	20
193	1	20	81.298761312587	30.8407162596007	61.2842102646583	56.8135690201215	40	20	20
194	1	20	81.298761312587	30.8407162596007	61.2842102646583	61.2929292819867	40	20	20
195	1	20	81.298761312587	30.8407162596007	61.2842102646583	56.3815403234571	40	20	20
196	1	20	81.298761312587	30.8407162596007	61.2842102646583	51.8873651236447	40	20	20
197	1	20	81.298761312587	30.8407162596007	61.2842102646583	47.0806581144373	40	20	18
198	1	20	81.298761312587	30.8407162596007	61.2842102646583	44.6281016763271	40	20	209
199	1	20	81.298761312587	30.8407162596007	61.2842102646583	44.6281644903975	40	20	209
200	1	20	81.298761312587	30.8407162596007	61.2842102646583	44.6282266763271	40	20	209
201	1	20	81.298761312587	30.8407162596007	61.2842102646583	53.9313039309627	40	20	18
202	1	20	81.298761312587	30.8407162596007	61.2842102646583	53.9314036797435	40	20	18
203	1	20	81.298761312587	30.8407162596007	61.2842102646583	57.5146496308651	40	20	19
204	1	20	81.298761312587	30.8407162596007	61.2842102646583	61.2940663347459	40	20	20
205	1	20	81.298761312587	30.8407162596007	61.2842102646583	61.2941739387632	40	20	20
206	1	20	81.298761312587	30.8407162596007	61.2842102646583	48.3859086496374	40	20	20
207	1	20	81.298761312587	30.8407162596007	61.2842102646583	51.8173803576243	40	20	20
208	1	20	81.298761312587	30.8407162596007	61.2842102646583	61.2944905428907	40	20	20
209	1	20	81.298761312587	30.8407162596007	61.2842102646583	60.8153974979484	40	20	20
210	1	20	81.298761312587	30.8407162596007	61.2842102646583	45.4610304077888	40	20	20
211	1	20	81.298761312587	30.8407162596007	61.2842102646583	61.2947981440573	40	20	20
212	1	20	81.298761312587	30.8407162596007	61.2842102646583	61.294898743181	40	20	20
213	1	20	81.298761312587	30.8407162596007	61.2842102646583	61.294998397712	40	20	20
214	1	20	81.298761312587	30.8407162596007	61.2842102646583	61.2950971208922	40	20	20
215	1	20	81.298761312587	30.8407162596007	61.2842102646583	61.2951949257172	40	20	20
216	1	20	81.298761312587	30.8407162596007	61.2842102646583	61.295291824942	40	20	20
217	1	20	81.298761312587	30.8407162596007	61.2842102646583	61.2953878310864	40	20	20
218	1	20	81.298761312587	30.8407162596007	61.2842102646583	61.2954829564405	40	20	20
219	1	20	81.298761312587	30.8407162596007	61.2842102646583	50.6619343867184	40	20	18
220	1	20	81.298761312587	30.8407162596007	61.2842102646583	46.8562844541345	40	20	18
221	1	20	81.298761312587	30.8407162596007	61.2842102646583	49.93760694992	40	20	18
222	1	20	81.298761312587	30.8407162596007	61.2842102646583	44.6294530276785	40	20	209
223	1	20	81.298761312587	30.8407162596007	61.2842102646583	57.5165383405782	40	20	19
224	1	20	81.298761312587	30.8407162596007	61.2842102646583	57.5166239227371	40	20	19
225	1	20	81.298761312587	30.8407162596007	61.2842102646583	57.5167087441656	40	20	19
226	1	20	81.298761312587	30.8407162596007	61.2842102646583	45.6915267828374	40	20	19
227	1	20	81.298761312587	30.8407162596007	61.2842102646583	57.5168761450467	40	20	19
228	1	20	81.298761312587	30.8407162596007	61.2842102646583	61.2963883161701	40	20	20
229	1	20	81.298761312587	30.8407162596007	61.2842102646583	61.2964745032535	40	20	20
230	1	20	81.298761312587	30.8407162596007	61.2842102646583	44.6298408067619	40	20	209
231	1	20	81.298761312587	30.8407162596007	61.2842102646583	44.6298873906128	40	20	209
232	1	20	81.298761312587	30.8407162596007	61.2842102646583	45.4628592255228	40	20	18
233	1	20	81.298761312587	30.8407162596007	61.2842102646583	44.6299793587305	40	20	209
234	1	20	81.298761312587	30.8407162596007	61.2842102646583	46.368670668761	40	20	23
235	1	20	81.298761312587	30.8407162596007	61.2842102646583	44.966588225357	40	20	23
236	1	20	81.298761312587	30.8407162596007	61.2842102646583	53.699637839968	40	20	20
237	1	20	81.298761312587	30.8407162596007	61.2842102646583	53.3907848302619	40	20	20
238	1	20	81.298761312587	30.8407162596007	61.2842102646583	61.2972175952501	40	20	20
239	1	20	81.298761312587	30.8407162596007	61.2842102646583	61.2972967063925	40	20	20
240	1	20	81.298761312587	30.8407162596007	61.2842102646583	61.2973751582754	40	20	20
241	1	20	81.298761312587	30.8407162596007	61.2842102646583	44.6303319667835	40	20	209
242	1	20	81.298761312587	30.8407162596007	61.2842102646583	44.6303744035998	40	20	209
243	1	20	81.298761312587	30.8407162596007	61.2842102646583	44.6304164911419	40	20	209
244	1	20	81.298761312587	30.8407162596007	61.2842102646583	46.5098757660164	40	20	10
245	1	20	81.298761312587	30.8407162596007	61.2842102646583	44.6304996355108	40	20	209
246	1	20	81.298761312587	30.8407162596007	61.2842102646583	53.0960360066884	40	20	16
247	1	20	81.298761312587	30.8407162596007	61.2842102646583	53.0960952542445	40	20	16
248	1	20	81.298761312587	30.8407162596007	61.2842102646583	53.0961540239976	40	20	16
249	1	20	81.298761312587	30.8407162596007	61.2842102646583	53.0962123217046	40	20	16
250	1	20	81.298761312587	30.8407162596007	61.2842102646583	53.0962701530299	40	20	16
251	1	20	81.298761312587	30.8407162596007	61.2842102646583	52.955052267415	40	20	16
252	1	20	81.298761312587	30.8407162596007	61.2842102646583	57.4585611850206	40	20	17
253	1	20	81.298761312587	30.8407162596007	61.2842102646583	59.762659725205	40	20	18
254	1	20	81.298761312587	30.8407162596007	61.2842102646583	59.7627227484536	40	20	18
255	1	20	81.298761312587	30.8407162596007	61.2842102646583	59.7627852774022	40	20	18
256	1	20	81.298761312587	30.8407162596007	61.2842102646583	53.9305003471037	40	20	18
257	1	20	81.298761312587	30.8407162596007	61.2842102646583	53.9356944298302	40	20	18
258	1	20	81.298761312587	30.8407162596007	61.2842102646583	54.7506292649349	40	20	18
259	1	20	81.298761312587	30.8407162596007	61.2842102646583	54.7506865065619	40	20	18
260	1	20	81.298761312587	30.8407162596007	61.2842102646583	59.7630907072664	40	20	18
261	1	20	81.298761312587	30.8407162596007	61.2842102646583	44.6311189177064	40	20	209
262	1	20	81.298761312587	30.8407162596007	61.2842102646583	57.4591405198079	40	20	18
263	1	20	81.298761312587	30.8407162596007	61.2842102646583	56.980031555381	40	20	16
264	1	20	81.298761312587	30.8407162596007	61.2842102646583	59.0311325122165	40	20	18
265	1	20	81.298761312587	30.8407162596007	61.2842102646583	46.6480392183616	40	20	18
266	1	20	81.298761312587	30.8407162596007	61.2842102646583	44.6312971650489	40	20	209
267	1	20	81.298761312587	30.8407162596007	61.2842102646583	51.2978586035708	40	20	18
268	1	20	81.298761312587	30.8407162596007	61.2842102646583	44.6313666017002	40	20	209
269	1	20	81.298761312587	30.8407162596007	61.2842102646583	49.9663566379689	40	20	18
270	1	20	81.298761312587	30.8407162596007	61.2842102646583	44.6314350096604	40	20	209
271	1	20	81.298761312587	30.8407162596007	61.2842102646583	50.4970961784422	40	20	18
272	1	20	81.298761312587	30.8407162596007	61.2842102646583	44.6315024116212	40	20	209
273	1	20	81.298761312587	30.8407162596007	61.2842102646583	46.5223180209351	40	20	18
274	1	20	81.298761312587	30.8407162596007	61.2842102646583	53.9595490989205	40	20	12
275	1	20	81.298761312587	30.8407162596007	61.2842102646583	55.3997487399545	40	20	12
276	1	20	81.298761312587	30.8407162596007	61.2842102646583	45.8472465759242	40	20	190
277	1	20	81.298761312587	30.8407162596007	61.2842102646583	53.594906133635	40	20	12
278	1	20	81.298761312587	30.8407162596007	61.2842102646583	52.9059725424249	40	20	12
279	1	20	81.298761312587	30.8407162596007	61.2842102646583	51.7410766863424	40	20	12
280	1	20	81.298761312587	30.8407162596007	61.2842102646583	55.3999240646298	40	20	12
281	1	20	81.298761312587	30.8407162596007	61.2842102646583	51.8818536669906	40	20	12
282	1	20	81.298761312587	30.8407162596007	61.2842102646583	55.0633538831137	40	20	12
283	1	20	81.298761312587	30.8407162596007	61.2842102646583	57.1782517512771	40	20	13
284	1	20	81.298761312587	30.8407162596007	61.2842102646583	45.847476214626	40	20	190
285	1	20	81.298761312587	30.8407162596007	61.2842102646583	46.0184158589115	40	20	8
286	1	20	81.298761312587	30.8407162596007	61.2842102646583	40.1115742215667	40	20	171
287	1	20	81.298761312587	30.8407162596007	61.2842102646583	40.1115988920182	40	20	171
288	1	20	81.298761312587	30.8407162596007	61.2842102646583	40.1116233911471	40	20	171
289	1	20	81.298761312587	30.8407162596007	61.2842102646583	40.1116477207319	40	20	171
290	1	20	81.298761312587	30.8407162596007	61.2842102646583	40.1116718825264	40	20	171
291	1	20	81.298761312587	30.8407162596007	61.2842102646583	40.1116958782605	40	20	171
292	1	20	81.298761312587	30.8407162596007	61.2842102646583	40.1117197096403	40	20	171
293	1	20	81.298761312587	30.8407162596007	61.2842102646583	40.1117433783485	40	20	171
294	1	20	81.298761312587	30.8407162596007	61.2842102646583	46.0186091994056	40	20	8
295	1	20	81.298761312587	30.8407162596007	61.2842102646583	40.1117902343675	40	20	171
296	1	20	81.298761312587	30.8407162596007	61.2842102646583	40.9654659876351	40	20	9
297	1	20	81.298761312587	30.8407162596007	61.2842102646583	34.2809969673028	40	20	9
298	1	20	81.298761312587	30.8407162596007	61.2842102646583	52.0295215486093	40	20	11
299	1	20	81.298761312587	30.8407162596007	61.2842102646583	52.7333607377716	40	20	11
300	1	20	81.298761312587	30.8407162596007	61.2842102646583	48.8988644840457	40	20	11
301	1	20	81.298761312587	30.8407162596007	61.2842102646583	42.9507604172117	40	20	11
302	1	20	81.298761312587	30.8407162596007	61.2842102646583	51.2625640740356	40	20	11
303	1	20	81.298761312587	30.8407162596007	61.2842102646583	50.9888043092226	40	20	11
304	1	20	81.298761312587	30.8407162596007	61.2842102646583	51.1704905252756	40	20	11
305	1	20	81.298761312587	30.8407162596007	61.2842102646583	51.4003779258068	40	20	11
306	1	20	81.298761312587	30.8407162596007	61.2842102646583	52.1727110838683	40	20	11
307	1	20	81.298761312587	30.8407162596007	61.2842102646583	50.9889010615688	40	20	10
308	1	20	81.298761312587	30.8407162596007	61.2842102646583	50.9889248569916	40	20	10
309	1	20	81.298761312587	30.8407162596007	61.2842102646583	50.9889484983987	40	20	10
310	1	20	81.298761312587	30.8407162596007	61.2842102646583	50.9889719872807	40	20	10
311	1	20	81.298761312587	30.8407162596007	61.2842102646583	40.059464488947	40	20	10
312	1	20	81.298761312587	30.8407162596007	61.2842102646583	48.4144746124632	40	20	10
313	1	20	81.298761312587	30.8407162596007	61.2842102646583	34.3906568706865	40	20	10
314	1	20	81.298761312587	30.8407162596007	61.2842102646583	48.414511359156	40	20	10
315	1	20	81.298761312587	30.8407162596007	61.2842102646583	34.3906888195683	40	20	10
316	1	20	81.298761312587	30.8407162596007	61.2842102646583	49.5859284205292	40	20	10
317	1	20	81.298761312587	30.8407162596007	61.2842102646583	41.2907822110065	40	20	10
318	1	20	81.298761312587	30.8407162596007	61.2842102646583	53.0292159858148	40	20	12
319	1	20	81.298761312587	30.8407162596007	61.2842102646583	47.8668985289032	40	20	12
320	1	20	81.298761312587	30.8407162596007	61.2842102646583	45.9805410017665	40	20	12
321	1	20	81.298761312587	30.8407162596007	61.2842102646583	56.3955587728486	40	20	9
322	1	20	81.298761312587	30.8407162596007	61.2842102646583	56.3955783641878	40	20	9
323	1	20	81.298761312587	30.8407162596007	61.2842102646583	56.3955978342184	40	20	9
324	1	20	81.298761312587	30.8407162596007	61.2842102646583	56.3956171840636	40	20	9
325	1	20	81.298761312587	30.8407162596007	61.2842102646583	56.3956364148328	40	20	9
326	1	20	81.298761312587	30.8407162596007	61.2842102646583	50.4300901734701	40	20	9
327	1	20	81.298761312587	30.8407162596007	61.2842102646583	44.4858081046746	40	20	9
328	1	20	81.298761312587	30.8407162596007	61.2842102646583	41.4080413988321	40	20	9
329	1	20	81.298761312587	30.8407162596007	61.2842102646583	48.3631990176256	40	20	11
330	1	20	81.298761312587	30.8407162596007	61.2842102646583	54.7960311950634	40	20	14
331	1	20	81.298761312587	30.8407162596007	61.2842102646583	53.9392175351472	40	20	14
332	1	20	81.298761312587	30.8407162596007	61.2842102646583	53.3748441679003	40	20	14
333	1	20	81.298761312587	30.8407162596007	61.2842102646583	54.1982094399078	40	20	14
334	1	20	81.298761312587	30.8407162596007	61.2842102646583	51.8095408951738	40	20	14
335	1	20	81.298761312587	30.8407162596007	61.2842102646583	57.0739137650544	40	20	17
336	1	20	81.298761312587	30.8407162596007	61.2842102646583	53.0999558673156	40	20	17
337	1	20	81.298761312587	30.8407162596007	61.2842102646583	55.6236732502025	40	20	17
338	1	20	81.298761312587	30.8407162596007	61.2842102646583	55.6237028798971	40	20	17
339	1	20	81.298761312587	30.8407162596007	61.2842102646583	55.6237323347853	40	20	17
340	1	20	81.298761312587	30.8407162596007	61.2842102646583	55.6237616164095	40	20	15
341	1	20	81.298761312587	30.8407162596007	61.2842102646583	57.379060398361	40	20	16
342	1	20	81.298761312587	30.8407162596007	61.2842102646583	59.7860907725108	40	20	17
343	1	20	81.298761312587	30.8407162596007	61.2842102646583	61.3175337436801	40	20	18
344	1	20	81.298761312587	30.8407162596007	61.2842102646583	59.3106940822362	40	20	18
345	1	20	81.298761312587	30.8407162596007	61.2842102646583	57.2711576527904	40	20	18
346	1	20	81.298761312587	30.8407162596007	61.2842102646583	40.997455171437	40	20	18
347	1	20	81.298761312587	30.8407162596007	61.2842102646583	48.774877985198	40	20	18
348	1	20	81.298761312587	30.8407162596007	61.2842102646583	37.7144698784459	40	20	18
349	1	20	81.298761312587	30.8407162596007	61.2842102646583	43.8262982801244	40	20	18
350	1	20	81.298761312587	30.8407162596007	61.2842102646583	35.4649677988971	40	20	18
351	1	20	81.298761312587	30.8407162596007	61.2842102646583	26.6188358093595	40	20	9
352	1	20	81.298761312587	30.8407162596007	61.2842102646583	34.8807941689824	40	20	7
353	1	20	81.298761312587	30.8407162596007	61.2842102646583	34.8808068444267	40	20	7
354	1	20	81.298761312587	30.8407162596007	61.2842102646583	34.8808194482582	40	20	7
355	1	20	81.298761312587	30.8407162596007	61.2842102646583	34.8808319810823	40	20	7
356	1	20	81.298761312587	30.8407162596007	61.2842102646583	36.0285381250072	40	20	11
357	1	20	81.298761312587	30.8407162596007	61.2842102646583	36.0285575990889	40	20	11
358	1	20	81.298761312587	30.8407162596007	61.2842102646583	36.028576964377	40	20	11
359	1	20	81.298761312587	30.8407162596007	61.2842102646583	36.0285962217804	40	20	11
360	1	20	81.298761312587	30.8407162596007	61.2842102646583	36.0286153721982	40	20	11
361	1	20	81.298761312587	30.8407162596007	61.2842102646583	34.8809057199142	40	20	11
362	1	20	81.298761312587	30.8407162596007	61.2842102646583	50.7846478277562	40	20	10
363	1	20	81.298761312587	30.8407162596007	61.2842102646583	40.556880665362	40	20	10
364	1	20	81.298761312587	30.8407162596007	61.2842102646583	45.304209760968	40	20	10
365	1	20	81.298761312587	30.8407162596007	61.2842102646583	36.0097161305595	40	20	10
366	1	20	81.298761312587	30.8407162596007	61.2842102646583	33.3132853156693	40	20	10
367	1	20	81.298761312587	30.8407162596007	61.2842102646583	46.0116157657103	40	20	10
368	1	20	81.298761312587	30.8407162596007	61.2842102646583	51.1483096584787	40	20	14
369	1	20	81.298761312587	30.8407162596007	61.2842102646583	45.7910973271684	40	20	14
370	1	16	83.0238273773517	31.7485778797457	61.9258029541287	61.9258029541287	40	16	16
371	1	16	83.0238273773517	31.7485778797457	61.9258029541287	40.8844618574562	40	16	16
372	1	16	83.0238273773517	31.7485778797457	61.9258029541287	53.12433082652	40	16	16
373	1	16	83.0238273773517	31.7485778797457	61.9258029541287	39.3600547987283	40	16	16
374	1	16	83.0238273773517	31.7485778797457	61.9258029541287	51.2928002596302	40	16	16
375	1	16	83.0238273773517	31.7485778797457	61.9258029541287	33.2746170414319	40	16	16
376	1	16	83.0238273773517	31.7485778797457	61.9258029541287	52.0168796657427	40	16	16
377	1	16	83.0238273773517	31.7485778797457	61.9258029541287	61.9259836122404	40	16	16
378	1	16	83.0238273773517	31.7485778797457	61.9258029541287	61.9260088743346	40	16	16
379	1	16	83.0238273773517	31.7485778797457	61.9258029541287	61.9260340031196	40	16	16
380	1	16	83.0238273773517	31.7485778797457	61.9258029541287	61.9260589996479	40	16	16
381	1	16	83.0238273773517	31.7485778797457	61.9258029541287	51.3960319937725	40	16	16
382	1	16	83.0238273773517	31.7485778797457	61.9258029541287	58.1087175108978	40	16	15
383	1	16	83.0238273773517	31.7485778797457	61.9258029541287	58.108740578988	40	16	15
384	1	16	83.0238273773517	31.7485778797457	61.9258029541287	50.6319142967542	40	16	15
385	1	16	83.0238273773517	31.7485778797457	61.9258029541287	56.6380514037013	40	16	15
386	1	16	83.0238273773517	31.7485778797457	61.9258029541287	46.9810635989039	40	16	15
387	1	16	83.0238273773517	31.7485778797457	61.9258029541287	42.9997992894898	40	16	15
388	1	16	83.0238273773517	31.7485778797457	61.9258029541287	35.5661230200191	40	16	15
389	1	16	83.0238273773517	31.7485778797457	61.9258029541287	49.5172083897399	40	16	15
390	1	16	83.0238273773517	31.7485778797457	61.9258029541287	34.7495396431701	40	16	15
391	1	16	83.0238273773517	31.7485778797457	61.9258029541287	49.8914276608814	40	16	15
392	1	16	83.0238273773517	31.7485778797457	61.9258029541287	34.7426831679442	40	16	15
393	1	16	83.0238273773517	31.7485778797457	61.9258029541287	44.8409697887389	40	16	11
394	1	16	83.0238273773517	31.7485778797457	61.9258029541287	44.8409857727742	40	16	11
395	1	16	83.0238273773517	31.7485778797457	61.9258029541287	44.8410016758778	40	16	11
396	1	16	83.0238273773517	31.7485778797457	61.9258029541287	33.3135647493504	40	16	11
397	1	16	83.0238273773517	31.7485778797457	61.9258029541287	34.7427482286032	40	16	11
398	1	16	83.0238273773517	31.7485778797457	61.9258029541287	34.3917315331361	40	16	11
399	1	16	83.0238273773517	31.7485778797457	61.9258029541287	44.8882033644964	40	16	8
400	1	16	83.0238273773517	31.7485778797457	61.9258029541287	41.2918131652652	40	16	8
401	1	16	83.0238273773517	31.7485778797457	61.9258029541287	45.7094468693723	40	16	12
402	1	16	83.0238273773517	31.7485778797457	61.9258029541287	56.6383974009876	40	16	14
403	1	16	83.0238273773517	31.7485778797457	61.9258029541287	51.3896843275676	40	16	14
404	1	16	83.0238273773517	31.7485778797457	61.9258029541287	48.3781592076839	40	16	14
405	1	16	83.0238273773517	31.7485778797457	61.9258029541287	50.0920427605006	40	16	13
406	1	16	83.0238273773517	31.7485778797457	61.9258029541287	50.7479083441157	40	16	10
407	1	16	83.0238273773517	31.7485778797457	61.9258029541287	50.7479219605087	40	16	10
408	1	16	83.0238273773517	31.7485778797457	61.9258029541287	50.7479355101546	40	16	10
409	1	16	83.0238273773517	31.7485778797457	61.9258029541287	50.747948993543	40	16	10
410	1	16	83.0238273773517	31.7485778797457	61.9258029541287	50.7479624111589	40	16	10
411	1	16	83.0238273773517	31.7485778797457	61.9258029541287	50.7479757634822	40	16	10
412	1	16	83.0238273773517	31.7485778797457	61.9258029541287	50.7479890509884	40	16	10
413	1	16	83.0238273773517	31.7485778797457	61.9258029541287	50.7480022741483	40	16	10
414	1	16	83.0238273773517	31.7485778797457	61.9258029541287	50.7480154334282	40	16	10
415	1	16	83.0238273773517	31.7485778797457	61.9258029541287	50.7480285292899	40	16	10
416	1	16	83.0238273773517	31.7485778797457	61.9258029541287	41.1331912109945	40	16	10
417	1	16	83.0238273773517	31.7485778797457	61.9258029541287	54.6357812361439	40	16	10
418	1	16	83.0238273773517	31.7485778797457	61.9258029541287	40.926909877803	40	16	10
419	1	16	83.0238273773517	31.7485778797457	61.9258029541287	51.8999787860816	40	16	10
420	1	16	83.0238273773517	31.7485778797457	61.9258029541287	37.0630757629486	40	16	10
421	1	16	83.0238273773517	31.7485778797457	61.9258029541287	51.4121719501614	40	16	10
422	1	16	83.0238273773517	31.7485778797457	61.9258029541287	41.2767304437413	40	16	10
423	1	16	83.0238273773517	31.7485778797457	61.9258029541287	32.3145623775769	40	16	10
424	1	16	83.0238273773517	31.7485778797457	61.9258029541287	48.4159985602136	40	16	10
425	1	16	83.0238273773517	31.7485778797457	61.9258029541287	32.3145824026082	40	16	10
426	1	16	83.0238273773517	31.7485778797457	61.9258029541287	53.7677544724865	40	16	11
427	1	16	83.0238273773517	31.7485778797457	61.9258029541287	45.7472612712737	40	16	11
428	1	16	83.0238273773517	31.7485778797457	61.9258029541287	53.8528649264046	40	16	11
429	1	16	83.0238273773517	31.7485778797457	61.9258029541287	47.1202055424847	40	16	11
430	1	16	83.0238273773517	31.7485778797457	61.9258029541287	55.4671820052028	40	16	10
431	1	16	83.0238273773517	31.7485778797457	61.9258029541287	55.3750573494013	40	16	10
432	1	16	83.0238273773517	31.7485778797457	61.9258029541287	51.8413128261327	40	16	10
433	1	16	83.0238273773517	31.7485778797457	61.9258029541287	55.4672182584924	40	16	10
434	1	16	83.0238273773517	31.7485778797457	61.9258029541287	55.8837538770219	40	16	11
435	1	16	83.0238273773517	31.7485778797457	61.9258029541287	48.5063598513148	40	16	11
436	1	16	83.0238273773517	31.7485778797457	61.9258029541287	55.4560034931953	40	16	11
437	1	16	83.0238273773517	31.7485778797457	61.9258029541287	55.1971596807414	40	16	11
438	1	16	83.0238273773517	31.7485778797457	61.9258029541287	48.0832642164893	40	16	11
439	1	16	83.0238273773517	31.7485778797457	61.9258029541287	58.9030463194603	40	16	12
440	1	16	83.0238273773517	31.7485778797457	61.9258029541287	58.4577017833456	40	16	12
441	1	16	83.0238273773517	31.7485778797457	61.9258029541287	58.9030742121664	40	16	12
442	1	16	83.0238273773517	31.7485778797457	61.9258029541287	56.3019100746233	40	16	12
443	1	16	83.0238273773517	31.7485778797457	61.9258029541287	57.430978586919	40	16	12
444	1	16	83.0238273773517	31.7485778797457	61.9258029541287	53.245606658309	40	16	12
445	1	16	83.0238273773517	31.7485778797457	61.9258029541287	56.4803355889058	40	16	12
446	1	16	83.0238273773517	31.7485778797457	61.9258029541287	53.9878774779805	40	16	12
447	1	16	83.0238273773517	31.7485778797457	61.9258029541287	57.6934015181925	40	16	12
448	1	16	83.0238273773517	31.7485778797457	61.9258029541287	58.9031698754317	40	16	12
449	1	16	83.0238273773517	31.7485778797457	61.9258029541287	39.074247688134	40	16	12
450	1	16	83.0238273773517	31.7485778797457	61.9258029541287	50.7858632973695	40	16	12
451	1	16	83.0238273773517	31.7485778797457	61.9258029541287	38.2942059793387	40	16	12
452	1	16	83.0238273773517	31.7485778797457	61.9258029541287	50.7858854212633	40	16	12
453	1	16	83.0238273773517	31.7485778797457	61.9258029541287	45.3051813059793	40	16	12
454	1	16	83.0238273773517	31.7485778797457	61.9258029541287	38.2942356490887	40	16	12
455	1	16	83.0238273773517	31.7485778797457	61.9258029541287	55.4674695083972	40	16	12
456	1	16	83.0238273773517	31.7485778797457	61.9258029541287	55.8840290104199	40	16	12
457	1	16	83.0238273773517	31.7485778797457	61.9258029541287	54.0987699859201	40	16	12
458	1	16	83.0238273773517	31.7485778797457	61.9258029541287	53.9866734685642	40	16	12
459	1	16	83.0238273773517	31.7485778797457	61.9258029541287	51.3755687984499	40	16	11
460	1	16	83.0238273773517	31.7485778797457	61.9258029541287	58.9033270959286	40	16	12
461	1	16	83.0238273773517	31.7485778797457	61.9258029541287	57.6936002399674	40	16	12
462	1	16	83.0238273773517	31.7485778797457	61.9258029541287	52.5842806997872	40	16	12
463	1	16	83.0238273773517	31.7485778797457	61.9258029541287	56.6039131848382	40	16	12
464	1	16	83.0238273773517	31.7485778797457	61.9258029541287	48.5382724031533	40	16	12
465	1	16	83.0238273773517	31.7485778797457	61.9258029541287	48.8109870109858	40	16	12
466	1	16	83.0238273773517	31.7485778797457	61.9258029541287	59.5940752951754	40	16	15
467	1	16	83.0238273773517	31.7485778797457	61.9258029541287	59.5940908037178	40	16	15
468	1	16	83.0238273773517	31.7485778797457	61.9258029541287	59.5941062459843	40	16	15
469	1	16	83.0238273773517	31.7485778797457	61.9258029541287	59.5941216223989	40	16	15
470	1	16	83.0238273773517	31.7485778797457	61.9258029541287	59.594136933382	40	16	15
471	1	16	83.0238273773517	31.7485778797457	61.9258029541287	44.1983118429957	40	16	15
472	1	16	83.0238273773517	31.7485778797457	61.9258029541287	51.294299171984	40	16	15
473	1	16	83.0238273773517	31.7485778797457	61.9258029541287	40.8859004583463	40	16	15
474	1	16	83.0238273773517	31.7485778797457	61.9258029541287	44.5269600230737	40	16	15
475	1	16	83.0238273773517	31.7485778797457	61.9258029541287	40.2230931593071	40	16	15
476	1	16	83.0238273773517	31.7485778797457	61.9258029541287	59.5942274483114	40	16	15
477	1	16	83.0238273773517	31.7485778797457	61.9258029541287	55.9312320459906	40	16	15
478	1	16	83.0238273773517	31.7485778797457	61.9258029541287	41.8015822022981	40	16	15
479	1	16	83.0238273773517	31.7485778797457	61.9258029541287	54.0144033798466	40	16	15
480	1	16	83.0238273773517	31.7485778797457	61.9258029541287	59.5942865344458	40	16	15
481	1	16	83.0238273773517	31.7485778797457	61.9258029541287	59.5943011524292	40	16	15
482	1	16	83.0238273773517	31.7485778797457	61.9258029541287	51.1503341713779	40	16	15
483	1	16	83.0238273773517	31.7485778797457	61.9258029541287	59.5943302068061	40	16	15
484	1	16	83.0238273773517	31.7485778797457	61.9258029541287	61.9280946673295	40	16	16
485	1	16	83.0238273773517	31.7485778797457	61.9258029541287	59.5943590215592	40	16	16
486	1	16	83.0238273773517	31.7485778797457	61.9258029541287	46.89062911024	40	16	16
487	1	16	83.0238273773517	31.7485778797457	61.9258029541287	50.0932588225586	40	16	16
488	1	16	83.0238273773517	31.7485778797457	61.9258029541287	41.133989209103	40	16	16
489	1	16	83.0238273773517	31.7485778797457	61.9258029541287	50.5798546794593	40	16	16
490	1	16	83.0238273773517	31.7485778797457	61.9258029541287	36.5205832042448	40	16	16
491	1	16	83.0238273773517	31.7485778797457	61.9258029541287	48.248653913533	40	16	16
492	1	16	83.0238273773517	31.7485778797457	61.9258029541287	54.6897708557595	40	16	15
493	1	16	83.0238273773517	31.7485778797457	61.9258029541287	54.6897847700721	40	16	15
494	1	16	83.0238273773517	31.7485778797457	61.9258029541287	61.9282452344657	40	16	16
495	1	16	83.0238273773517	31.7485778797457	61.9258029541287	61.9282599565857	40	16	16
496	1	16	83.0238273773517	31.7485778797457	61.9258029541287	61.9282746193423	40	16	16
497	1	16	83.0238273773517	31.7485778797457	61.9258029541287	61.9282892230938	40	16	16
498	1	16	83.0238273773517	31.7485778797457	61.9258029541287	61.9283037681958	40	16	16
499	1	16	83.0238273773517	31.7485778797457	61.9258029541287	61.9283182550007	40	16	16
500	1	16	83.0238273773517	31.7485778797457	61.9258029541287	61.9283326838584	40	16	16
501	1	16	83.0238273773517	31.7485778797457	61.9258029541287	54.0245199800514	40	16	16
502	1	16	83.0238273773517	31.7485778797457	61.9258029541287	42.2526280846298	40	16	16
503	1	16	83.0238273773517	31.7485778797457	61.9258029541287	59.4393705113161	40	16	15
504	1	16	83.0238273773517	31.7485778797457	61.9258029541287	53.2759612492623	40	16	15
505	1	16	83.0238273773517	31.7485778797457	61.9258029541287	41.1326121742744	40	16	15
506	1	16	83.0238273773517	31.7485778797457	61.9258029541287	45.2827684698442	40	16	15
507	1	16	83.0238273773517	31.7485778797457	61.9258029541287	53.2405404571543	40	16	15
508	1	16	83.0238273773517	31.7485778797457	61.9258029541287	53.5651468247492	40	16	15
509	1	16	83.0238273773517	31.7485778797457	61.9258029541287	52.8307405613971	40	16	15
510	1	16	83.0238273773517	31.7485778797457	61.9258029541287	61.928473860329	40	16	16
511	1	16	83.0238273773517	31.7485778797457	61.9258029541287	61.9284876740737	40	16	16
512	1	16	83.0238273773517	31.7485778797457	61.9258029541287	61.9285014338584	40	16	16
513	1	16	83.0238273773517	31.7485778797457	61.9258029541287	61.9285151399988	40	16	16
514	1	16	83.0238273773517	31.7485778797457	61.9258029541287	61.9285287928078	40	16	16
515	1	16	83.0238273773517	31.7485778797457	61.9258029541287	61.9285423925963	40	16	16
516	1	16	83.0238273773517	31.7485778797457	61.9258029541287	61.9285559396724	40	16	16
517	1	16	83.0238273773517	31.7485778797457	61.9258029541287	61.928569434342	40	16	16
518	1	16	83.0238273773517	31.7485778797457	61.9258029541287	61.9285828769086	40	16	16
519	1	16	83.0238273773517	31.7485778797457	61.9258029541287	61.9285962676734	40	16	16
520	1	16	83.0238273773517	31.7485778797457	61.9258029541287	61.9286096069353	40	16	16
521	1	16	83.0238273773517	31.7485778797457	61.9258029541287	54.4075789553385	40	16	16
522	1	16	83.0238273773517	31.7485778797457	61.9258029541287	61.9286361321343	40	16	16
523	1	16	83.0238273773517	31.7485778797457	61.9258029541287	61.9286493186576	40	16	16
524	1	16	83.0238273773517	31.7485778797457	61.9258029541287	61.9286624548508	40	16	16
525	1	16	83.0238273773517	31.7485778797457	61.9258029541287	61.9286755410013	40	16	16
526	1	16	83.0238273773517	31.7485778797457	61.9258029541287	37.7521691288771	40	16	16
527	1	16	83.0238273773517	31.7485778797457	61.9258029541287	51.1508922114859	40	16	16
528	1	16	83.0238273773517	31.7485778797457	61.9258029541287	36.4778210226669	40	16	16
529	1	16	83.0238273773517	31.7485778797457	61.9258029541287	47.1687521784675	40	16	16
530	1	16	83.0238273773517	31.7485778797457	61.9258029541287	40.2236338743021	40	16	16
531	1	16	83.0238273773517	31.7485778797457	61.9258029541287	52.2616908284755	40	16	16
532	1	16	83.0238273773517	31.7485778797457	61.9258029541287	52.2617019792337	40	16	16
533	1	16	83.0238273773517	31.7485778797457	61.9258029541287	54.6902985293055	40	16	16
534	1	16	83.0238273773517	31.7485778797457	61.9258029541287	54.690310387138	40	16	16
535	1	16	83.0238273773517	31.7485778797457	61.9258029541287	61.9288037118958	40	16	16
536	1	16	83.0238273773517	31.7485778797457	61.9258029541287	52.463683402016	40	16	14
537	1	16	83.0238273773517	31.7485778797457	61.9258029541287	56.3032609050285	40	16	15
538	1	16	83.0238273773517	31.7485778797457	61.9258029541287	61.9288412340443	40	16	16
539	1	16	83.0238273773517	31.7485778797457	61.9258029541287	61.9288536486079	40	16	16
540	1	16	83.0238273773517	31.7485778797457	61.9258029541287	61.9288660171917	40	16	16
541	1	16	83.0238273773517	31.7485778797457	61.9258029541287	61.9288783400506	40	16	16
542	1	16	83.0238273773517	31.7485778797457	61.9258029541287	61.9288906174377	40	16	16
543	1	16	83.0238273773517	31.7485778797457	61.9258029541287	61.9289028496043	40	16	16
544	1	16	83.0238273773517	31.7485778797457	61.9258029541287	61.9289150367996	40	16	16
545	1	16	83.0238273773517	31.7485778797457	61.9258029541287	61.9289271792713	40	16	16
546	1	16	83.0238273773517	31.7485778797457	61.9258029541287	54.6904492931758	40	16	16
547	1	16	83.0238273773517	31.7485778797457	61.9258029541287	54.6904605935756	40	16	15
548	1	16	83.0238273773517	31.7485778797457	61.9258029541287	54.690471852733	40	16	15
549	1	16	83.0238273773517	31.7485778797457	61.9258029541287	54.6904830708735	40	16	15
550	1	16	83.0238273773517	31.7485778797457	61.9258029541287	54.6904942482207	40	16	15
551	1	16	83.0238273773517	31.7485778797457	61.9258029541287	37.7523826190401	40	16	15
552	1	16	83.0238273773517	31.7485778797457	61.9258029541287	40.8866493208337	40	16	15
553	1	16	83.0238273773517	31.7485778797457	61.9258029541287	47.6257012176011	40	16	15
554	1	16	83.0238273773517	31.7485778797457	61.9258029541287	33.1869268751069	40	16	15
555	1	16	83.0238273773517	31.7485778797457	61.9258029541287	45.7485980647416	40	16	15
556	1	16	83.0238273773517	31.7485778797457	61.9258029541287	52.2619575642394	40	16	15
557	1	16	83.0238273773517	31.7485778797457	61.9258029541287	52.2619677356355	40	16	15
558	1	16	83.0238273773517	31.7485778797457	61.9258029541287	54.6905822247603	40	16	15
559	1	16	83.0238273773517	31.7485778797457	61.9258029541287	54.690593044773	40	16	15
560	1	16	83.0238273773517	31.7485778797457	61.9258029541287	54.6906038261428	40	16	15
561	1	16	83.0238273773517	31.7485778797457	61.9258029541287	56.6406182486211	40	16	14
562	1	16	83.0238273773517	31.7485778797457	61.9258029541287	50.4006394040275	40	16	14
563	1	16	83.0238273773517	31.7485778797457	61.9258029541287	45.7937189457061	40	16	14
564	1	16	83.0238273773517	31.7485778797457	61.9258029541287	51.7903140062708	40	16	14
565	1	16	83.0238273773517	31.7485778797457	61.9258029541287	61.9291610024425	40	16	16
566	1	16	83.0238273773517	31.7485778797457	61.9258029541287	54.8623013396906	40	16	16
567	1	16	83.0238273773517	31.7485778797457	61.9258029541287	35.4647029425696	40	16	16
568	1	16	83.0238273773517	31.7485778797457	61.9258029541287	26.6210398992836	40	16	16
569	1	16	83.0238273773517	31.7485778797457	61.9258029541287	52.2620870037458	40	16	14
570	1	16	83.0238273773517	31.7485778797457	61.9258029541287	52.2620967160758	40	16	14
571	1	16	83.0238273773517	31.7485778797457	61.9258029541287	56.3036351382173	40	16	15
572	1	16	83.0238273773517	31.7485778797457	61.9258029541287	56.7595037610691	40	16	13
573	1	16	83.0238273773517	31.7485778797457	61.9258029541287	38.3396161377339	40	16	13
574	1	16	83.0238273773517	31.7485778797457	61.9258029541287	46.201168059327	40	16	13
575	1	16	83.0238273773517	31.7485778797457	61.9258029541287	55.9715937437357	40	16	13
576	1	16	83.0238273773517	31.7485778797457	61.9258029541287	49.4922721361412	40	16	13
577	1	16	83.0238273773517	31.7485778797457	61.9258029541287	48.8952818438401	40	16	13
578	1	16	83.0238273773517	31.7485778797457	61.9258029541287	56.7595568437995	40	16	13
579	1	16	83.0238273773517	31.7485778797457	61.9258029541287	51.3986573456554	40	16	13
580	1	16	83.0238273773517	31.7485778797457	61.9258029541287	40.742779514699	40	16	9
581	1	16	83.0238273773517	31.7485778797457	61.9258029541287	47.5242554927641	40	16	11
582	1	16	83.0238273773517	31.7485778797457	61.9258029541287	47.5242628121743	40	16	11
583	1	16	83.0238273773517	31.7485778797457	61.9258029541287	47.5242701064751	40	16	11
584	1	16	83.0238273773517	31.7485778797457	61.9258029541287	47.5242773757953	40	16	11
585	1	16	83.0238273773517	31.7485778797457	61.9258029541287	47.5242846202631	40	16	11
586	1	16	83.0238273773517	31.7485778797457	61.9258029541287	40.74281526261	40	16	11
587	1	16	83.0238273773517	31.7485778797457	61.9258029541287	39.075190157297	40	16	11
588	1	16	83.0238273773517	31.7485778797457	61.9258029541287	52.8819847221516	40	16	8
589	1	16	83.0238273773517	31.7485778797457	61.9258029541287	34.3930147957992	40	16	8
590	1	16	83.0238273773517	31.7485778797457	61.9258029541287	33.3146857046662	40	16	8
591	1	16	83.0238273773517	31.7485778797457	61.9258029541287	50.4881289438227	40	16	10
592	1	16	83.0238273773517	31.7485778797457	61.9258029541287	50.488135374746	40	16	10
593	1	16	83.0238273773517	31.7485778797457	61.9258029541287	50.4881417839799	40	16	10
594	1	16	83.0238273773517	31.7485778797457	61.9258029541287	50.4881481716338	40	16	10
595	1	16	83.0238273773517	31.7485778797457	61.9258029541287	50.4881545378166	40	16	10
596	1	16	83.0238273773517	31.7485778797457	61.9258029541287	47.9792637416559	40	16	10
597	1	16	83.0238273773517	31.7485778797457	61.9258029541287	47.97927006522	40	16	10
598	1	16	83.0238273773517	31.7485778797457	61.9258029541287	47.9792763676351	40	16	10
599	1	16	83.0238273773517	31.7485778797457	61.9258029541287	47.9792826490071	40	16	10
600	1	16	83.0238273773517	31.7485778797457	61.9258029541287	47.9792889094412	40	16	10
601	1	16	83.0238273773517	31.7485778797457	61.9258029541287	33.3147275840199	40	16	10
602	1	16	83.0238273773517	31.7485778797457	61.9258029541287	33.3147313153425	40	16	6
603	1	16	83.0238273773517	31.7485778797457	61.9258029541287	44.5989557466326	40	16	9
604	1	16	83.0238273773517	31.7485778797457	61.9258029541287	51.9616743156092	40	16	10
605	1	16	83.0238273773517	31.7485778797457	61.9258029541287	52.2957730419569	40	16	11
606	1	16	83.0238273773517	31.7485778797457	61.9258029541287	34.8826695908996	40	16	11
607	1	16	83.0238273773517	31.7485778797457	61.9258029541287	32.3158522931015	40	16	11
608	1	16	83.0238273773517	31.7485778797457	61.9258029541287	44.528006200622	40	16	11
609	1	16	83.0238273773517	31.7485778797457	61.9258029541287	34.882682393904	40	16	11
610	1	16	83.0238273773517	31.7485778797457	61.9258029541287	44.5280183339266	40	16	11
611	1	16	83.0238273773517	31.7485778797457	61.9258029541287	46.286851544172	40	16	11
612	1	16	83.0238273773517	31.7485778797457	61.9258029541287	52.2958198334007	40	16	11
613	1	16	83.0238273773517	31.7485778797457	61.9258029541287	26.6213016143538	40	16	9
614	1	16	83.0238273773517	31.7485778797457	61.9258029541287	34.8827034542208	40	16	7
615	1	16	83.0238273773517	31.7485778797457	61.9258029541287	34.8827076251908	40	16	7
616	1	16	83.0238273773517	31.7485778797457	61.9258029541287	34.5564995541362	40	16	7
617	1	16	83.0238273773517	31.7485778797457	61.9258029541287	34.3931361453381	40	16	7
618	1	16	83.0238273773517	31.7485778797457	61.9258029541287	33.31478937424	40	16	7
619	1	16	83.0238273773517	31.7485778797457	61.9258029541287	35.7816047762234	40	16	8
620	1	16	83.0238273773517	31.7485778797457	61.9258029541287	48.2497027112467	40	16	11
621	1	16	83.0238273773517	31.7485778797457	61.9258029541287	34.8827323689165	40	16	11
622	1	16	83.0238273773517	31.7485778797457	61.9258029541287	34.8827364464598	40	16	11
623	1	16	83.0238273773517	31.7485778797457	61.9258029541287	52.3053583615038	40	16	9
624	1	16	83.0238273773517	31.7485778797457	61.9258029541287	40.2605528225781	40	16	9
625	1	16	83.0238273773517	31.7485778797457	61.9258029541287	35.781632692217	40	16	9
626	1	16	83.0238273773517	31.7485778797457	61.9258029541287	52.3053739385068	40	16	9
627	1	16	83.0238273773517	31.7485778797457	61.9258029541287	52.3053790977162	40	16	9
628	1	16	83.0238273773517	31.7485778797457	61.9258029541287	52.305384240495	40	16	9
629	1	16	83.0238273773517	31.7485778797457	61.9258029541287	52.3053893669215	40	16	9
630	1	16	83.0238273773517	31.7485778797457	61.9258029541287	52.3053944770737	40	16	9
631	1	16	83.0238273773517	31.7485778797457	61.9258029541287	52.3053995710288	40	16	9
632	1	16	83.0238273773517	31.7485778797457	61.9258029541287	30.9097684540257	40	16	9
633	1	16	83.0238273773517	31.7485778797457	61.9258029541287	28.3774915510099	40	16	9
634	1	16	83.0238273773517	31.7485778797457	61.9258029541287	50.501849865569	40	16	9
635	1	16	83.0238273773517	31.7485778797457	61.9258029541287	50.13909298263	40	16	8
636	1	16	83.0238273773517	31.7485778797457	61.9258029541287	52.3054248005238	40	16	9
637	1	16	83.0238273773517	31.7485778797457	61.9258029541287	52.3054297988947	40	16	9
638	1	16	83.0238273773517	31.7485778797457	61.9258029541287	52.3054347815967	40	16	9
639	1	16	83.0238273773517	31.7485778797457	61.9258029541287	52.3054397487034	40	16	9
640	1	16	83.0238273773517	31.7485778797457	61.9258029541287	52.305444700288	40	16	9
641	1	16	83.0238273773517	31.7485778797457	61.9258029541287	35.7817045798925	40	16	9
642	1	16	83.0238273773517	31.7485778797457	61.9258029541287	55.1448701989059	40	16	8
643	1	16	83.0238273773517	31.7485778797457	61.9258029541287	34.8828191451241	40	16	8
644	1	16	83.0238273773517	31.7485778797457	61.9258029541287	55.1448789061677	40	16	8
645	1	16	83.0238273773517	31.7485778797457	61.9258029541287	34.8828267403355	40	16	8
646	1	16	83.0238273773517	31.7485778797457	61.9258029541287	34.8828305203052	40	16	7
647	1	16	83.0238273773517	31.7485778797457	61.9258029541287	34.8828342885904	40	16	7
648	1	16	83.0238273773517	31.7485778797457	61.9258029541287	34.882838045245	40	16	7
649	1	16	83.0238273773517	31.7485778797457	61.9258029541287	34.8828417903229	40	16	7
650	1	16	83.0238273773517	31.7485778797457	61.9258029541287	34.8828455238775	40	16	7
651	1	16	83.0238273773517	31.7485778797457	61.9258029541287	34.8828492459619	40	16	7
652	1	16	83.0238273773517	31.7485778797457	61.9258029541287	34.8828529566288	40	16	7
653	1	16	83.0238273773517	31.7485778797457	61.9258029541287	34.8828566559308	40	16	7
654	1	16	83.0238273773517	31.7485778797457	61.9258029541287	34.8828603439199	40	16	7
655	1	16	83.0238273773517	31.7485778797457	61.9258029541287	34.8828640206479	40	16	7
656	1	16	83.0238273773517	31.7485778797457	61.9258029541287	34.3932879049341	40	16	7
657	1	16	83.0238273773517	31.7485778797457	61.9258029541287	34.8828713405266	40	16	7
658	1	16	83.0238273773517	31.7485778797457	61.9258029541287	34.8828749837793	40	16	7
659	1	16	83.0238273773517	31.7485778797457	61.9258029541287	45.6545047962586	40	16	11
660	1	16	83.0238273773517	31.7485778797457	61.9258029541287	48.3307140983643	40	16	13
661	1	16	83.0238273773517	31.7485778797457	61.9258029541287	37.6409206525985	40	16	13
662	1	16	83.0238273773517	31.7485778797457	61.9258029541287	52.8251567253404	40	16	11
663	1	16	83.0238273773517	31.7485778797457	61.9258029541287	52.825162364361	40	16	11
664	1	16	83.0238273773517	31.7485778797457	61.9258029541287	51.3008980664396	40	16	11
665	1	16	83.0238273773517	31.7485778797457	61.9258029541287	48.6906466999635	40	16	11
666	1	16	83.0238273773517	31.7485778797457	61.9258029541287	52.0440513059842	40	16	11
667	1	16	83.0238273773517	31.7485778797457	61.9258029541287	52.0440573840262	40	16	11
668	1	16	83.0238273773517	31.7485778797457	61.9258029541287	52.0440634438706	40	16	12
669	1	16	83.0238273773517	31.7485778797457	61.9258029541287	52.0440694855988	40	16	12
670	1	16	83.0238273773517	31.7485778797457	61.9258029541287	52.044075509292	40	16	12
671	1	16	83.0238273773517	31.7485778797457	61.9258029541287	37.6013257669019	40	16	12
672	1	16	83.0238273773517	31.7485778797457	61.9258029541287	52.8252123603209	40	16	11
673	1	16	83.0238273773517	31.7485778797457	61.9258029541287	37.6405200385463	40	16	11
674	1	16	83.0238273773517	31.7485778797457	61.9258029541287	50.460178054108	40	16	11
675	1	16	83.0238273773517	31.7485778797457	61.9258029541287	34.8829352674673	40	16	11
676	1	16	83.0238273773517	31.7485778797457	61.9258029541287	52.8252341534317	40	16	11
677	1	16	83.0238273773517	31.7485778797457	61.9258029541287	45.458229867652	40	16	11
678	1	16	83.0238273773517	31.7485778797457	61.9258029541287	52.0441230591533	40	16	11
679	1	16	83.0238273773517	31.7485778797457	61.9258029541287	41.6308100730569	40	16	9
680	1	16	83.0238273773517	31.7485778797457	61.9258029541287	37.6405475711047	40	16	9
681	1	16	83.0238273773517	31.7485778797457	61.9258029541287	37.601375006317	40	16	9
682	1	16	83.0238273773517	31.7485778797457	61.9258029541287	41.6308231917972	40	16	9
683	1	16	83.0238273773517	31.7485778797457	61.9258029541287	41.6308275391006	40	16	9
684	1	16	83.0238273773517	31.7485778797457	61.9258029541287	41.6308318736926	40	16	9
685	1	16	83.0238273773517	31.7485778797457	61.9258029541287	41.6308361956288	40	16	9
686	1	16	83.0238273773517	31.7485778797457	61.9258029541287	41.6308405049646	40	16	9
687	1	16	83.0238273773517	31.7485778797457	61.9258029541287	34.3933962431491	40	16	9
688	1	16	83.0238273773517	31.7485778797457	61.9258029541287	41.1353295160035	40	16	9
689	1	16	83.0238273773517	31.7485778797457	61.9258029541287	41.6308533579184	40	16	9
690	1	16	83.0238273773517	31.7485778797457	61.9258029541287	41.6308576173996	40	16	9
691	1	16	83.0238273773517	31.7485778797457	61.9258029541287	41.6308618645525	40	16	9
692	1	16	83.0238273773517	31.7485778797457	61.9258029541287	37.601427525988	40	16	9
693	1	16	83.0238273773517	31.7485778797457	61.9258029541287	41.1353531115939	40	16	9
694	1	16	83.0238273773517	31.7485778797457	61.9258029541287	41.1353577899127	40	16	9
695	1	16	83.0238273773517	31.7485778797457	61.9258029541287	43.1278672530076	40	16	9
696	1	16	83.0238273773517	31.7485778797457	61.9258029541287	46.6364102793446	40	16	11
697	1	16	83.0238273773517	31.7485778797457	61.9258029541287	46.6364153812592	40	16	11
698	1	16	83.0238273773517	31.7485778797457	61.9258029541287	46.6364204685552	40	16	11
699	1	16	83.0238273773517	31.7485778797457	61.9258029541287	46.6364255412952	40	16	11
700	1	16	83.0238273773517	31.7485778797457	61.9258029541287	46.6364305995417	40	16	11
701	1	16	83.0238273773517	31.7485778797457	61.9258029541287	36.4773367650578	40	16	11
702	1	16	83.0238273773517	31.7485778797457	61.9258029541287	56.4554753520451	40	16	13
703	1	16	83.0238273773517	31.7485778797457	61.9258029541287	56.549980688992	40	16	13
704	1	16	83.0238273773517	31.7485778797457	61.9258029541287	49.1991868913089	40	16	13
705	1	16	83.0238273773517	31.7485778797457	61.9258029541287	51.4461774831344	40	16	13
706	1	16	83.0238273773517	31.7485778797457	61.9258029541287	56.4554989592217	40	16	13
707	1	16	83.0238273773517	31.7485778797457	61.9258029541287	61.9304407460932	40	16	16
708	1	16	83.0238273773517	31.7485778797457	61.9258029541287	61.9304479380957	40	16	16
709	1	16	83.0238273773517	31.7485778797457	61.9258029541287	61.9304551098105	40	16	16
710	1	16	83.0238273773517	31.7485778797457	61.9258029541287	61.9304622613232	40	16	16
