"Iteration #"	"Inertia"	"Number of features"	"CV best"	"Permuted CV best"	"Global best fitness"	"Current best fitness"	"Number of features in current best agent"	"Number of features in global best"	"Number of features in local best"
1	0.995	44	80.2545634983059	-Inf	10880.3732239539	10880.3732239539	24	44	44
2	0.99	44	80.5095566357765	-Inf	11394.0244351192	11394.0244351192	18	20	20
3	0.985	44	80.4114323873637	-Inf	11672.128908456	11672.128908456	23	29	29
4	0.98	44	79.0624423355801	-Inf	12399.3875995677	12399.3875995677	27	26	26
5	0.975	44	81.2830007891571	-Inf	14800.3253996918	14800.3253996918	27	30	30
6	0.97	44	81.2830007891571	-Inf	14800.3253996918	12884.7502365401	30	30	27
7	0.965	44	81.2830007891571	-Inf	14800.3253996918	14036.7386613361	27	30	29
8	0.96	44	81.2830007891571	-Inf	14800.3253996918	12516.179705523	30	30	29
9	0.955	44	81.2830007891571	-Inf	14800.3253996918	13333.0119933528	25	30	32
10	0.95	44	81.2830007891571	-Inf	14800.3253996918	13029.2177660606	28	30	25
11	0.945	44	81.2830007891571	-Inf	14800.3253996918	-1e+21	26	30	28
12	0.94	44	83.89407329469	-Inf	16287.568379285	16287.568379285	28	26	26
13	0.935	44	83.89407329469	-Inf	16287.568379285	13386.7680263568	30	26	28
14	0.93	44	83.89407329469	-Inf	16287.568379285	15840.6666753574	34	26	32
15	0.925	44	83.89407329469	-Inf	16287.568379285	12404.5548053599	26	26	26
16	0.92	44	83.89407329469	-Inf	16287.568379285	15550.0268794589	26	26	26
17	0.915	44	83.89407329469	-Inf	16287.568379285	14657.88430153	26	26	29
18	0.91	44	83.89407329469	-Inf	16287.568379285	-1e+21	29	26	22
19	0.905	44	83.89407329469	-Inf	16287.568379285	13614.2615834708	26	26	24
20	0.9	44	83.89407329469	-Inf	16287.568379285	13390.828710424	25	26	27
21	0.895	44	83.89407329469	-Inf	16287.568379285	12848.781046654	24	26	24
22	0.89	44	84.957418458841	-Inf	16624.3058897266	16624.3058897266	24	19	19
23	0.885	44	84.957418458841	-Inf	16624.3058897266	14496.6574024161	19	19	24
24	0.88	44	84.957418458841	-Inf	16624.3058897266	15325.5104153804	21	19	19
25	0.875	44	84.957418458841	-Inf	16624.3058897266	13168.1066337477	22	19	22
26	0.87	44	84.957418458841	-Inf	16624.3058897266	14306.3125131264	24	19	21
27	0.865	44	84.957418458841	-Inf	16624.3058897266	13450.8142433613	22	19	21
28	0.86	44	84.957418458841	-Inf	16624.3058897266	-1e+21	24	19	20
29	0.855	44	84.957418458841	-Inf	16624.3058897266	14365.5420250722	20	19	21
30	0.85	44	84.957418458841	-Inf	16624.3058897266	13686.8770469595	21	19	21
31	0.845	44	84.957418458841	-Inf	16624.3058897266	14970.3870531931	18	19	21
32	0.84	44	84.957418458841	-Inf	16624.3058897266	14585.6326346415	17	19	23
33	0.835	44	84.957418458841	-Inf	16624.3058897266	12527.3734415134	19	19	22
34	0.83	44	84.957418458841	-Inf	16624.3058897266	-1e+21	22	19	23
35	0.825	44	84.957418458841	-Inf	16624.3058897266	13871.3833505299	19	19	22
36	0.82	44	84.957418458841	-Inf	16624.3058897266	15492.4665647123	15	19	23
37	0.815	44	84.957418458841	-Inf	16624.3058897266	13458.1650638566	21	19	21
38	0.81	44	84.957418458841	-Inf	16624.3058897266	13691.9797208562	16	19	21
39	0.805	44	84.957418458841	-Inf	16624.3058897266	13541.2047948675	19	19	20
40	0.8	44	84.957418458841	-Inf	16624.3058897266	-1e+21	18	19	16
41	0.795	44	84.957418458841	-Inf	16624.3058897266	14646.035834116	22	19	24
42	0.79	44	84.957418458841	-Inf	16624.3058897266	13332.524175654	18	19	21
43	0.785	44	84.0630839121876	-Inf	17603.7253485261	17603.7253485261	19	18	18
44	0.78	44	84.0630839121876	-Inf	17603.7253485261	13235.2144049549	21	18	21
45	0.775	44	84.0630839121876	-Inf	17603.7253485261	13834.9293876832	16	18	20
46	0.77	44	84.0630839121876	-Inf	17603.7253485261	13187.6769818141	23	18	18
47	0.765	44	84.0630839121876	-Inf	17603.7253485261	14674.559761801	17	18	23
48	0.76	44	84.0630839121876	-Inf	17603.7253485261	15255.6652327877	18	18	25
49	0.755	44	84.0630839121876	-Inf	17603.7253485261	-1e+21	21	18	24
50	0.75	44	84.0630839121876	-Inf	17603.7253485261	14537.2820449792	20	18	23
51	0.745	44	84.0630839121876	-Inf	17603.7253485261	14536.9697010861	27	18	20
52	0.74	44	84.0630839121876	-Inf	17603.7253485261	13339.9239345229	19	18	18
53	0.735	44	84.0630839121876	-Inf	17603.7253485261	14784.0320848549	20	18	23
54	0.73	44	84.0630839121876	-Inf	17603.7253485261	13628.2975659721	23	18	24
55	0.725	44	84.0630839121876	-Inf	17603.7253485261	-1e+21	21	18	17
56	0.72	44	84.0630839121876	-Inf	17603.7253485261	13283.4199936882	21	18	16
57	0.715	44	84.0630839121876	-Inf	17603.7253485261	13930.2977114243	16	18	21
58	0.71	44	84.0630839121876	-Inf	17603.7253485261	14251.1932532195	19	18	17
59	0.705	44	84.0630839121876	-Inf	17603.7253485261	15580.9335909326	18	18	27
60	0.7	44	84.0630839121876	-Inf	17603.7253485261	12950.68408418	21	18	22
61	0.695	44	84.0630839121876	-Inf	17603.7253485261	-1e+21	16	18	22
62	0.69	44	84.0630839121876	-Inf	17603.7253485261	12913.9706151011	21	18	18
63	0.685	44	84.0630839121876	-Inf	17603.7253485261	11255.0411509676	24	18	21
64	0.68	44	84.0630839121876	-Inf	17603.7253485261	13147.6147905631	21	18	20
65	0.675	44	84.0630839121876	-Inf	17603.7253485261	12735.4684051846	15	18	24
66	0.67	44	84.0630839121876	-Inf	17603.7253485261	15038.4682297423	20	18	24
67	0.665	44	84.0630839121876	-Inf	17603.7253485261	-1e+21	18	18	22
68	0.66	44	84.0630839121876	-Inf	17603.7253485261	14767.3158316224	16	18	19
69	0.655	44	84.0630839121876	-Inf	17603.7253485261	14232.797652565	20	18	19
70	0.65	44	84.0630839121876	-Inf	17603.7253485261	13767.3136124438	19	18	21
71	0.645	44	84.0630839121876	-Inf	17603.7253485261	16058.2674413563	23	18	16
72	0.64	44	84.0630839121876	-Inf	17603.7253485261	14033.4596923551	19	18	19
73	0.635	44	84.0630839121876	-Inf	17603.7253485261	-1e+21	14	18	20
74	0.63	44	84.0630839121876	-Inf	17603.7253485261	11751.9679039855	22	18	24
75	0.625	44	84.0630839121876	-Inf	17603.7253485261	13140.5259904352	22	18	22
76	0.62	44	84.0630839121876	-Inf	17603.7253485261	13494.2229823474	20	18	21
77	0.615	44	84.0630839121876	-Inf	17603.7253485261	15046.675146761	24	18	18
78	0.61	44	84.0630839121876	-Inf	17603.7253485261	14625.3228712394	21	18	18
79	0.605	44	84.0630839121876	-Inf	17603.7253485261	-1e+21	24	18	19
80	0.6	44	84.0630839121876	-Inf	17603.7253485261	13492.753513969	19	18	20
81	0.595	44	84.0630839121876	-Inf	17603.7253485261	12946.7316838145	16	18	23
82	0.59	44	84.0630839121876	-Inf	17603.7253485261	14374.3179399309	19	18	23
83	0.585	44	84.0630839121876	-Inf	17603.7253485261	12679.3196340407	21	18	16
84	0.58	44	84.0630839121876	-Inf	17603.7253485261	14675.4282072461	17	18	20
85	0.575	44	84.0630839121876	-Inf	17603.7253485261	-1e+21	25	18	20
86	0.57	44	84.0630839121876	-Inf	17603.7253485261	12996.5209828063	24	18	24
87	0.565	44	84.0630839121876	-Inf	17603.7253485261	12979.4038871877	20	18	21
88	0.56	44	84.0630839121876	-Inf	17603.7253485261	12866.7854223781	22	18	14
89	0.555	44	84.0630839121876	-Inf	17603.7253485261	13570.2811959837	20	18	24
90	0.55	44	84.0630839121876	-Inf	17603.7253485261	12452.3604272014	17	18	23
91	0.545	44	84.0630839121876	-Inf	17603.7253485261	-1e+21	14	18	14
92	0.54	44	84.0630839121876	-Inf	17603.7253485261	12325.075187429	22	18	20
93	0.535	44	84.0630839121876	-Inf	17603.7253485261	14906.5019232749	16	18	21
94	0.53	44	84.0630839121876	-Inf	17603.7253485261	13957.7690740641	24	18	24
95	0.525	44	84.0630839121876	-Inf	17603.7253485261	16552.5663677554	16	18	17
96	0.52	44	84.0630839121876	-Inf	17603.7253485261	13145.6214672763	31	18	24
97	0.515	44	84.0630839121876	-Inf	17603.7253485261	-1e+21	15	18	17
98	0.51	44	84.0630839121876	-Inf	17603.7253485261	12855.3517728827	22	18	22
99	0.505	44	84.0630839121876	-Inf	17603.7253485261	14497.6308292589	24	18	20
100	0.5	44	84.0630839121876	-Inf	17603.7253485261	13830.6597049416	23	18	19
101	0.495	44	84.0630839121876	-Inf	17603.7253485261	14229.7991272927	22	18	20
102	0.49	44	84.0630839121876	-Inf	17603.7253485261	13289.9048788323	23	18	19
103	0.485	44	84.0630839121876	-Inf	17603.7253485261	-1e+21	20	18	20
104	0.48	44	84.0630839121876	-Inf	17603.7253485261	13421.2022918694	24	18	24
105	0.475	44	84.0630839121876	-Inf	17603.7253485261	14796.0187253359	24	18	20
106	0.47	44	84.0630839121876	-Inf	17603.7253485261	13312.9899031175	18	18	22
107	0.465	44	84.0630839121876	-Inf	17603.7253485261	13111.9942045952	22	18	14
108	0.46	44	84.0630839121876	-Inf	17603.7253485261	14140.2341914922	26	18	16
109	0.455	44	84.0630839121876	-Inf	17603.7253485261	-1e+21	22	18	22
110	0.45	44	84.0630839121876	-Inf	17603.7253485261	13290.9143839634	16	18	19
111	0.445	44	84.0630839121876	-Inf	17603.7253485261	12468.9154370696	23	18	24
112	0.44	44	84.0630839121876	-Inf	17603.7253485261	13385.8293597239	23	18	24
113	0.435	44	84.0630839121876	-Inf	17603.7253485261	12606.8834572601	21	18	28
114	0.43	44	84.0630839121876	-Inf	17603.7253485261	14355.2219719842	16	18	19
115	0.425	44	84.0630839121876	-Inf	17603.7253485261	-1e+21	21	18	23
116	0.42	44	84.0630839121876	-Inf	17603.7253485261	12682.5364009343	23	18	19
117	0.415	44	84.0630839121876	-Inf	17603.7253485261	13126.3572101314	19	18	23
118	0.41	44	84.0630839121876	-Inf	17603.7253485261	14063.6539802666	18	18	17
119	0.405	44	84.0630839121876	-Inf	17603.7253485261	14810.3801048845	20	18	24
120	0.4	44	84.0630839121876	-Inf	17603.7253485261	11348.5163907092	24	18	14
121	0.395	44	84.0630839121876	-Inf	17603.7253485261	-1e+21	25	18	18
122	0.39	44	84.0630839121876	-Inf	17603.7253485261	12382.3379901846	23	18	21
123	0.385	44	84.0630839121876	-Inf	17603.7253485261	12781.8472220081	19	18	15
124	0.38	44	84.0630839121876	-Inf	17603.7253485261	12602.7469347709	22	18	22
125	0.375	44	84.0630839121876	-Inf	17603.7253485261	13636.5895239341	15	18	20
126	0.37	44	84.0630839121876	-Inf	17603.7253485261	12228.4833426343	26	18	21
127	0.365	44	84.0630839121876	-Inf	17603.7253485261	-1e+21	17	18	21
128	0.36	44	84.0630839121876	-Inf	17603.7253485261	12115.8854602158	19	18	22
129	0.355	44	84.0630839121876	-Inf	17603.7253485261	14984.812172631	19	18	22
130	0.35	44	84.0630839121876	-Inf	17603.7253485261	12939.8988634315	22	18	17
131	0.345	44	84.0630839121876	-Inf	17603.7253485261	14129.7096333393	28	18	24
132	0.34	44	84.0630839121876	-Inf	17603.7253485261	13518.9942819905	22	18	20
133	0.335	44	84.0630839121876	-Inf	17603.7253485261	-1e+21	21	18	24
134	0.33	44	84.0630839121876	-Inf	17603.7253485261	12070.6785210968	19	18	21
135	0.325	44	84.0630839121876	-Inf	17603.7253485261	13018.0553466981	19	18	17
136	0.32	44	84.0630839121876	-Inf	17603.7253485261	11618.9111123871	19	18	25
137	0.315	44	84.0630839121876	-Inf	17603.7253485261	11589.7708267841	16	18	22
138	0.31	44	84.0630839121876	-Inf	17603.7253485261	12663.1880464863	19	18	28
139	0.305	44	84.0630839121876	-Inf	17603.7253485261	-1e+21	21	18	19
140	0.3	44	84.0630839121876	-Inf	17603.7253485261	14657.3651880736	26	18	25
141	0.295	44	84.0630839121876	-Inf	17603.7253485261	12494.8336704063	25	18	21
142	0.29	44	84.0630839121876	-Inf	17603.7253485261	14010.4362922353	21	18	19
143	0.285	44	84.0630839121876	-Inf	17603.7253485261	12556.5069022344	24	18	22
144	0.28	44	84.0630839121876	-Inf	17603.7253485261	12525.897459603	20	18	23
145	0.275	44	84.0630839121876	-Inf	17603.7253485261	-1e+21	22	18	26
146	0.27	44	84.0630839121876	-Inf	17603.7253485261	13778.5986365751	24	18	15
147	0.265	44	84.0630839121876	-Inf	17603.7253485261	13403.4696645035	26	18	23
148	0.26	44	84.0630839121876	-Inf	17603.7253485261	14127.8446951932	24	18	20
149	0.255	44	84.0630839121876	-Inf	17603.7253485261	13792.2716813188	23	18	15
150	0.25	44	84.0630839121876	-Inf	17603.7253485261	11449.0009662339	19	18	24
151	0.245	44	84.0630839121876	-Inf	17603.7253485261	-1e+21	22	18	23
152	0.24	44	84.0630839121876	-Inf	17603.7253485261	13001.6685136017	23	18	21
153	0.235	44	84.0630839121876	-Inf	17603.7253485261	13793.468419146	16	18	16
154	0.23	44	84.0630839121876	-Inf	17603.7253485261	12154.9056796339	21	18	19
155	0.225	44	84.0630839121876	-Inf	17603.7253485261	14136.8047181858	24	18	19
156	0.22	44	84.0630839121876	-Inf	17603.7253485261	11803.9398567763	19	18	18
157	0.215	44	84.0630839121876	-Inf	17603.7253485261	-1e+21	21	18	18
158	0.21	44	84.0630839121876	-Inf	17603.7253485261	12388.9914921175	25	18	20
159	0.205	44	84.0630839121876	-Inf	17603.7253485261	13737.4330519072	23	18	23
160	0.2	44	84.0630839121876	-Inf	17603.7253485261	10609.4273502265	21	18	21
161	0.195	44	84.0630839121876	-Inf	17603.7253485261	12221.6342888337	20	18	24
162	0.19	44	84.0630839121876	-Inf	17603.7253485261	15920.3367645444	24	18	20
163	0.185	44	84.0630839121876	-Inf	17603.7253485261	-1e+21	19	18	21
164	0.18	44	84.0630839121876	-Inf	17603.7253485261	11654.3515405814	20	18	19
165	0.175	44	84.0630839121876	-Inf	17603.7253485261	15080.575685713	28	18	18
166	0.17	44	84.0630839121876	-Inf	17603.7253485261	12115.1480717596	17	18	20
167	0.165	44	84.0630839121876	-Inf	17603.7253485261	13292.8253219908	26	18	19
168	0.16	44	84.0630839121876	-Inf	17603.7253485261	12184.1035458564	27	18	17
169	0.155	44	84.0630839121876	-Inf	17603.7253485261	-1e+21	18	18	18
170	0.15	44	84.0630839121876	-Inf	17603.7253485261	12489.662436628	20	18	23
171	0.145	44	84.0630839121876	-Inf	17603.7253485261	12857.2993244426	23	18	19
172	0.14	44	84.0630839121876	-Inf	17603.7253485261	13167.3088468777	23	18	22
173	0.135	44	84.0630839121876	-Inf	17603.7253485261	12522.1362688994	16	18	23
174	0.13	44	84.0630839121876	-Inf	17603.7253485261	13041.8474227455	22	18	21
175	0.125	44	84.0630839121876	-Inf	17603.7253485261	-1e+21	22	18	22
176	0.12	44	84.0630839121876	-Inf	17603.7253485261	12094.2164762822	20	18	29
177	0.115	44	84.0630839121876	-Inf	17603.7253485261	13092.7998150336	16	18	19
178	0.11	44	84.0630839121876	-Inf	17603.7253485261	13176.695601754	21	18	22
179	0.105	44	84.0630839121876	-Inf	17603.7253485261	12326.698289465	24	18	22
180	0.1	44	84.0630839121876	-Inf	17603.7253485261	11904.9501677413	21	18	27
181	0.095	44	84.0630839121876	-Inf	17603.7253485261	-1e+21	24	18	22
182	0.0900000000000001	44	84.0630839121876	-Inf	17603.7253485261	12929.3150570429	15	18	19
183	0.085	44	84.0630839121876	-Inf	17603.7253485261	14666.2908928153	25	18	24
184	0.0800000000000001	44	84.0630839121876	-Inf	17603.7253485261	11738.7831418503	20	18	26
185	0.075	44	84.0630839121876	-Inf	17603.7253485261	14872.8958624626	18	18	19
186	0.0700000000000001	44	84.0630839121876	-Inf	17603.7253485261	13898.1709581657	19	18	26
187	0.0649999999999999	44	84.0630839121876	-Inf	17603.7253485261	-1e+21	15	18	21
188	0.0600000000000001	44	84.0630839121876	-Inf	17603.7253485261	11802.4243142401	15	18	21
189	0.0549999999999999	44	84.0630839121876	-Inf	17603.7253485261	14725.5431788046	13	18	22
190	0.05	44	84.0630839121876	-Inf	17603.7253485261	12701.4515759854	24	18	20
191	0.0449999999999999	44	84.0630839121876	-Inf	17603.7253485261	13041.2144528709	17	18	22
192	0.04	44	84.0630839121876	-Inf	17603.7253485261	13896.6230190564	22	18	22
193	0.0349999999999999	44	84.0630839121876	-Inf	17603.7253485261	-1e+21	27	18	22
194	0.03	44	84.0630839121876	-Inf	17603.7253485261	13319.6423334753	23	18	15
195	0.0249999999999999	44	84.0630839121876	-Inf	17603.7253485261	11831.0880494477	18	18	18
196	0.02	44	84.0630839121876	-Inf	17603.7253485261	13555.0142891377	26	18	19
197	0.0149999999999999	44	84.0630839121876	-Inf	17603.7253485261	15620.8875042158	22	18	19
198	0.01	44	84.0630839121876	-Inf	17603.7253485261	13283.2122458688	19	18	20
199	0.00499999999999989	44	84.0630839121876	-Inf	17603.7253485261	-1e+21	22	18	23
200	0	44	84.0630839121876	-Inf	17603.7253485261	12595.4752239345	19	18	28
201	-0.005	44	84.0630839121876	-Inf	17603.7253485261	14031.1150816059	21	18	22
202	-0.01	44	84.0630839121876	-Inf	17603.7253485261	10901.9858774283	22	18	27
203	-0.015	44	84.0630839121876	-Inf	17603.7253485261	12651.6782504725	24	18	25
204	-0.02	44	84.0630839121876	-Inf	17603.7253485261	12186.8934794967	25	18	16
205	-0.025	44	84.0630839121876	-Inf	17603.7253485261	-1e+21	19	18	19
206	-0.03	44	84.0630839121876	-Inf	17603.7253485261	13376.0218657443	19	18	22
207	-0.035	44	84.0630839121876	-Inf	17603.7253485261	12122.4211360355	20	18	25
208	-0.04	44	84.0630839121876	-Inf	17603.7253485261	15405.805688581	21	18	22
209	-0.045	44	84.0630839121876	-Inf	17603.7253485261	12445.7695917991	23	18	23
210	-0.05	44	84.0630839121876	-Inf	17603.7253485261	13298.7443757109	22	18	14
211	-0.055	44	84.0630839121876	-Inf	17603.7253485261	-1e+21	17	18	28
212	-0.0600000000000001	44	84.0630839121876	-Inf	17603.7253485261	14784.0197779561	21	18	18
213	-0.0649999999999999	44	84.0630839121876	-Inf	17603.7253485261	12356.3591974994	18	18	17
214	-0.07	44	84.0630839121876	-Inf	17603.7253485261	13030.2606408498	16	18	25
215	-0.075	44	84.0630839121876	-Inf	17603.7253485261	13673.1454781361	24	18	23
216	-0.08	44	84.0630839121876	-Inf	17603.7253485261	13338.8904889368	21	18	22
217	-0.085	44	84.0630839121876	-Inf	17603.7253485261	-1e+21	20	18	24
218	-0.09	44	84.0630839121876	-Inf	17603.7253485261	11957.7069448356	13	18	20
219	-0.095	44	84.0630839121876	-Inf	17603.7253485261	12464.3334769154	19	18	22
220	-0.1	44	84.0630839121876	-Inf	17603.7253485261	11985.7403620788	23	18	24
221	-0.105	44	84.0630839121876	-Inf	17603.7253485261	14074.7674013964	19	18	19
222	-0.11	44	84.0630839121876	-Inf	17603.7253485261	11696.1410311443	22	18	24
223	-0.115	44	84.0630839121876	-Inf	17603.7253485261	-1e+21	20	18	21
224	-0.12	44	84.0630839121876	-Inf	17603.7253485261	13609.9760782109	18	18	18
225	-0.125	44	84.0630839121876	-Inf	17603.7253485261	11943.7521816724	22	18	18
226	-0.13	44	84.0630839121876	-Inf	17603.7253485261	12437.0992769184	27	18	21
227	-0.135	44	84.0630839121876	-Inf	17603.7253485261	13649.4920322384	20	18	22
228	-0.14	44	84.0630839121876	-Inf	17603.7253485261	11892.977179213	18	18	20
