"Iteration #"	"Inertia"	"Number of features"	"CV best"	"Permuted CV best"	"Global best fitness"	"Current best fitness"	"Number of features in current best agent"	"Number of features in global best"	"Number of features in local best"
1	1	6	87.7784232930709	32.9789033340468	66.304140691526	66.304140691526	1	6	120
2	1	6	87.7784232930709	32.9789033340468	66.304140691526	60.2508871392124	5	6	6
3	1	6	87.7784232930709	32.9789033340468	66.304140691526	66.304140691526	6	6	18
4	1	6	87.7784232930709	32.9789033340468	66.304140691526	66.304140691526	6	6	42
5	1	6	87.7784232930709	32.9789033340468	66.304140691526	66.304140691526	5	6	54
6	1	6	87.7784232930709	32.9789033340468	66.304140691526	66.304140691526	6	6	12
7	1	6	87.7784232930709	32.9789033340468	66.304140691526	66.304140691526	6	6	54
8	1	6	87.7784232930709	32.9789033340468	66.304140691526	66.304140691526	6	6	78
9	1	6	87.7784232930709	32.9789033340468	66.304140691526	66.304140691526	6	6	78
10	1	6	87.7784232930709	32.9789033340468	66.304140691526	66.304140691526	6	6	90
11	1	6	87.7784232930709	32.9789033340468	66.304140691526	66.304140691526	6	6	60
12	1	6	87.7784232930709	32.9789033340468	66.304140691526	66.304140691526	6	6	66
13	1	6	87.7784232930709	32.9789033340468	66.304140691526	66.304140691526	6	6	66
14	1	6	87.7784232930709	32.9789033340468	66.304140691526	66.304140691526	6	6	72
15	1	6	87.7784232930709	32.9789033340468	66.304140691526	66.304140691526	6	6	72
16	1	6	87.7784232930709	32.9789033340468	66.304140691526	66.304140691526	6	6	72
17	1	6	87.7784232930709	32.9789033340468	66.304140691526	66.304140691526	6	6	72
18	1	6	87.7784232930709	32.9789033340468	66.304140691526	66.304140691526	6	6	72
19	1	6	87.7784232930709	32.9789033340468	66.304140691526	66.304140691526	6	6	72
20	1	6	87.7784232930709	32.9789033340468	66.304140691526	66.304140691526	6	6	72
21	1	6	87.7784232930709	32.9789033340468	66.304140691526	66.304140691526	6	6	72
22	1	6	87.7784232930709	32.9789033340468	66.304140691526	66.304140691526	6	6	72
23	1	6	87.7784232930709	32.9789033340468	66.304140691526	66.304140691526	6	6	72
24	1	6	87.7784232930709	32.9789033340468	66.304140691526	66.304140691526	6	6	72
25	1	6	87.7784232930709	32.9789033340468	66.304140691526	66.304140691526	6	6	72
26	1	6	87.7784232930709	32.9789033340468	66.304140691526	66.304140691526	6	6	72
27	1	6	87.7784232930709	32.9789033340468	66.304140691526	66.304140691526	6	6	72
28	1	6	87.7784232930709	32.9789033340468	66.304140691526	66.304140691526	6	6	72
29	1	6	87.7784232930709	32.9789033340468	66.304140691526	66.304140691526	6	6	72
30	1	6	87.7784232930709	32.9789033340468	66.304140691526	66.304140691526	6	6	72
31	1	6	87.7784232930709	32.9789033340468	66.304140691526	66.304140691526	6	6	72
32	1	6	87.7784232930709	32.9789033340468	66.304140691526	66.304140691526	6	6	72
33	1	6	87.7784232930709	32.9789033340468	66.304140691526	66.304140691526	6	6	72
34	1	6	87.7784232930709	32.9789033340468	66.304140691526	66.304140691526	6	6	72
35	1	6	87.7784232930709	32.9789033340468	66.304140691526	66.304140691526	6	6	72
36	1	6	87.7784232930709	32.9789033340468	66.304140691526	66.304140691526	6	6	72
37	1	6	87.7784232930709	32.9789033340468	66.304140691526	66.304140691526	6	6	72
38	1	6	87.7784232930709	32.9789033340468	66.304140691526	66.304140691526	6	6	72
39	1	6	87.7784232930709	32.9789033340468	66.304140691526	66.304140691526	6	6	72
40	1	6	87.7784232930709	32.9789033340468	66.304140691526	66.304140691526	6	6	72
41	1	6	87.7784232930709	32.9789033340468	66.304140691526	66.304140691526	6	6	72
42	1	6	87.7784232930709	32.9789033340468	66.304140691526	66.304140691526	6	6	72
43	1	6	87.7784232930709	32.9789033340468	66.304140691526	66.304140691526	6	6	72
44	1	6	87.7784232930709	32.9789033340468	66.304140691526	66.304140691526	6	6	72
45	1	6	87.7784232930709	32.9789033340468	66.304140691526	66.304140691526	6	6	72
46	1	6	87.7784232930709	32.9789033340468	66.304140691526	66.304140691526	6	6	72
47	1	6	87.7784232930709	32.9789033340468	66.304140691526	66.304140691526	6	6	72
48	1	6	87.7784232930709	32.9789033340468	66.304140691526	66.304140691526	6	6	72
49	1	6	87.7784232930709	32.9789033340468	66.304140691526	66.304140691526	6	6	72
50	1	6	87.7784232930709	32.9789033340468	66.304140691526	66.304140691526	6	6	72
51	1	6	87.7784232930709	32.9789033340468	66.304140691526	66.304140691526	6	6	72
52	1	6	87.7784232930709	32.9789033340468	66.304140691526	66.304140691526	6	6	72
53	1	6	87.7784232930709	32.9789033340468	66.304140691526	66.304140691526	6	6	72
54	1	6	87.7784232930709	32.9789033340468	66.304140691526	66.304140691526	6	6	72
55	1	6	87.7784232930709	32.9789033340468	66.304140691526	66.304140691526	6	6	72
56	1	6	87.7784232930709	32.9789033340468	66.304140691526	66.304140691526	6	6	72
57	1	6	87.7784232930709	32.9789033340468	66.304140691526	66.304140691526	6	6	72
58	1	6	87.7784232930709	32.9789033340468	66.304140691526	66.304140691526	6	6	72
59	1	6	87.7784232930709	32.9789033340468	66.304140691526	66.304140691526	6	6	72
60	1	6	87.7784232930709	32.9789033340468	66.304140691526	66.304140691526	6	6	72
61	1	6	87.7784232930709	32.9789033340468	66.304140691526	66.304140691526	6	6	72
62	1	6	87.7784232930709	32.9789033340468	66.304140691526	66.304140691526	6	6	72
63	1	6	87.7784232930709	32.9789033340468	66.304140691526	66.304140691526	6	6	72
64	1	6	87.7784232930709	32.9789033340468	66.304140691526	66.304140691526	6	6	72
65	1	6	87.7784232930709	32.9789033340468	66.304140691526	66.304140691526	6	6	72
66	1	6	87.7784232930709	32.9789033340468	66.304140691526	66.304140691526	6	6	72
