"Iteration #"	"Inertia"	"Number of features"	"CV best"	"Permuted CV best"	"Global best fitness"	"Current best fitness"	"Number of features in current best agent"	"Number of features in global best"	"Number of features in local best"
1	1	38	93.6679724197345	63.4715164200746	47.0643351046785	47.0643351046785	23	38	760
2	1	12	96.2297518270014	57.3024717220454	54.2528980354674	54.2528980354674	18	18	36
3	1	12	96.2297518270014	57.3024717220454	54.2528980354674	54.2528980354674	18	18	54
4	1	12	96.2297518270014	57.3024717220454	54.2528980354674	54.2528980354674	18	18	54
5	1	12	96.2297518270014	57.3024717220454	54.2528980354674	54.2528980354674	18	18	54
6	1	12	96.2297518270014	57.3024717220454	54.2528980354674	54.2528980354674	18	18	36
7	1	18	96.2297518270014	53.9754733547315	56.7481468109528	56.7481468109528	16	19	19
8	1	18	96.2297518270014	53.9754733547315	56.7481468109528	55.1648406249575	23	19	23
9	1	17	96.2297518270014	51.2955840057712	58.758063822673	58.758063822673	19	19	19
10	1	17	96.2297518270014	51.2955840057712	58.758063822673	58.758063822673	22	19	19
11	1	17	96.2297518270014	51.2955840057712	58.758063822673	56.9816419270304	20	19	19
12	1	17	96.2297518270014	51.2955840057712	58.758063822673	58.2709407039871	23	19	19
13	1	24	96.2297518270014	49.6357261543308	60.0029572112533	60.0029572112533	23	23	23
14	1	31	96.2297518270014	47.4292380042385	61.6578233238225	61.6578233238225	26	26	26
15	1	31	96.2297518270014	47.4292380042385	61.6578233238225	61.6578233238225	16	26	26
16	1	31	96.2297518270014	47.4292380042385	61.6578233238225	59.5195703345745	23	26	23
17	1	31	96.2297518270014	47.4292380042385	61.6578233238225	61.1699865945552	23	26	23
18	1	31	96.2297518270014	47.4292380042385	61.6578233238225	59.2696793148765	13	26	12
19	1	31	96.2297518270014	47.4292380042385	61.6578233238225	59.7885933810761	22	26	23
20	1	31	96.2297518270014	47.4292380042385	61.6578233238225	61.2030944754242	26	26	22
21	1	31	96.2297518270014	47.4292380042385	61.6578233238225	56.9944620444156	23	26	23
22	1	31	96.2297518270014	47.4292380042385	61.6578233238225	60.2115184164265	20	26	21
23	1	31	96.2297518270014	47.4292380042385	61.6578233238225	59.8536950831074	22	26	21
24	1	31	96.2297518270014	47.4292380042385	61.6578233238225	59.7406391290358	22	26	22
25	1	31	96.2297518270014	47.4292380042385	61.6578233238225	61.4827616106241	26	26	27
26	1	31	96.2297518270014	47.4292380042385	61.6578233238225	61.2030944754242	22	26	22
27	1	31	96.2297518270014	47.4292380042385	61.6578233238225	61.2030944754242	22	26	22
28	1	31	96.2297518270014	47.4292380042385	61.6578233238225	61.2030944754242	24	26	22
29	1	31	96.2297518270014	47.4292380042385	61.6578233238225	61.116846087552	12	26	12
30	1	31	96.2297518270014	47.4292380042385	61.6578233238225	61.6578233238225	26	26	26
31	1	31	96.2297518270014	47.4292380042385	61.6578233238225	61.6578233238225	26	26	26
32	1	31	96.2297518270014	47.4292380042385	61.6578233238225	61.6578233238225	26	26	26
33	1	31	96.2297518270014	47.4292380042385	61.6578233238225	61.6578233238225	26	26	26
34	1	31	96.2297518270014	47.4292380042385	61.6578233238225	61.6578233238225	26	26	26
35	1	31	96.2297518270014	47.4292380042385	61.6578233238225	61.6578233238225	24	26	26
36	1	31	96.2297518270014	47.4292380042385	61.6578233238225	61.4827616106241	27	26	27
37	1	31	96.2297518270014	47.4292380042385	61.6578233238225	61.4827616106241	27	26	27
38	1	14	96.2297518270014	46.7301680559393	62.182125785047	62.182125785047	20	19	19
39	1	14	96.2297518270014	46.7301680559393	62.182125785047	61.8900822667977	12	19	12
40	1	14	96.2297518270014	46.7301680559393	62.182125785047	62.182125785047	18	19	19
41	1	14	96.2297518270014	46.7301680559393	62.182125785047	58.4334282859678	13	19	13
42	1	14	96.2297518270014	46.7301680559393	62.182125785047	58.4334282859678	14	19	13
43	1	14	96.2297518270014	46.7301680559393	62.182125785047	61.6578233238225	22	19	52
44	1	14	96.2297518270014	46.7301680559393	62.182125785047	61.8900822667977	12	19	12
45	1	14	96.2297518270014	46.7301680559393	62.182125785047	61.8900822667977	16	19	12
46	1	14	96.2297518270014	46.7301680559393	62.182125785047	60.4320754501158	19	19	22
47	1	14	96.2297518270014	46.7301680559393	62.182125785047	61.6578233238225	26	19	26
48	1	14	96.2297518270014	46.7301680559393	62.182125785047	62.182125785047	19	19	19
49	1	14	96.2297518270014	46.7301680559393	62.182125785047	62.182125785047	17	19	19
50	1	14	96.2297518270014	46.7301680559393	62.182125785047	61.1550006313892	11	19	11
51	1	14	96.2297518270014	46.7301680559393	62.182125785047	61.1550006313892	11	19	11
52	1	14	96.2297518270014	46.7301680559393	62.182125785047	61.6578233238225	26	19	26
53	1	14	96.2297518270014	46.7301680559393	62.182125785047	61.8900822667977	11	19	12
54	1	14	96.2297518270014	46.7301680559393	62.182125785047	61.6578233238225	26	19	26
55	1	14	96.2297518270014	46.7301680559393	62.182125785047	61.8900822667977	12	19	12
56	1	14	96.2297518270014	46.7301680559393	62.182125785047	60.5923568629347	25	19	24
57	1	14	96.2297518270014	46.7301680559393	62.182125785047	61.1550006313892	9	19	11
58	1	14	96.2297518270014	46.7301680559393	62.182125785047	60.7576304765902	13	19	19
59	1	14	96.2297518270014	46.7301680559393	62.182125785047	60.5923568629347	25	19	24
60	1	14	96.2297518270014	46.7301680559393	62.182125785047	60.5923568629347	24	19	50
61	1	14	96.2297518270014	46.7301680559393	62.182125785047	60.0734857113226	24	19	24
62	1	14	96.2297518270014	46.7301680559393	62.182125785047	61.115474879162	19	19	20
63	1	14	96.2297518270014	46.7301680559393	62.182125785047	62.182125785047	19	19	19
64	1	14	96.2297518270014	46.7301680559393	62.182125785047	62.182125785047	19	19	19
65	1	14	96.2297518270014	46.7301680559393	62.182125785047	62.182125785047	16	19	19
66	1	14	96.2297518270014	46.7301680559393	62.182125785047	60.5923568629347	25	19	25
67	1	14	96.2297518270014	46.7301680559393	62.182125785047	60.5923568629347	25	19	25
68	1	14	96.2297518270014	46.7301680559393	62.182125785047	60.5923568629347	25	19	25
69	1	14	96.2297518270014	46.7301680559393	62.182125785047	60.5923568629347	25	19	25
70	1	14	96.2297518270014	46.7301680559393	62.182125785047	61.1550006313892	10	19	11
