"Iteration #"	"Inertia"	"Number of features"	"CV best"	"Permuted CV best"	"Global best fitness"	"Current best fitness"	"Number of features in current best agent"	"Number of features in global best"	"Number of features in local best"
1	1	20	80.6637076668152	45.8019991750134	114.934146292417	114.934146292417	9	20	20
2	1	10	78.8967066387192	46.3406888823771	202.22844210107	202.22844210107	5	10	10
3	1	10	78.8967066387192	46.3406888823771	202.22844210107	196.666189234714	5	10	7
4	1	10	84.4176046406901	48.0508226480993	224.042712283299	224.042712283299	3	9	9
5	1	10	84.4176046406901	48.0508226480993	224.042712283299	201.927798068577	12	9	9
6	1	10	84.4176046406901	48.0508226480993	224.042712283299	208.957996773783	10	9	9
7	1	10	84.4176046406901	48.0508226480993	224.042712283299	208.921499885648	10	9	10
8	1	10	84.4176046406901	48.0508226480993	224.042712283299	222.294290270725	12	9	10
9	1	7	85.2647714018457	48.0635438861917	228.638523279192	228.638523279192	8	6	6
10	1	7	85.2647714018457	48.0635438861917	228.638523279192	190.264791762665	6	6	8
11	1	7	85.2647714018457	48.0635438861917	228.638523279192	223.723806503365	8	6	4
12	1	8	85.1953746327269	39.7715838919696	269.71664102015	269.71664102015	6	7	7
13	1	8	85.1953746327269	39.7715838919696	269.71664102015	206.568693022961	5	7	9
14	1	8	85.1953746327269	39.7715838919696	269.71664102015	226.975482000648	7	7	6
15	1	8	85.1953746327269	39.7715838919696	269.71664102015	240.235352192219	9	7	7
16	1	8	85.1953746327269	39.7715838919696	269.71664102015	196.364311791236	7	7	7
17	1	8	85.1953746327269	39.7715838919696	269.71664102015	208.750286222344	8	7	9
18	1	8	85.1953746327269	39.7715838919696	269.71664102015	197.349786231938	6	7	8
19	1	8	85.1953746327269	39.7715838919696	269.71664102015	215.606735022929	7	7	9
20	1	8	85.1953746327269	39.7715838919696	269.71664102015	232.058719129088	10	7	10
21	1	8	85.1953746327269	39.7715838919696	269.71664102015	235.168163201405	7	7	9
22	1	8	85.1953746327269	39.7715838919696	269.71664102015	230.691786957713	7	7	7
23	1	8	85.1953746327269	39.7715838919696	269.71664102015	226.948702452825	6	7	8
24	1	8	85.1953746327269	39.7715838919696	269.71664102015	212.123097911313	7	7	6
25	1	8	85.1953746327269	39.7715838919696	269.71664102015	222.02346446444	7	7	7
26	1	8	85.1953746327269	39.7715838919696	269.71664102015	224.187068953864	7	7	7
27	1	8	85.1953746327269	39.7715838919696	269.71664102015	231.366600031415	7	7	7
28	1	8	85.1953746327269	39.7715838919696	269.71664102015	225.513789266523	7	7	6
29	1	8	85.1953746327269	39.7715838919696	269.71664102015	232.128877611625	10	7	7
30	1	8	85.1953746327269	39.7715838919696	269.71664102015	222.443935673547	7	7	5
31	1	8	85.1953746327269	39.7715838919696	269.71664102015	239.660364603952	8	7	6
32	1	8	85.1953746327269	39.7715838919696	269.71664102015	232.760995855909	8	7	7
33	1	8	85.1953746327269	39.7715838919696	269.71664102015	208.094507881537	7	7	7
34	1	8	85.1953746327269	39.7715838919696	269.71664102015	241.943154374489	8	7	7
35	1	8	85.1953746327269	39.7715838919696	269.71664102015	238.793926151986	7	7	7
36	1	8	85.1953746327269	39.7715838919696	269.71664102015	234.053718562064	7	7	7
37	1	8	85.1953746327269	39.7715838919696	269.71664102015	225.722088304211	8	7	7
38	1	8	85.1953746327269	39.7715838919696	269.71664102015	220.662409145975	7	7	7
39	1	8	85.1953746327269	39.7715838919696	269.71664102015	228.502610070871	7	7	6
40	1	8	85.1953746327269	39.7715838919696	269.71664102015	222.033286459546	7	7	6
41	1	8	85.1953746327269	39.7715838919696	269.71664102015	213.256962572056	7	7	7
42	1	8	85.1953746327269	39.7715838919696	269.71664102015	219.205682972277	7	7	7
43	1	8	85.1953746327269	39.7715838919696	269.71664102015	226.125048697288	7	7	7
44	1	8	85.1953746327269	39.7715838919696	269.71664102015	220.60155405989	9	7	10
45	1	8	85.1953746327269	39.7715838919696	269.71664102015	223.581890335247	6	7	7
46	1	8	85.1953746327269	39.7715838919696	269.71664102015	233.367916497449	7	7	7
47	1	8	85.1953746327269	39.7715838919696	269.71664102015	222.178748432859	8	7	7
48	1	8	85.1953746327269	39.7715838919696	269.71664102015	232.203020764318	7	7	7
49	1	8	85.1953746327269	39.7715838919696	269.71664102015	231.405755366587	7	7	7
50	1	8	85.1953746327269	39.7715838919696	269.71664102015	223.677193198835	7	7	7
51	1	8	85.1953746327269	39.7715838919696	269.71664102015	244.717231429862	7	7	7
52	1	8	85.1953746327269	39.7715838919696	269.71664102015	216.417784232981	6	7	5
53	1	8	85.1953746327269	39.7715838919696	269.71664102015	242.103561081975	7	7	7
54	1	8	85.1953746327269	39.7715838919696	269.71664102015	227.691841724016	7	7	7
55	1	8	85.1953746327269	39.7715838919696	269.71664102015	220.334864812614	7	7	7
56	1	8	85.1953746327269	39.7715838919696	269.71664102015	236.467309023862	7	7	7
57	1	8	85.1953746327269	39.7715838919696	269.71664102015	258.67887492326	7	7	7
58	1	8	85.1953746327269	39.7715838919696	269.71664102015	212.559176556182	7	7	5
59	1	8	85.1953746327269	39.7715838919696	269.71664102015	225.308058054665	9	7	10
60	1	8	85.1953746327269	39.7715838919696	269.71664102015	227.330108599465	7	7	7
61	1	8	85.1953746327269	39.7715838919696	269.71664102015	215.081625718804	5	7	5
62	1	8	85.1953746327269	39.7715838919696	269.71664102015	218.982858274264	8	7	7
63	1	8	85.1953746327269	39.7715838919696	269.71664102015	216.399787719928	6	7	5
64	1	8	85.1953746327269	39.7715838919696	269.71664102015	230.251122930004	7	7	7
65	1	8	85.1953746327269	39.7715838919696	269.71664102015	219.044954321859	7	7	7
66	1	8	85.1953746327269	39.7715838919696	269.71664102015	235.156445978358	7	7	7
67	1	8	85.1953746327269	39.7715838919696	269.71664102015	235.275915731651	7	7	7
68	1	8	85.1953746327269	39.7715838919696	269.71664102015	234.035151919172	7	7	6
69	1	8	85.1953746327269	39.7715838919696	269.71664102015	233.845308929751	8	7	6
70	1	8	85.1953746327269	39.7715838919696	269.71664102015	217.753970368799	7	7	7
71	1	8	85.1953746327269	39.7715838919696	269.71664102015	219.021745728457	7	7	7
72	1	8	85.1953746327269	39.7715838919696	269.71664102015	227.470389377931	7	7	7
73	1	8	85.1953746327269	39.7715838919696	269.71664102015	225.21618159461	7	7	7
74	1	8	85.1953746327269	39.7715838919696	269.71664102015	245.528599844284	8	7	7
75	1	8	85.1953746327269	39.7715838919696	269.71664102015	237.390674253702	7	7	7
76	1	8	85.1953746327269	39.7715838919696	269.71664102015	231.879521198108	7	7	7
77	1	8	85.1953746327269	39.7715838919696	269.71664102015	246.387909743587	7	7	7
78	1	8	85.1953746327269	39.7715838919696	269.71664102015	228.621824937357	6	7	7
79	1	8	85.1953746327269	39.7715838919696	269.71664102015	261.826835406556	7	7	7
80	1	8	85.1953746327269	39.7715838919696	269.71664102015	219.747750381638	7	7	7
81	1	8	85.1953746327269	39.7715838919696	269.71664102015	242.043331662355	7	7	7
82	1	8	85.1953746327269	39.7715838919696	269.71664102015	219.501729411241	8	7	9
83	1	8	85.1953746327269	39.7715838919696	269.71664102015	215.503738255517	11	7	10
84	1	8	85.1953746327269	39.7715838919696	269.71664102015	222.122072104376	9	7	8
85	1	8	85.1953746327269	39.7715838919696	269.71664102015	216.81175028691	7	7	7
86	1	8	85.1953746327269	39.7715838919696	269.71664102015	231.657787953649	5	7	5
87	1	8	85.1953746327269	39.7715838919696	269.71664102015	231.937257883276	7	7	7
88	1	8	85.1953746327269	39.7715838919696	269.71664102015	227.778928967139	7	7	7
89	1	8	85.1953746327269	39.7715838919696	269.71664102015	229.681139069338	7	7	7
90	1	8	85.1953746327269	39.7715838919696	269.71664102015	244.659802702923	7	7	6
91	1	8	85.1953746327269	39.7715838919696	269.71664102015	232.634394313899	7	7	7
92	1	8	85.1953746327269	39.7715838919696	269.71664102015	231.004541447812	5	7	5
93	1	8	85.1953746327269	39.7715838919696	269.71664102015	228.371631435629	9	7	8
94	1	8	85.1953746327269	39.7715838919696	269.71664102015	213.505571791009	7	7	7
95	1	8	85.1953746327269	39.7715838919696	269.71664102015	226.212995296632	7	7	7
