"Iteration #"	"Inertia"	"Number of features"	"CV best"	"Permuted CV best"	"Global best fitness"	"Current best fitness"	"Number of features in current best agent"	"Number of features in global best"	"Number of features in local best"
1	1	11	81.0715455353091	68.0410989173818	20.4057926870924	20.4057926870924	4	11	220
2	1	6	84.3640652014244	66.0625355791029	30.2133017734741	30.2133017734741	7	7	7
3	1	4	86.3412886094752	66.3575396311494	35.3590346748978	35.3590346748978	5	5	5
4	1	5	86.3412886094752	66.3575396311494	35.6999437658069	35.6999437658069	5	5	10
5	1	5	86.3412886094752	66.3575396311494	35.9044892203524	35.9044892203524	4	5	10
6	1	9	87.880024075523	68.5878220769636	36.1300766936768	36.1300766936768	3	4	4
7	1	9	87.0183692793557	66.3738800370605	39.8974343101978	39.8974343101978	1	3	3
8	1	9	87.0183692793557	66.3738800370605	39.8974343101978	34.8138420569039	4	3	6
9	1	9	87.0183692793557	66.3738800370605	39.8974343101978	39.9753563881199	3	3	3
10	1	9	87.0183692793557	66.3738800370605	40.0026291153926	40.0026291153926	3	3	6
11	1	9	87.0183692793557	66.3738800370605	40.0026291153926	40.0249431649794	2	3	3
12	1	9	87.0183692793557	66.3738800370605	40.0026291153926	40.0435382063017	3	3	3
13	1	9	87.0183692793557	66.3738800370605	40.0026291153926	40.059272472036	3	3	3
14	1	9	87.0183692793557	66.3738800370605	40.0026291153926	40.0727589855225	3	3	3
15	1	9	87.0183692793557	66.3738800370605	40.0026291153926	40.0844472972108	2	3	9
16	1	9	87.0183692793557	66.3738800370605	40.0026291153926	33.7364877947269	7	3	7
17	1	9	87.0183692793557	66.3738800370605	40.0026291153926	33.7575439444595	7	3	7
18	1	6	87.0183692793557	66.3738800370605	40.1117200244835	40.1117200244835	3	3	3
19	1	6	87.0183692793557	66.3738800370605	40.1117200244835	40.1188970579763	3	3	9
20	1	6	87.0183692793557	66.3738800370605	40.1117200244835	40.1253563881199	7	3	12
21	1	6	87.0183692793557	66.3738800370605	40.1117200244835	40.131200543964	3	3	3
22	1	6	87.0183692793557	66.3738800370605	40.1117200244835	40.1365134129133	3	3	6
23	1	6	87.0183692793557	66.3738800370605	40.1117200244835	40.1413642932582	3	3	3
24	1	6	87.0183692793557	66.3738800370605	40.1117200244835	40.1458109335744	3	3	9
25	1	6	87.0183692793557	66.3738800370605	40.1117200244835	40.1499018426653	3	3	12
26	1	6	87.0183692793557	66.3738800370605	40.1117200244835	40.1536780664416	3	3	6
27	1	6	87.0183692793557	66.3738800370605	40.1117200244835	40.1571745699381	3	3	15
28	1	6	87.0183692793557	66.3738800370605	40.1117200244835	40.1604213231848	3	3	15
29	1	6	87.0183692793557	66.3738800370605	40.1117200244835	40.1634441624145	3	3	18
30	1	6	87.0183692793557	66.3738800370605	40.1117200244835	40.166265479029	3	3	18
31	1	6	87.0183692793557	66.3738800370605	40.1117200244835	40.1689047752167	2	3	12
32	1	6	87.0183692793557	66.3738800370605	40.1117200244835	40.1713791153926	3	3	15
33	1	6	87.0183692793557	66.3738800370605	40.1117200244835	40.1737034955579	2	3	18
34	1	6	87.0183692793557	66.3738800370605	40.1117200244835	40.1758911474782	3	3	15
35	1	6	87.0183692793557	66.3738800370605	40.1117200244835	40.1779537907173	3	3	15
36	1	6	87.0183692793557	66.3738800370605	40.1117200244835	40.1799018426653	3	3	6
37	1	6	87.0183692793557	66.3738800370605	40.1117200244835	40.1817445945081	3	3	18
38	1	6	87.0183692793557	66.3738800370605	40.1117200244835	40.1834903594117	2	3	21
39	1	6	87.0183692793557	66.3738800370605	40.1117200244835	40.1851465979101	3	3	21
40	1	6	87.0183692793557	66.3738800370605	40.1117200244835	40.1867200244835	2	3	21
41	1	6	87.0183692793557	66.3738800370605	40.1117200244835	40.1882166985412	2	3	9
42	1	6	87.0183692793557	66.3738800370605	40.1117200244835	40.1896421024056	3	3	9
43	1	6	87.0183692793557	66.3738800370605	40.1117200244835	40.1910012084159	3	3	18
44	1	6	87.0183692793557	66.3738800370605	40.1117200244835	40.1922985368802	3	3	15
45	1	6	87.0183692793557	66.3738800370605	40.1117200244835	40.1935382063017	3	3	15
46	1	6	87.0183692793557	66.3738800370605	40.1117200244835	40.1947239770527	3	3	15
47	1	6	87.0183692793557	66.3738800370605	40.1117200244835	40.1958592894738	3	3	12
48	1	6	87.0183692793557	66.3738800370605	40.1117200244835	40.1969472972108	3	3	12
49	1	6	87.0183692793557	66.3738800370605	40.1117200244835	40.1979908964687	3	3	21
50	1	6	87.0183692793557	66.3738800370605	40.1117200244835	40.1989927517562	4	3	21
51	1	6	87.0183692793557	66.3738800370605	40.1117200244835	40.1999553186012	3	3	15
52	1	6	87.0183692793557	66.3738800370605	40.1117200244835	40.2008808636444	3	3	12
53	1	6	87.0183692793557	66.3738800370605	40.1117200244835	40.2017714824595	3	3	18
54	1	6	87.0183692793557	66.3738800370605	40.1117200244835	40.2026291153926	3	3	21
55	1	6	87.0183692793557	66.3738800370605	40.1117200244835	40.2034555616736	4	3	24
56	1	6	87.0183692793557	66.3738800370605	40.1117200244835	40.204252492016	5	3	18
57	1	6	87.0183692793557	66.3738800370605	40.1117200244835	40.2050214598902	3	3	21
58	1	6	87.0183692793557	66.3738800370605	40.1117200244835	40.2057639116309	3	3	21
59	1	6	87.0183692793557	66.3738800370605	40.1117200244835	40.2064811955159	3	3	21
60	1	6	87.0183692793557	66.3738800370605	40.1117200244835	40.2071745699381	3	3	21
61	1	6	87.0183692793557	66.3738800370605	40.1117200244835	40.2078452107726	2	3	18
62	1	6	87.0183692793557	66.3738800370605	40.1117200244835	40.2084942180319	2	3	15
63	1	6	87.0183692793557	66.3738800370605	40.1117200244835	40.2091226218861	3	3	12
64	1	6	87.0183692793557	66.3738800370605	40.1117200244835	40.2097313881199	3	3	12
65	1	6	87.0183692793557	66.3738800370605	40.1117200244835	40.2103214230849	3	3	15
66	1	6	87.0183692793557	66.3738800370605	40.1117200244835	40.2108935782025	3	3	9
67	1	6	87.0183692793557	66.3738800370605	40.1117200244835	40.2114486540629	3	3	15
68	1	3	87.0183692793557	66.3738800370605	40.2119874041627	40.2119874041627	3	3	15
69	1	3	87.0183692793557	66.3738800370605	40.2119874041627	40.2125105383175	3	3	15
70	1	3	87.0183692793557	66.3738800370605	40.2119874041627	40.2130187257822	3	3	15
71	1	3	87.0183692793557	66.3738800370605	40.2119874041627	40.2135125981071	3	3	9
72	1	3	87.0183692793557	66.3738800370605	40.2119874041627	40.2139927517562	3	3	15
73	1	3	87.0183692793557	66.3738800370605	40.2119874041627	40.2144597505109	3	3	15
74	1	3	87.0183692793557	66.3738800370605	40.2119874041627	40.2149141276776	3	3	18
75	1	3	87.0183692793557	66.3738800370605	40.2119874041627	40.2153563881199	2	3	21
76	1	3	87.0183692793557	66.3738800370605	40.2119874041627	40.2157870101294	3	3	18
77	1	3	87.0183692793557	66.3738800370605	40.2119874041627	40.2162064471518	3	3	21
78	1	3	87.0183692793557	66.3738800370605	40.2119874041627	40.2166151293786	3	3	18
79	1	3	87.0183692793557	66.3738800370605	40.2119874041627	40.21701346522	3	3	21
80	1	3	87.0183692793557	66.3738800370605	40.2119874041627	40.2174018426653	4	3	21
81	1	3	87.0183692793557	66.3738800370605	40.2119874041627	40.2177806305441	3	3	21
82	1	3	87.0183692793557	66.3738800370605	40.2119874041627	40.2181501796942	3	3	18
83	1	3	87.0183692793557	66.3738800370605	40.2119874041627	40.2185108240454	3	3	18
84	1	3	87.0183692793557	66.3738800370605	40.2119874041627	40.2188628816264	3	3	24
85	1	3	87.0183692793557	66.3738800370605	40.2119874041627	40.2192066554996	3	3	18
86	1	3	87.0183692793557	66.3738800370605	40.2119874041627	40.2195424346315	3	3	21
87	1	3	87.0183692793557	66.3738800370605	40.2119874041627	40.219870494703	2	3	24
88	1	3	87.0183692793557	66.3738800370605	40.2119874041627	40.2201910988637	3	3	21
89	1	3	87.0183692793557	66.3738800370605	40.2119874041627	40.2205044984365	3	3	18
90	1	3	87.0183692793557	66.3738800370605	40.2119874041627	40.2208109335744	3	3	21
91	1	3	87.0183692793557	66.3738800370605	40.2119874041627	40.2211106338741	3	3	15
92	1	3	87.0183692793557	66.3738800370605	40.2119874041627	40.2214038189499	3	3	12
93	1	3	87.0183692793557	66.3738800370605	40.2119874041627	40.2216906989703	3	3	21
94	1	3	87.0183692793557	66.3738800370605	40.2119874041627	40.2219714751605	3	3	15
95	1	3	87.0183692793557	66.3738800370605	40.2119874041627	40.222246340273	3	3	18
96	1	3	87.0183692793557	66.3738800370605	40.2119874041627	40.222515479029	3	3	12
97	1	3	87.0183692793557	66.3738800370605	40.2119874041627	40.2227790685322	3	3	18
98	1	3	87.0183692793557	66.3738800370605	40.2119874041627	40.2230372786579	3	3	21
99	1	3	87.0183692793557	66.3738800370605	40.2119874041627	40.2232902724174	3	3	21
100	1	3	87.0183692793557	66.3738800370605	40.2119874041627	40.2235382063017	2	3	21
101	1	3	87.0183692793557	66.3738800370605	40.2119874041627	40.2237812306041	3	3	21
102	1	3	87.0183692793557	66.3738800370605	40.2119874041627	40.2240194897242	3	3	21
103	1	3	87.0183692793557	66.3738800370605	40.2119874041627	40.2242531224535	3	3	15
104	1	3	87.0183692793557	66.3738800370605	40.2119874041627	40.2244822622458	3	3	15
105	1	3	87.0183692793557	66.3738800370605	40.2119874041627	40.2247070374705	3	3	18
106	1	3	87.0183692793557	66.3738800370605	40.2119874041627	40.2249275716533	3	3	18
107	1	3	87.0183692793557	66.3738800370605	40.2119874041627	40.2251439837019	3	3	18
108	1	3	87.0183692793557	66.3738800370605	40.2119874041627	40.2253563881199	3	3	15
109	1	3	87.0183692793557	66.3738800370605	40.2119874041627	40.2255648952091	3	3	18
110	1	3	87.0183692793557	66.3738800370605	40.2119874041627	40.2257696112604	2	3	21
111	1	3	87.0183692793557	66.3738800370605	40.2119874041627	40.2259706387341	3	3	15
112	1	3	87.0183692793557	66.3738800370605	40.2119874041627	40.2261680764316	2	3	21
113	1	3	87.0183692793557	66.3738800370605	40.2119874041627	40.2263620196565	3	3	18
114	1	3	87.0183692793557	66.3738800370605	40.2119874041627	40.2265525603687	3	3	21
115	1	3	87.0183692793557	66.3738800370605	40.2119874041627	40.2267397873294	3	3	21
116	1	3	87.0183692793557	66.3738800370605	40.2119874041627	40.226923786239	3	3	15
117	1	3	87.0183692793557	66.3738800370605	40.2119874041627	40.2271046398681	3	3	15
118	1	3	87.0183692793557	66.3738800370605	40.2119874041627	40.2272824281815	3	3	18
119	1	3	87.0183692793557	66.3738800370605	40.2119874041627	40.227457228456	3	3	21
120	1	3	87.0183692793557	66.3738800370605	40.2119874041627	40.2276291153926	3	3	18
121	1	3	87.0183692793557	66.3738800370605	40.2119874041627	40.2277981612228	3	3	21
122	1	3	87.0183692793557	66.3738800370605	40.2119874041627	40.2279644358099	3	3	24
123	1	3	87.0183692793557	66.3738800370605	40.2119874041627	40.2281280067452	3	3	27
124	1	3	87.0183692793557	66.3738800370605	40.2119874041627	40.2282889394395	3	3	30
125	1	3	87.0183692793557	66.3738800370605	40.2119874041627	40.2284472972108	2	3	30
126	1	3	87.0183692793557	66.3738800370605	40.2119874041627	40.2286031413666	3	3	21
127	1	3	87.0183692793557	66.3738800370605	40.2119874041627	40.2287565312838	3	3	21
128	1	3	87.0183692793557	66.3738800370605	40.2119874041627	40.2289075244835	3	3	21
129	1	3	87.0183692793557	66.3738800370605	40.2119874041627	40.2290561767034	3	3	24
130	1	3	87.0183692793557	66.3738800370605	40.2119874041627	40.229202541966	4	3	21
131	1	3	87.0183692793557	66.3738800370605	40.2119874041627	40.2293466726445	3	3	24
132	1	3	87.0183692793557	66.3738800370605	40.2119874041627	40.2294886195248	3	3	24
133	1	3	87.0183692793557	66.3738800370605	40.2119874041627	40.2296284318656	3	3	18
134	1	3	87.0183692793557	66.3738800370605	40.2119874041627	40.229766157455	3	3	21
135	1	3	87.0183692793557	66.3738800370605	40.2119874041627	40.2299018426653	4	3	21
136	1	3	87.0183692793557	66.3738800370605	40.2119874041627	40.2300355325049	3	3	21
137	1	3	87.0183692793557	66.3738800370605	40.2119874041627	40.230167270668	3	3	24
138	1	3	87.0183692793557	66.3738800370605	40.2119874041627	40.2302970995823	3	3	24
139	1	3	87.0183692793557	66.3738800370605	40.2119874041627	40.2304250604547	3	3	24
140	1	3	87.0183692793557	66.3738800370605	40.2119874041627	40.2305511933147	3	3	24
141	1	3	87.0183692793557	66.3738800370605	40.2119874041627	40.2306755370561	3	3	21
142	1	3	87.0183692793557	66.3738800370605	40.2119874041627	40.2307981294771	2	3	27
143	1	3	87.0183692793557	66.3738800370605	40.2119874041627	40.2309190073189	3	3	21
144	1	3	87.0183692793557	66.3738800370605	40.2119874041627	40.2310382063017	1	3	24
145	1	3	87.0183692793557	66.3738800370605	40.2119874041627	40.2311557611606	3	3	21
146	1	3	87.0183692793557	66.3738800370605	40.2119874041627	40.231271705679	3	3	18
147	1	3	87.0183692793557	66.3738800370605	40.2119874041627	40.231386072721	3	3	12
148	1	3	87.0183692793557	66.3738800370605	40.2119874041627	40.2314988942624	3	3	21
149	1	3	87.0183692793557	66.3738800370605	40.2119874041627	40.2316102014207	3	3	15
150	1	3	87.0183692793557	66.3738800370605	40.2119874041627	40.2317200244835	3	3	15
151	1	3	87.0183692793557	66.3738800370605	40.2119874041627	40.2318283929363	3	3	12
152	1	3	87.0183692793557	66.3738800370605	40.2119874041627	40.2319353354883	3	3	12
153	1	3	87.0183692793557	66.3738800370605	40.2119874041627	40.2320408800985	3	3	21
154	1	3	87.0183692793557	66.3738800370605	40.2119874041627	40.2321450539995	3	3	24
155	1	3	87.0183692793557	66.3738800370605	40.2119874041627	40.2322478837211	2	3	24
156	1	3	87.0183692793557	66.3738800370605	40.2119874041627	40.2323493951129	3	3	18
157	1	3	87.0183692793557	66.3738800370605	40.2119874041627	40.232449613366	3	3	21
158	1	3	87.0183692793557	66.3738800370605	40.2119874041627	40.2325485630336	3	3	21
159	1	3	87.0183692793557	66.3738800370605	40.2119874041627	40.2326462680513	3	3	18
160	1	3	87.0183692793557	66.3738800370605	40.2119874041627	40.2327427517562	3	3	18
161	1	3	87.0183692793557	66.3738800370605	40.2119874041627	40.2328380369059	3	3	27
162	1	3	87.0183692793557	66.3738800370605	40.2119874041627	40.2329321456956	3	3	18
163	1	3	87.0183692793557	66.3738800370605	40.2119874041627	40.2330250997763	3	3	15
164	1	3	87.0183692793557	66.3738800370605	40.2119874041627	40.2331169202707	3	3	15
165	1	3	87.0183692793557	66.3738800370605	40.2119874041627	40.2332076277893	3	3	18
166	1	3	87.0183692793557	66.3738800370605	40.2119874041627	40.2332972424463	3	3	21
167	1	3	87.0183692793557	66.3738800370605	40.2119874041627	40.2333857838738	2	3	27
168	1	3	87.0183692793557	66.3738800370605	40.2119874041627	40.2334732712368	3	3	21
169	1	3	87.0183692793557	66.3738800370605	40.2119874041627	40.2335597232463	3	3	21
170	1	3	87.0183692793557	66.3738800370605	40.2119874041627	40.2336451581734	3	3	21
171	1	3	87.0183692793557	66.3738800370605	40.2119874041627	40.2337295938615	3	3	12
172	1	3	87.0183692793557	66.3738800370605	40.2119874041627	40.2338130477393	3	3	18
173	1	3	87.0183692793557	66.3738800370605	40.2119874041627	40.2338955368324	3	3	21
174	1	3	87.0183692793557	66.3738800370605	40.2119874041627	40.2339770777751	3	3	18
175	1	3	87.0183692793557	66.3738800370605	40.2119874041627	40.2340576868212	3	3	18
176	1	3	87.0183692793557	66.3738800370605	40.2119874041627	40.2341373798554	3	3	12
177	1	3	87.0183692793557	66.3738800370605	40.2119874041627	40.2342161724034	3	3	18
178	1	3	87.0183692793557	66.3738800370605	40.2119874041627	40.2342940796418	3	3	24
179	1	3	87.0183692793557	66.3738800370605	40.2119874041627	40.2343711164083	3	3	27
180	1	3	87.0183692793557	66.3738800370605	40.2119874041627	40.2344472972108	2	3	27
181	1	3	87.0183692793557	66.3738800370605	40.2119874041627	40.2345226362364	3	3	24
182	1	3	87.0183692793557	66.3738800370605	40.2119874041627	40.2345971473606	3	3	27
183	1	3	87.0183692793557	66.3738800370605	40.2119874041627	40.2346708441556	3	3	24
184	1	3	87.0183692793557	66.3738800370605	40.2119874041627	40.2347437398985	3	3	21
185	1	3	87.0183692793557	66.3738800370605	40.2119874041627	40.2348158475793	4	3	24
186	1	3	87.0183692793557	66.3738800370605	40.2119874041627	40.2348871799087	3	3	21
187	1	3	87.0183692793557	66.3738800370605	40.2119874041627	40.2349577493255	3	3	24
188	1	3	87.0183692793557	66.3738800370605	40.2119874041627	40.2350275680038	3	3	18
189	1	3	87.0183692793557	66.3738800370605	40.2119874041627	40.2350966478601	3	3	27
190	1	3	87.0183692793557	66.3738800370605	40.2119874041627	40.2351650005601	4	3	27
191	1	3	87.0183692793557	66.3738800370605	40.2119874041627	40.2352326375249	3	3	24
192	1	3	87.0183692793557	66.3738800370605	40.2119874041627	40.2352995699381	3	3	24
193	1	3	87.0183692793557	66.3738800370605	40.2119874041627	40.2353658087511	3	3	24
194	1	3	87.0183692793557	66.3738800370605	40.2119874041627	40.2354313646897	3	3	24
195	1	3	87.0183692793557	66.3738800370605	40.2119874041627	40.2354962482597	3	3	24
196	1	3	87.0183692793557	66.3738800370605	40.2119874041627	40.2355604697525	3	3	24
197	1	3	87.0183692793557	66.3738800370605	40.2119874041627	40.2356240392505	2	3	27
198	1	3	87.0183692793557	66.3738800370605	40.2119874041627	40.2356869666323	3	3	24
199	1	3	87.0183692793557	66.3738800370605	40.2119874041627	40.2357492615781	1	3	24
200	1	3	87.0183692793557	66.3738800370605	40.2119874041627	40.2358109335744	3	3	21
201	1	3	87.0183692793557	66.3738800370605	40.2119874041627	40.2358719919191	3	3	12
202	1	3	87.0183692793557	66.3738800370605	40.2119874041627	40.2359324457256	3	3	12
203	1	3	87.0183692793557	66.3738800370605	40.2119874041627	40.2359923039282	3	3	15
204	1	3	87.0183692793557	66.3738800370605	40.2119874041627	40.2360515752857	3	3	12
205	1	3	87.0183692793557	66.3738800370605	40.2119874041627	40.236110268386	3	3	18
206	1	3	87.0183692793557	66.3738800370605	40.2119874041627	40.2361683916503	3	3	15
207	1	3	87.0183692793557	66.3738800370605	40.2119874041627	40.2362259533373	3	3	15
208	1	3	87.0183692793557	66.3738800370605	40.2119874041627	40.2362829615465	3	3	18
209	1	3	87.0183692793557	66.3738800370605	40.2119874041627	40.2363394242225	3	3	21
210	1	3	87.0183692793557	66.3738800370605	40.2119874041627	40.2363953491588	2	3	27
211	1	3	87.0183692793557	66.3738800370605	40.2119874041627	40.236450744001	3	3	21
212	1	3	87.0183692793557	66.3738800370605	40.2119874041627	40.2365056162502	3	3	18
213	1	3	87.0183692793557	66.3738800370605	40.2119874041627	40.2365599732671	3	3	15
214	1	3	87.0183692793557	66.3738800370605	40.2119874041627	40.2366138222745	3	3	21
215	1	3	87.0183692793557	66.3738800370605	40.2119874041627	40.2366671703609	3	3	18
216	1	3	87.0183692793557	66.3738800370605	40.2119874041627	40.2367200244835	3	3	21
217	1	3	87.0183692793557	66.3738800370605	40.2119874041627	40.2367723914714	3	3	18
218	1	3	87.0183692793557	66.3738800370605	40.2119874041627	40.2368242780281	3	3	15
219	1	3	87.0183692793557	66.3738800370605	40.2119874041627	40.2368756907351	3	3	27
220	1	3	87.0183692793557	66.3738800370605	40.2119874041627	40.2369266360538	2	3	24
221	1	3	87.0183692793557	66.3738800370605	40.2119874041627	40.2369771203288	3	3	24
222	1	3	87.0183692793557	66.3738800370605	40.2119874041627	40.2370271497906	3	3	30
223	1	3	87.0183692793557	66.3738800370605	40.2119874041627	40.2370767305577	3	3	27
224	1	3	87.0183692793557	66.3738800370605	40.2119874041627	40.2371258686394	3	3	21
225	1	3	87.0183692793557	66.3738800370605	40.2119874041627	40.2371745699381	3	3	24
226	1	3	87.0183692793557	66.3738800370605	40.2119874041627	40.2372228402518	3	3	12
227	1	3	87.0183692793557	66.3738800370605	40.2119874041627	40.2372706852765	3	3	15
228	1	3	87.0183692793557	66.3738800370605	40.2119874041627	40.2373181106079	3	3	21
229	1	3	87.0183692793557	66.3738800370605	40.2119874041627	40.2373651217443	3	3	21
230	1	3	87.0183692793557	66.3738800370605	40.2119874041627	40.2374117240883	3	3	24
231	1	3	87.0183692793557	66.3738800370605	40.2119874041627	40.2374579229487	3	3	24
232	1	3	87.0183692793557	66.3738800370605	40.2119874041627	40.2375037235431	3	3	27
233	1	3	87.0183692793557	66.3738800370605	40.2119874041627	40.2375491309993	3	3	30
234	1	3	87.0183692793557	66.3738800370605	40.2119874041627	40.2375941503576	3	3	30
235	1	3	87.0183692793557	66.3738800370605	40.2119874041627	40.2376387865725	3	3	30
236	1	3	87.0183692793557	66.3738800370605	40.2119874041627	40.2376830445143	3	3	27
237	1	3	87.0183692793557	66.3738800370605	40.2119874041627	40.2377269289714	3	3	27
238	1	3	87.0183692793557	66.3738800370605	40.2119874041627	40.2377704446516	3	3	24
239	1	3	87.0183692793557	66.3738800370605	40.2119874041627	40.2378135961838	3	3	24
240	1	3	87.0183692793557	66.3738800370605	40.2119874041627	40.2378563881199	4	3	24
241	1	3	87.0183692793557	66.3738800370605	40.2119874041627	40.2378988249362	3	3	18
242	1	3	87.0183692793557	66.3738800370605	40.2119874041627	40.237940911035	3	3	27
243	1	3	87.0183692793557	66.3738800370605	40.2119874041627	40.2379826507461	3	3	18
244	1	3	87.0183692793557	66.3738800370605	40.2119874041627	40.2380240483285	3	3	21
245	1	3	87.0183692793557	66.3738800370605	40.2119874041627	40.2380651079715	4	3	15
246	1	3	87.0183692793557	66.3738800370605	40.2119874041627	40.2381058337962	3	3	21
247	1	3	87.0183692793557	66.3738800370605	40.2119874041627	40.2381462298571	3	3	24
248	1	3	87.0183692793557	66.3738800370605	40.2119874041627	40.2381863001433	3	3	24
249	1	3	87.0183692793557	66.3738800370605	40.2119874041627	40.2382260485799	3	3	24
250	1	3	87.0183692793557	66.3738800370605	40.2119874041627	40.238265479029	3	3	24
251	1	3	87.0183692793557	66.3738800370605	40.2119874041627	40.2383045952912	2	3	21
252	1	3	87.0183692793557	66.3738800370605	40.2119874041627	40.2383434011069	3	3	18
253	1	3	87.0183692793557	66.3738800370605	40.2119874041627	40.2383819001573	2	3	24
254	1	3	87.0183692793557	66.3738800370605	40.2119874041627	40.2384200960655	3	3	24
255	1	3	87.0183692793557	66.3738800370605	40.2119874041627	40.238457992398	3	3	24
256	1	3	87.0183692793557	66.3738800370605	40.2119874041627	40.2384955926653	3	3	12
257	1	3	87.0183692793557	66.3738800370605	40.2119874041627	40.2385329003236	3	3	12
258	1	3	87.0183692793557	66.3738800370605	40.2119874041627	40.2385699187753	3	3	15
259	1	3	87.0183692793557	66.3738800370605	40.2119874041627	40.2386066513701	3	3	12
260	1	3	87.0183692793557	66.3738800370605	40.2119874041627	40.2386431014066	3	3	18
261	1	3	87.0183692793557	66.3738800370605	40.2119874041627	40.2386792721324	3	3	12
262	1	3	87.0183692793557	66.3738800370605	40.2119874041627	40.2387151667458	3	3	15
263	1	3	87.0183692793557	66.3738800370605	40.2119874041627	40.2387507883964	3	3	18
264	1	3	87.0183692793557	66.3738800370605	40.2119874041627	40.238786140186	3	3	27
265	1	3	87.0183692793557	66.3738800370605	40.2119874041627	40.2388212251696	2	3	27
266	1	3	87.0183692793557	66.3738800370605	40.2119874041627	40.2388560463564	3	3	21
267	1	3	87.0183692793557	66.3738800370605	40.2119874041627	40.2388906067103	3	3	21
268	1	3	87.0183692793557	66.3738800370605	40.2119874041627	40.2389249091511	3	3	18
269	1	3	87.0183692793557	66.3738800370605	40.2119874041627	40.2389589565552	3	3	24
270	1	3	87.0183692793557	66.3738800370605	40.2119874041627	40.2389927517562	4	3	21
271	1	3	87.0183692793557	66.3738800370605	40.2119874041627	40.2390262975462	3	3	24
272	1	3	87.0183692793557	66.3738800370605	40.2119874041627	40.239059596676	3	3	24
273	1	3	87.0183692793557	66.3738800370605	40.2119874041627	40.2390926518561	3	3	18
274	1	3	87.0183692793557	66.3738800370605	40.2119874041627	40.2391254657576	3	3	24
275	1	3	87.0183692793557	66.3738800370605	40.2119874041627	40.2391580410124	3	3	21
276	1	3	87.0183692793557	66.3738800370605	40.2119874041627	40.2391903802147	3	3	24
277	1	3	87.0183692793557	66.3738800370605	40.2119874041627	40.239222485921	2	3	30
278	1	3	87.0183692793557	66.3738800370605	40.2119874041627	40.2392543606509	3	3	21
279	1	3	87.0183692793557	66.3738800370605	40.2119874041627	40.2392860068882	3	3	21
280	1	3	87.0183692793557	66.3738800370605	40.2119874041627	40.2393174270809	3	3	24
281	1	3	87.0183692793557	66.3738800370605	40.2119874041627	40.2393486236424	3	3	12
282	1	3	87.0183692793557	66.3738800370605	40.2119874041627	40.2393795989516	3	3	18
283	1	3	87.0183692793557	66.3738800370605	40.2119874041627	40.2394103553541	3	3	21
284	1	3	87.0183692793557	66.3738800370605	40.2119874041627	40.2394408951621	3	3	21
285	1	3	87.0183692793557	66.3738800370605	40.2119874041627	40.2394712206558	3	3	21
286	1	3	87.0183692793557	66.3738800370605	40.2119874041627	40.239501334083	3	3	12
287	1	3	87.0183692793557	66.3738800370605	40.2119874041627	40.2395312376606	3	3	21
288	1	3	87.0183692793557	66.3738800370605	40.2119874041627	40.2395609335744	3	3	24
289	1	3	87.0183692793557	66.3738800370605	40.2119874041627	40.2395904239802	3	3	24
290	1	3	87.0183692793557	66.3738800370605	40.2119874041627	40.2396197110039	2	3	27
291	1	3	87.0183692793557	66.3738800370605	40.2119874041627	40.2396487967422	3	3	27
292	1	3	87.0183692793557	66.3738800370605	40.2119874041627	40.2396776832631	3	3	30
293	1	3	87.0183692793557	66.3738800370605	40.2119874041627	40.2397063726064	3	3	24
294	1	3	87.0183692793557	66.3738800370605	40.2119874041627	40.2397348667841	3	3	27
295	1	3	87.0183692793557	66.3738800370605	40.2119874041627	40.2397631677809	3	3	24
296	1	3	87.0183692793557	66.3738800370605	40.2119874041627	40.2397912775548	3	3	24
297	1	3	87.0183692793557	66.3738800370605	40.2119874041627	40.2398191980372	3	3	21
298	1	3	87.0183692793557	66.3738800370605	40.2119874041627	40.2398469311339	3	3	15
299	1	3	87.0183692793557	66.3738800370605	40.2119874041627	40.2398744787249	3	3	27
300	1	3	87.0183692793557	66.3738800370605	40.2119874041627	40.2399018426653	4	3	24
301	1	3	87.0183692793557	66.3738800370605	40.2119874041627	40.2399290247855	3	3	24
302	1	3	87.0183692793557	66.3738800370605	40.2119874041627	40.2399560268917	3	3	24
303	1	3	87.0183692793557	66.3738800370605	40.2119874041627	40.2399828507661	3	3	24
304	1	3	87.0183692793557	66.3738800370605	40.2119874041627	40.2400094981677	3	3	24
305	1	3	87.0183692793557	66.3738800370605	40.2119874041627	40.2400359708322	3	3	24
306	1	3	87.0183692793557	66.3738800370605	40.2119874041627	40.2400622704728	3	3	18
307	1	3	87.0183692793557	66.3738800370605	40.2119874041627	40.2400883987802	3	3	27
308	1	3	87.0183692793557	66.3738800370605	40.2119874041627	40.2401143574233	2	3	24
309	1	3	87.0183692793557	66.3738800370605	40.2119874041627	40.2401401480493	3	3	18
310	1	3	87.0183692793557	66.3738800370605	40.2119874041627	40.2401657722841	3	3	18
311	1	3	87.0183692793557	66.3738800370605	40.2119874041627	40.2401912317329	3	3	18
312	1	3	87.0183692793557	66.3738800370605	40.2119874041627	40.24021652798	3	3	12
313	1	3	87.0183692793557	66.3738800370605	40.2119874041627	40.2402416625898	3	3	18
314	1	3	87.0183692793557	66.3738800370605	40.2119874041627	40.2402666371066	3	3	15
315	1	3	87.0183692793557	66.3738800370605	40.2119874041627	40.2402914530549	3	3	15
316	1	3	87.0183692793557	66.3738800370605	40.2119874041627	40.2403161119404	3	3	12
317	1	3	87.0183692793557	66.3738800370605	40.2119874041627	40.2403406152492	3	3	12
318	1	3	87.0183692793557	66.3738800370605	40.2119874041627	40.2403649644492	3	3	15
319	1	3	87.0183692793557	66.3738800370605	40.2119874041627	40.2403891609896	3	3	24
320	1	3	87.0183692793557	66.3738800370605	40.2119874041627	40.2404132063017	2	3	30
321	1	3	87.0183692793557	66.3738800370605	40.2119874041627	40.2404371017987	3	3	21
322	1	3	87.0183692793557	66.3738800370605	40.2119874041627	40.2404608488765	3	3	18
323	1	3	87.0183692793557	66.3738800370605	40.2119874041627	40.2404844489136	3	3	15
324	1	3	87.0183692793557	66.3738800370605	40.2119874041627	40.2405079032714	3	3	21
325	1	3	87.0183692793557	66.3738800370605	40.2119874041627	40.2405312132947	3	3	18
326	1	3	87.0183692793557	66.3738800370605	40.2119874041627	40.2405543803117	3	3	21
327	1	3	87.0183692793557	66.3738800370605	40.2119874041627	40.2405774056345	3	3	21
328	1	3	87.0183692793557	66.3738800370605	40.2119874041627	40.2406002905589	3	3	18
329	1	3	87.0183692793557	66.3738800370605	40.2119874041627	40.2406230363652	3	3	24
330	1	3	87.0183692793557	66.3738800370605	40.2119874041627	40.2406456443182	3	3	21
331	1	3	87.0183692793557	66.3738800370605	40.2119874041627	40.2406681156673	2	3	24
332	1	3	87.0183692793557	66.3738800370605	40.2119874041627	40.2406904516467	3	3	24
333	1	3	87.0183692793557	66.3738800370605	40.2119874041627	40.2407126534761	3	3	21
334	1	3	87.0183692793557	66.3738800370605	40.2119874041627	40.2407347223605	3	3	18
335	1	3	87.0183692793557	66.3738800370605	40.2119874041627	40.2407566594903	3	3	21
336	1	3	87.0183692793557	66.3738800370605	40.2119874041627	40.240778466042	3	3	12
337	1	3	87.0183692793557	66.3738800370605	40.2119874041627	40.2408001431779	3	3	18
338	1	3	87.0183692793557	66.3738800370605	40.2119874041627	40.2408216920467	3	3	15
339	1	3	87.0183692793557	66.3738800370605	40.2119874041627	40.2408431137836	3	3	18
340	1	3	87.0183692793557	66.3738800370605	40.2119874041627	40.2408644095103	3	3	18
341	1	3	87.0183692793557	66.3738800370605	40.2119874041627	40.2408855803353	3	3	15
342	1	3	87.0183692793557	66.3738800370605	40.2119874041627	40.2409066273543	3	3	21
343	1	3	87.0183692793557	66.3738800370605	40.2119874041627	40.2409275516502	3	3	27
344	1	3	87.0183692793557	66.3738800370605	40.2119874041627	40.2409483542932	3	3	27
345	1	3	87.0183692793557	66.3738800370605	40.2119874041627	40.2409690363412	2	3	27
346	1	3	87.0183692793557	66.3738800370605	40.2119874041627	40.2409895988398	3	3	27
347	1	3	87.0183692793557	66.3738800370605	40.2119874041627	40.2410100428225	3	3	24
348	1	3	87.0183692793557	66.3738800370605	40.2119874041627	40.2410303693111	3	3	24
349	1	3	87.0183692793557	66.3738800370605	40.2119874041627	40.2410505793155	3	3	24
350	1	3	87.0183692793557	66.3738800370605	40.2119874041627	40.2410706738342	4	3	24
351	1	3	87.0183692793557	66.3738800370605	40.2119874041627	40.2410906538541	3	3	21
352	1	3	87.0183692793557	66.3738800370605	40.2119874041627	40.2411105203513	3	3	24
353	1	3	87.0183692793557	66.3738800370605	40.2119874041627	40.2411302742904	3	3	18
354	1	3	87.0183692793557	66.3738800370605	40.2119874041627	40.2411499166253	3	3	21
355	1	3	87.0183692793557	66.3738800370605	40.2119874041627	40.2411694482991	4	3	21
356	1	3	87.0183692793557	66.3738800370605	40.2119874041627	40.2411888702445	3	3	21
357	1	3	87.0183692793557	66.3738800370605	40.2119874041627	40.2412081833834	3	3	24
358	1	3	87.0183692793557	66.3738800370605	40.2119874041627	40.2412273886277	3	3	24
359	1	3	87.0183692793557	66.3738800370605	40.2119874041627	40.2412464868791	3	3	24
360	1	3	87.0183692793557	66.3738800370605	40.2119874041627	40.241265479029	3	3	27
361	1	3	87.0183692793557	66.3738800370605	40.2119874041627	40.2412843659592	3	3	24
362	1	3	87.0183692793557	66.3738800370605	40.2119874041627	40.2413031485418	2	3	30
363	1	3	87.0183692793557	66.3738800370605	40.2119874041627	40.241321827639	3	3	21
364	1	3	87.0183692793557	66.3738800370605	40.2119874041627	40.2413404041039	1	3	27
365	1	3	87.0183692793557	66.3738800370605	40.2119874041627	40.2413588787799	3	3	21
366	1	3	87.0183692793557	66.3738800370605	40.2119874041627	40.2413772525014	3	3	18
367	1	3	87.0183692793557	66.3738800370605	40.2119874041627	40.2413955260936	3	3	12
368	1	3	87.0183692793557	66.3738800370605	40.2119874041627	40.2414137003728	3	3	18
369	1	3	87.0183692793557	66.3738800370605	40.2119874041627	40.2414317761465	3	3	15
370	1	3	87.0183692793557	66.3738800370605	40.2119874041627	40.2414497542132	3	3	15
371	1	3	87.0183692793557	66.3738800370605	40.2119874041627	40.2414676353632	3	3	15
372	1	3	87.0183692793557	66.3738800370605	40.2119874041627	40.2414854203779	3	3	18
373	1	3	87.0183692793557	66.3738800370605	40.2119874041627	40.2415031100307	3	3	21
374	1	3	87.0183692793557	66.3738800370605	40.2119874041627	40.2415207050863	3	3	24
375	1	3	87.0183692793557	66.3738800370605	40.2119874041627	40.2415382063017	2	3	24
376	1	3	87.0183692793557	66.3738800370605	40.2119874041627	40.2415556144255	3	3	21
377	1	3	87.0183692793557	66.3738800370605	40.2119874041627	40.2415729301985	3	3	24
378	1	3	87.0183692793557	66.3738800370605	40.2119874041627	40.2415901543536	3	3	24
379	1	3	87.0183692793557	66.3738800370605	40.2119874041627	40.2416072876162	3	3	18
380	1	3	87.0183692793557	66.3738800370605	40.2119874041627	40.2416243307036	3	3	21
381	1	3	87.0183692793557	66.3738800370605	40.2119874041627	40.241641284326	3	3	27
382	1	3	87.0183692793557	66.3738800370605	40.2119874041627	40.241658149186	3	3	21
383	1	3	87.0183692793557	66.3738800370605	40.2119874041627	40.2416749259789	3	3	18
384	1	3	87.0183692793557	66.3738800370605	40.2119874041627	40.2416916153926	3	3	21
385	1	3	87.0183692793557	66.3738800370605	40.2119874041627	40.2417082181081	3	3	21
386	1	3	87.0183692793557	66.3738800370605	40.2119874041627	40.2417247347991	2	3	24
387	1	3	87.0183692793557	66.3738800370605	40.2119874041627	40.2417411661326	3	3	24
388	1	3	87.0183692793557	66.3738800370605	40.2119874041627	40.2417575127684	3	3	21
389	1	3	87.0183692793557	66.3738800370605	40.2119874041627	40.2417737753599	3	3	18
390	1	3	87.0183692793557	66.3738800370605	40.2119874041627	40.2417899545534	3	3	24
391	1	3	87.0183692793557	66.3738800370605	40.2119874041627	40.241806050989	3	3	18
392	1	3	87.0183692793557	66.3738800370605	40.2119874041627	40.2418220652998	3	3	15
393	1	3	87.0183692793557	66.3738800370605	40.2119874041627	40.2418379981129	3	3	24
394	1	3	87.0183692793557	66.3738800370605	40.2119874041627	40.2418538500488	3	3	18
395	1	3	87.0183692793557	66.3738800370605	40.2119874041627	40.2418696217217	3	3	21
396	1	3	87.0183692793557	66.3738800370605	40.2119874041627	40.2418853137397	3	3	18
397	1	3	87.0183692793557	66.3738800370605	40.2119874041627	40.2419009267047	3	3	21
398	1	3	87.0183692793557	66.3738800370605	40.2119874041627	40.2419164612126	3	3	24
399	1	3	87.0183692793557	66.3738800370605	40.2119874041627	40.2419319178533	3	3	27
400	1	3	87.0183692793557	66.3738800370605	40.2119874041627	40.2419472972108	2	3	27
401	1	3	87.0183692793557	66.3738800370605	40.2119874041627	40.2419625998632	3	3	21
402	1	3	87.0183692793557	66.3738800370605	40.2119874041627	40.2419778263831	3	3	24
403	1	3	87.0183692793557	66.3738800370605	40.2119874041627	40.2419929773371	3	3	18
404	1	3	87.0183692793557	66.3738800370605	40.2119874041627	40.2420080532864	3	3	21
405	1	3	87.0183692793557	66.3738800370605	40.2119874041627	40.2420230547865	4	3	24
406	1	3	87.0183692793557	66.3738800370605	40.2119874041627	40.2420379823877	3	3	21
407	1	3	87.0183692793557	66.3738800370605	40.2119874041627	40.2420528366345	3	3	24
408	1	3	87.0183692793557	66.3738800370605	40.2119874041627	40.2420676180664	3	3	18
