"Iteration #"	"Inertia"	"Number of features"	"CV best"	"Permuted CV best"	"Global best fitness"	"Current best fitness"	"Number of features in current best agent"	"Number of features in global best"	"Number of features in local best"
1	1	40	71.5223126242974	50.0652192263735	43.9220473768434	43.9220473768434	15	40	800
2	1	24	69.2444053553623	31.2777822934144	52.3444124182508	52.3444124182508	20	19	19
3	1	23	83.4046080581649	43.5528806091283	58.6606165670356	58.6606165670356	17	16	16
4	1	23	83.4046080581649	43.5528806091283	58.6606165670356	54.799979271563	16	16	16
5	1	23	83.4046080581649	43.5528806091283	58.6606165670356	58.6606165670356	16	16	16
6	1	23	83.4046080581649	43.5528806091283	58.6606165670356	55.666362092869	17	16	16
7	1	22	80.6337956460399	33.391541614396	61.5431995436701	61.5431995436701	17	17	17
8	1	22	80.6337956460399	33.391541614396	61.5431995436701	61.5431995436701	17	17	17
9	1	22	80.6337956460399	33.391541614396	61.5431995436701	61.5431995436701	17	17	17
10	1	22	80.6337956460399	33.391541614396	61.5431995436701	61.5431995436701	21	17	17
11	1	22	80.6337956460399	33.391541614396	61.5431995436701	59.8780379528279	17	17	7
12	1	22	80.6337956460399	33.391541614396	61.5431995436701	58.8187995780943	18	17	19
13	1	22	80.6337956460399	33.391541614396	61.5431995436701	60.51411793253	18	17	18
14	1	17	82.862295216471	34.454346865693	61.6685577373819	61.6685577373819	20	20	20
15	1	18	83.2082531190155	34.6686152022198	61.7105762734853	61.7105762734853	17	18	18
16	1	16	88.8639653829445	36.9468028100011	65.7076701289854	65.7076701289854	10	12	12
17	1	16	88.8639653829445	36.9468028100011	65.7076701289854	63.4415909765966	12	12	12
18	1	16	88.8639653829445	36.9468028100011	65.7076701289854	65.7076701289854	12	12	12
19	1	16	88.8639653829445	36.9468028100011	65.7076701289854	65.7076701289854	12	12	12
20	1	16	88.8639653829445	36.9468028100011	65.7076701289854	65.7076701289854	14	12	12
21	1	16	88.8639653829445	36.9468028100011	65.7076701289854	64.8580882432445	9	12	9
22	1	16	88.8639653829445	36.9468028100011	65.7076701289854	64.8580882432445	9	12	9
23	1	16	88.8639653829445	36.9468028100011	65.7076701289854	64.8580882432445	9	12	9
24	1	16	88.8639653829445	36.9468028100011	65.7076701289854	64.8580882432445	9	12	9
25	1	16	88.8639653829445	36.9468028100011	65.7076701289854	64.8580882432445	9	12	9
26	1	16	88.8639653829445	36.9468028100011	65.7076701289854	64.8580882432445	9	12	9
27	1	16	88.8639653829445	36.9468028100011	65.7076701289854	64.8580882432445	9	12	9
28	1	16	88.8639653829445	36.9468028100011	65.7076701289854	64.8580882432445	9	12	9
29	1	16	88.8639653829445	36.9468028100011	65.7076701289854	64.8580882432445	9	12	9
30	1	16	88.8639653829445	36.9468028100011	65.7076701289854	64.8580882432445	14	12	9
31	1	18	88.7627963958632	34.7003534562746	69.2268852231326	69.2268852231326	11	11	11
32	1	18	88.7627963958632	34.7003534562746	69.2268852231326	69.2268852231326	11	11	11
33	1	18	88.7627963958632	34.7003534562746	69.2268852231326	69.2268852231326	11	11	11
34	1	18	88.7627963958632	34.7003534562746	69.2268852231326	69.2268852231326	11	11	11
35	1	18	88.7627963958632	34.7003534562746	69.2268852231326	69.2268852231326	20	11	11
36	1	18	88.7627963958632	34.7003534562746	69.2268852231326	66.0712685734902	9	11	7
37	1	18	88.7627963958632	34.7003534562746	69.2268852231326	63.4818170894551	6	11	13
38	1	18	88.7627963958632	34.7003534562746	69.2268852231326	65.5522098192832	11	11	13
39	1	18	88.7627963958632	34.7003534562746	69.2268852231326	66.7195626043235	12	11	11
40	1	18	88.7627963958632	34.7003534562746	69.2268852231326	68.8820641822772	8	11	9
41	1	11	90.5735706609049	32.4787795892844	70.806799130997	70.806799130997	11	11	11
42	1	12	88.8032529205083	28.9158771717082	73.4084689429119	73.4084689429119	6	6	6
43	1	12	88.8032529205083	28.9158771717082	73.4084689429119	73.4084689429119	7	6	6
44	1	12	88.8032529205083	28.9158771717082	73.4084689429119	70.8444435302133	6	6	6
45	1	12	88.8032529205083	28.9158771717082	73.4084689429119	73.4084689429119	8	6	6
46	1	12	88.8032529205083	28.9158771717082	73.4084689429119	70.98348803595	10	6	10
47	1	12	88.8032529205083	28.9158771717082	73.4084689429119	70.98348803595	10	6	10
48	1	12	88.8032529205083	28.9158771717082	73.4084689429119	70.98348803595	10	6	10
49	1	12	88.8032529205083	28.9158771717082	73.4084689429119	70.98348803595	10	6	10
50	1	12	88.8032529205083	28.9158771717082	73.4084689429119	70.98348803595	10	6	10
51	1	12	88.8032529205083	28.9158771717082	73.4084689429119	70.98348803595	10	6	10
52	1	12	88.8032529205083	28.9158771717082	73.4084689429119	70.98348803595	10	6	10
53	1	12	88.8032529205083	28.9158771717082	73.4084689429119	70.98348803595	10	6	10
54	1	12	88.8032529205083	28.9158771717082	73.4084689429119	70.98348803595	10	6	10
55	1	12	88.8032529205083	28.9158771717082	73.4084689429119	70.98348803595	9	6	10
56	1	12	88.8032529205083	28.9158771717082	73.4084689429119	70.9252555496816	11	6	11
57	1	12	88.8032529205083	28.9158771717082	73.4084689429119	70.9252555496816	10	6	11
58	1	12	88.8032529205083	28.9158771717082	73.4084689429119	70.0216333371893	9	6	9
59	1	12	88.8032529205083	28.9158771717082	73.4084689429119	72.809173049203	8	6	10
60	1	12	88.8032529205083	28.9158771717082	73.4084689429119	73.4084689429119	9	6	6
61	1	12	88.8032529205083	28.9158771717082	73.4084689429119	71.4428077586968	9	6	6
62	1	9	93.8553197716061	32.2620653748389	74.9759172704679	74.9759172704679	9	9	9
63	1	9	93.8553197716061	32.2620653748389	74.9759172704679	74.9759172704679	11	9	18
64	1	9	93.8553197716061	32.2620653748389	74.9759172704679	68.3250479244595	10	9	10
65	1	9	93.8553197716061	32.2620653748389	74.9759172704679	74.9759172704679	8	9	18
66	1	9	93.8553197716061	32.2620653748389	74.9759172704679	72.8130464796971	11	9	11
67	1	9	93.8553197716061	32.2620653748389	74.9759172704679	74.9759172704679	9	9	9
68	1	9	93.8553197716061	32.2620653748389	74.9759172704679	74.9759172704679	9	9	9
69	1	9	93.8553197716061	32.2620653748389	74.9759172704679	74.9759172704679	9	9	18
70	1	9	93.8553197716061	32.2620653748389	74.9759172704679	74.9759172704679	10	9	9
71	1	9	93.8553197716061	32.2620653748389	74.9759172704679	73.5986532299672	8	9	16
72	1	9	93.8553197716061	32.2620653748389	74.9759172704679	74.9759172704679	9	9	9
73	1	9	93.8553197716061	32.2620653748389	74.9759172704679	74.9759172704679	10	9	18
74	1	9	93.8553197716061	32.2620653748389	74.9759172704679	74.9759172704679	9	9	9
75	1	9	93.8553197716061	32.2620653748389	74.9759172704679	74.9759172704679	9	9	9
76	1	9	93.8553197716061	32.2620653748389	74.9759172704679	74.9759172704679	9	9	9
77	1	9	93.8553197716061	32.2620653748389	74.9759172704679	74.9759172704679	9	9	18
78	1	9	93.8553197716061	32.2620653748389	74.9759172704679	74.9759172704679	9	9	18
79	1	9	93.8553197716061	32.2620653748389	74.9759172704679	74.9759172704679	9	9	27
80	1	9	93.8553197716061	32.2620653748389	74.9759172704679	74.9759172704679	10	9	27
81	1	9	93.8553197716061	32.2620653748389	74.9759172704679	74.9759172704679	9	9	18
82	1	9	93.8553197716061	32.2620653748389	74.9759172704679	74.9759172704679	9	9	27
83	1	9	93.8553197716061	32.2620653748389	74.9759172704679	74.9759172704679	9	9	27
84	1	9	93.8553197716061	32.2620653748389	74.9759172704679	74.9759172704679	9	9	27
85	1	9	93.8553197716061	32.2620653748389	74.9759172704679	74.9759172704679	9	9	18
86	1	9	93.8553197716061	32.2620653748389	74.9759172704679	74.9759172704679	10	9	27
87	1	9	93.8553197716061	32.2620653748389	74.9759172704679	74.9759172704679	9	9	18
88	1	9	93.8553197716061	32.2620653748389	74.9759172704679	74.9759172704679	9	9	36
89	1	9	93.8553197716061	32.2620653748389	74.9759172704679	74.9759172704679	9	9	36
90	1	9	93.8553197716061	32.2620653748389	74.9759172704679	74.9759172704679	9	9	36
91	1	9	93.8553197716061	32.2620653748389	74.9759172704679	74.9759172704679	9	9	36
92	1	9	93.8553197716061	32.2620653748389	74.9759172704679	74.9759172704679	9	9	36
93	1	9	93.8553197716061	32.2620653748389	74.9759172704679	74.9759172704679	9	9	36
94	1	9	93.8553197716061	32.2620653748389	74.9759172704679	74.9759172704679	9	9	36
95	1	9	93.8553197716061	32.2620653748389	74.9759172704679	74.9759172704679	9	9	36
96	1	9	93.8553197716061	32.2620653748389	74.9759172704679	74.9759172704679	10	9	36
97	1	9	93.8553197716061	32.2620653748389	74.9759172704679	74.9759172704679	9	9	27
98	1	9	93.8553197716061	32.2620653748389	74.9759172704679	74.9759172704679	9	9	27
99	1	9	93.8553197716061	32.2620653748389	74.9759172704679	74.9759172704679	9	9	27
100	1	9	93.8553197716061	32.2620653748389	74.9759172704679	74.9759172704679	9	9	27
101	1	8	92.6861397335901	29.8469918156436	75.3591874885842	75.3591874885842	11	11	11
102	1	8	92.6861397335901	29.8469918156436	75.3591874885842	75.3591874885842	11	11	11
103	1	8	92.6861397335901	29.8469918156436	75.3591874885842	75.3591874885842	11	11	11
104	1	8	92.6861397335901	29.8469918156436	75.3591874885842	75.3591874885842	10	11	11
105	1	8	92.6861397335901	29.8469918156436	75.3591874885842	74.9759172704679	12	11	18
106	1	8	92.6861397335901	29.8469918156436	75.3591874885842	72.8130464796971	11	11	11
107	1	8	92.6861397335901	29.8469918156436	75.3591874885842	75.3591874885842	11	11	11
108	1	8	92.6861397335901	29.8469918156436	75.3591874885842	75.3591874885842	11	11	11
109	1	8	92.6861397335901	29.8469918156436	75.3591874885842	75.3591874885842	11	11	44
110	1	8	92.6861397335901	29.8469918156436	75.3591874885842	75.3591874885842	9	11	11
111	1	8	92.6861397335901	29.8469918156436	75.3591874885842	75.3591874885842	11	11	11
112	1	8	92.6861397335901	29.8469918156436	75.3591874885842	75.3591874885842	11	11	11
113	1	8	92.6861397335901	29.8469918156436	75.3591874885842	75.3591874885842	11	11	22
114	1	8	92.6861397335901	29.8469918156436	75.3591874885842	75.3591874885842	11	11	22
115	1	8	92.6861397335901	29.8469918156436	75.3591874885842	75.3591874885842	11	11	22
116	1	8	92.6861397335901	29.8469918156436	75.3591874885842	75.3591874885842	11	11	22
117	1	8	92.6861397335901	29.8469918156436	75.3591874885842	75.3591874885842	11	11	22
118	1	8	92.6861397335901	29.8469918156436	75.3591874885842	75.3591874885842	11	11	22
119	1	8	92.6861397335901	29.8469918156436	75.3591874885842	75.3591874885842	11	11	22
120	1	8	92.6861397335901	29.8469918156436	75.3591874885842	75.3591874885842	11	11	22
121	1	8	92.6861397335901	29.8469918156436	75.3591874885842	75.3591874885842	11	11	33
122	1	8	92.6861397335901	29.8469918156436	75.3591874885842	75.3591874885842	11	11	33
123	1	8	92.6861397335901	29.8469918156436	75.3591874885842	75.3591874885842	11	11	33
124	1	8	92.6861397335901	29.8469918156436	75.3591874885842	75.3591874885842	11	11	33
125	1	8	92.6861397335901	29.8469918156436	75.3591874885842	75.3591874885842	11	11	33
126	1	8	92.6861397335901	29.8469918156436	75.3591874885842	75.3591874885842	11	11	33
127	1	8	92.6861397335901	29.8469918156436	75.3591874885842	75.3591874885842	11	11	33
128	1	8	92.6861397335901	29.8469918156436	75.3591874885842	75.3591874885842	11	11	33
129	1	8	92.6861397335901	29.8469918156436	75.3591874885842	75.3591874885842	11	11	33
130	1	8	92.6861397335901	29.8469918156436	75.3591874885842	75.3591874885842	11	11	33
131	1	8	92.6861397335901	29.8469918156436	75.3591874885842	75.3591874885842	11	11	33
132	1	8	92.6861397335901	29.8469918156436	75.3591874885842	75.3591874885842	11	11	33
133	1	8	92.6861397335901	29.8469918156436	75.3591874885842	75.3591874885842	11	11	33
134	1	8	92.6861397335901	29.8469918156436	75.3591874885842	75.3591874885842	11	11	33
135	1	8	92.6861397335901	29.8469918156436	75.3591874885842	75.3591874885842	11	11	33
136	1	8	92.6861397335901	29.8469918156436	75.3591874885842	75.3591874885842	11	11	33
137	1	8	92.6861397335901	29.8469918156436	75.3591874885842	75.3591874885842	11	11	33
138	1	8	92.6861397335901	29.8469918156436	75.3591874885842	75.3591874885842	11	11	33
139	1	8	92.6861397335901	29.8469918156436	75.3591874885842	75.3591874885842	11	11	33
140	1	8	92.6861397335901	29.8469918156436	75.3591874885842	75.3591874885842	11	11	33
141	1	8	92.6861397335901	29.8469918156436	75.3591874885842	75.3591874885842	11	11	33
142	1	8	92.6861397335901	29.8469918156436	75.3591874885842	75.3591874885842	11	11	33
143	1	8	92.6861397335901	29.8469918156436	75.3591874885842	75.3591874885842	11	11	33
144	1	8	92.6861397335901	29.8469918156436	75.3591874885842	75.3591874885842	11	11	33
145	1	8	92.6861397335901	29.8469918156436	75.3591874885842	75.3591874885842	11	11	33
146	1	8	92.6861397335901	29.8469918156436	75.3591874885842	75.3591874885842	11	11	33
147	1	8	92.6861397335901	29.8469918156436	75.3591874885842	75.3591874885842	11	11	33
148	1	8	92.6861397335901	29.8469918156436	75.3591874885842	75.3591874885842	11	11	33
149	1	8	92.6861397335901	29.8469918156436	75.3591874885842	75.3591874885842	11	11	33
150	1	8	92.6861397335901	29.8469918156436	75.3591874885842	75.3591874885842	10	11	33
151	1	8	92.6861397335901	29.8469918156436	75.3591874885842	75.3591874885842	11	11	22
152	1	8	92.6861397335901	29.8469918156436	75.3591874885842	75.3591874885842	11	11	22
153	1	8	92.6861397335901	29.8469918156436	75.3591874885842	75.3591874885842	11	11	22
154	1	8	92.6861397335901	29.8469918156436	75.3591874885842	75.3591874885842	11	11	22
155	1	8	92.6861397335901	29.8469918156436	75.3591874885842	75.3591874885842	12	11	33
156	1	8	92.6861397335901	29.8469918156436	75.3591874885842	75.3591874885842	12	11	11
157	1	8	92.6861397335901	29.8469918156436	75.3591874885842	74.3364453311552	8	11	7
158	1	8	92.6861397335901	29.8469918156436	75.3591874885842	75.3591874885842	12	11	22
159	1	8	92.6861397335901	29.8469918156436	75.3591874885842	75.3591874885842	10	11	11
160	1	8	92.6861397335901	29.8469918156436	75.3591874885842	75.3591874885842	7	11	33
161	1	8	92.6861397335901	29.8469918156436	75.3591874885842	75.3591874885842	11	11	44
162	1	8	92.6861397335901	29.8469918156436	75.3591874885842	75.3591874885842	11	11	44
163	1	8	92.6861397335901	29.8469918156436	75.3591874885842	75.3591874885842	11	11	44
164	1	8	92.6861397335901	29.8469918156436	75.3591874885842	75.3591874885842	11	11	55
165	1	8	92.6861397335901	29.8469918156436	75.3591874885842	75.3591874885842	11	11	55
166	1	8	92.6861397335901	29.8469918156436	75.3591874885842	75.3591874885842	11	11	66
167	1	8	92.6861397335901	29.8469918156436	75.3591874885842	75.3591874885842	11	11	66
168	1	8	92.6861397335901	29.8469918156436	75.3591874885842	75.3591874885842	11	11	66
169	1	8	92.6861397335901	29.8469918156436	75.3591874885842	75.3591874885842	11	11	66
170	1	8	92.6861397335901	29.8469918156436	75.3591874885842	75.3591874885842	11	11	66
171	1	8	92.6861397335901	29.8469918156436	75.3591874885842	75.3591874885842	11	11	66
172	1	8	92.6861397335901	29.8469918156436	75.3591874885842	75.3591874885842	11	11	66
173	1	8	92.6861397335901	29.8469918156436	75.3591874885842	75.3591874885842	11	11	66
174	1	8	92.6861397335901	29.8469918156436	75.3591874885842	75.3591874885842	11	11	66
175	1	8	92.6861397335901	29.8469918156436	75.3591874885842	75.3591874885842	11	11	66
176	1	8	92.6861397335901	29.8469918156436	75.3591874885842	75.3591874885842	11	11	66
177	1	8	92.6861397335901	29.8469918156436	75.3591874885842	75.3591874885842	11	11	66
178	1	8	92.6861397335901	29.8469918156436	75.3591874885842	75.3591874885842	11	11	66
179	1	8	92.6861397335901	29.8469918156436	75.3591874885842	75.3591874885842	11	11	66
180	1	8	92.6861397335901	29.8469918156436	75.3591874885842	75.3591874885842	11	11	66
181	1	8	92.6861397335901	29.8469918156436	75.3591874885842	75.3591874885842	11	11	66
182	1	8	92.6861397335901	29.8469918156436	75.3591874885842	75.3591874885842	11	11	66
183	1	8	92.6861397335901	29.8469918156436	75.3591874885842	75.3591874885842	11	11	66
184	1	8	92.6861397335901	29.8469918156436	75.3591874885842	75.3591874885842	11	11	66
185	1	8	92.6861397335901	29.8469918156436	75.3591874885842	75.3591874885842	11	11	66
186	1	8	92.6861397335901	29.8469918156436	75.3591874885842	75.3591874885842	11	11	66
187	1	8	92.6861397335901	29.8469918156436	75.3591874885842	75.3591874885842	11	11	66
188	1	8	92.6861397335901	29.8469918156436	75.3591874885842	75.3591874885842	11	11	66
