"Iteration #"	"Inertia"	"Number of features"	"CV best"	"Permuted CV best"	"Global best fitness"	"Current best fitness"	"Number of features in current best agent"	"Number of features in global best"	"Number of features in local best"
1	1	40	76.8952345270529	43.4493706580335	36.3540886568884	36.3540886568884	40	40	800
2	1	40	76.8952345270529	43.4493706580335	40.8540886568884	40.8540886568884	40	40	760
3	1	27	75.4417993563058	39.9338290386826	45.9971136345959	45.9971136345959	40	27	27
4	1	27	75.4417993563058	39.9338290386826	45.9971136345959	43.1040886568884	40	27	760
5	1	27	75.4417993563058	39.9338290386826	45.9971136345959	43.5540886568884	40	27	760
6	1	30	80.2184813711035	40.6181935032073	49.925570020527	49.925570020527	40	30	30
7	1	30	80.2184813711035	40.6181935032073	50.0862843062412	50.0862843062412	40	30	30
8	1	30	80.2184813711035	40.6181935032073	50.206820020527	50.206820020527	40	30	30
9	1	30	80.2184813711035	40.6181935032073	50.206820020527	50.300570020527	40	30	30
10	1	30	80.2184813711035	40.6181935032073	50.375570020527	50.375570020527	40	30	30
11	1	23	77.2462591506519	37.96012367763	50.7338199098601	50.7338199098601	40	23	23
12	1	23	77.2462591506519	37.96012367763	50.7338199098601	44.6040886568884	40	23	760
13	1	17	80.1939625498599	35.9133850341733	54.5646493970207	54.5646493970207	40	17	17
14	1	17	80.1939625498599	35.9133850341733	54.5646493970207	44.7112315140313	40	17	760
15	1	17	80.1939625498599	35.9133850341733	54.5646493970207	44.7540886568884	40	17	760
16	1	17	80.1939625498599	35.9133850341733	54.5646493970207	44.7915886568884	40	17	760
17	1	17	80.1939625498599	35.9133850341733	54.5646493970207	51.0479807900341	40	17	17
18	1	17	80.1939625498599	35.9133850341733	54.5646493970207	53.8824693668183	40	17	17
19	1	17	80.1939625498599	35.9133850341733	54.5646493970207	52.1179067340865	40	17	17
20	1	17	80.1939625498599	35.9133850341733	54.5646493970207	51.3872068890945	40	17	17
21	1	17	80.1939625498599	35.9133850341733	54.5646493970207	49.9918667234671	40	17	17
22	1	17	80.1939625498599	35.9133850341733	54.5646493970207	50.5655514548803	40	17	17
23	1	17	80.1939625498599	35.9133850341733	54.5646493970207	51.0011758961811	40	17	17
24	1	17	80.1939625498599	35.9133850341733	54.5646493970207	50.9109196472956	1	17	17
25	1	17	80.1939625498599	35.9133850341733	54.7058801662514	54.7058801662514	1	17	17
26	1	17	80.1939625498599	35.9133850341733	54.7058801662514	54.40456910551	1	17	17
27	1	17	80.1939625498599	35.9133850341733	54.7058801662514	54.7172134995848	1	17	17
28	1	17	80.1939625498599	35.9133850341733	54.7058801662514	54.7222730233943	1	17	17
29	1	17	80.1939625498599	35.9133850341733	54.7058801662514	54.7269836145273	1	17	17
30	1	17	80.1939625498599	35.9133850341733	54.7058801662514	54.7313801662514	1	17	17
31	1	17	80.1939625498599	35.9133850341733	54.7058801662514	54.7145336467713	1	17	17
32	1	17	80.1939625498599	35.9133850341733	54.7058801662514	54.7393489162514	1	17	17
33	1	17	80.1939625498599	35.9133850341733	54.7058801662514	54.7429710753423	1	17	17
34	1	17	80.1939625498599	35.9133850341733	54.7058801662514	54.7463801662514	1	17	17
35	1	17	80.1939625498599	35.9133850341733	54.7058801662514	54.7495944519657	1	17	17
36	1	17	80.1939625498599	35.9133850341733	54.7058801662514	45.1040886568884	1	17	760
37	1	17	80.1939625498599	35.9133850341733	54.7058801662514	48.2348450336438	1	17	15
38	1	17	80.1939625498599	35.9133850341733	54.7058801662514	48.2372454603863	1	17	15
39	1	17	80.1939625498599	35.9133850341733	54.7058801662514	48.2395227883215	1	17	15
40	1	17	80.1939625498599	35.9133850341733	54.7058801662514	48.24168624986	1	17	15
41	1	17	80.1939625498599	35.9133850341733	54.7058801662514	47.2396083746095	1	17	15
42	1	17	80.1939625498599	35.9133850341733	54.7058801662514	47.241698966944	1	17	15
43	1	17	80.1939625498599	35.9133850341733	54.7058801662514	54.7699266778793	1	17	17
44	1	17	80.1939625498599	35.9133850341733	54.7058801662514	54.7719483480696	1	17	17
45	1	17	80.1939625498599	35.9133850341733	54.7058801662514	54.7738801662514	1	17	17
46	1	17	80.1939625498599	35.9133850341733	54.7058801662514	45.1584364829754	1	17	760
47	1	17	80.1939625498599	35.9133850341733	54.7058801662514	45.1625992951863	1	17	760
48	1	17	80.1939625498599	35.9133850341733	54.7058801662514	45.1665886568884	1	17	760
49	1	17	80.1939625498599	35.9133850341733	54.7058801662514	45.1704151875007	1	17	760
50	1	17	80.1939625498599	35.9133850341733	54.7058801662514	45.1740886568884	1	17	760
51	1	17	80.1939625498599	35.9133850341733	54.7058801662514	49.700455357576	1	17	10
52	1	17	80.1939625498599	35.9133850341733	54.7058801662514	45.1810117338115	1	17	760
53	1	17	80.1939625498599	35.9133850341733	54.7058801662514	46.7378546312713	1	17	10
54	1	17	80.1939625498599	35.9133850341733	54.7058801662514	45.1874219902218	1	17	760
55	1	17	80.1939625498599	35.9133850341733	54.7058801662514	45.1904522932521	1	17	760
56	1	13	80.4545737990114	36.5140084054023	55.3066701003976	55.3066701003976	1	13	13
57	1	13	80.4545737990114	36.5140084054023	55.3066701003976	53.1915002823315	1	13	13
58	1	13	80.4545737990114	36.5140084054023	55.3066701003976	45.1989162430953	1	13	760
59	1	13	80.4545737990114	36.5140084054023	55.3066701003976	50.0027114804969	1	13	13
60	1	13	80.4545737990114	36.5140084054023	55.3066701003976	45.2040886568884	1	13	760
61	1	13	80.4545737990114	36.5140084054023	55.3066701003976	51.3738410854465	1	13	13
62	1	13	80.4545737990114	36.5140084054023	55.3066701003976	54.8684485673582	1	13	13
63	1	13	80.4545737990114	36.5140084054023	55.3066701003976	54.8691398115978	1	13	13
64	1	13	80.4545737990114	36.5140084054023	55.3066701003976	54.8698094544549	1	13	13
65	1	13	80.4545737990114	36.5140084054023	55.3066701003976	54.8704584929165	1	13	13
66	1	13	80.4545737990114	36.5140084054023	55.3066701003976	45.2177250205248	1	13	760
67	1	13	80.4545737990114	36.5140084054023	55.3066701003976	48.1205299298308	1	13	13
68	1	11	84.8303792316311	37.7075931889462	60.0410721326375	60.0410721326375	1	11	11
69	1	11	84.8303792316311	37.7075931889462	60.0410721326375	53.691597222396	1	11	11
70	1	9	85.3648859686628	32.5078010164589	63.9309418602139	63.9309418602139	1	9	9
71	1	9	85.3648859686628	32.5078010164589	63.9309418602139	52.7384423646722	1	9	9
72	1	9	85.3648859686628	32.5078010164589	63.9309418602139	61.3533357969058	1	9	9
73	1	9	85.3648859686628	32.5078010164589	63.9309418602139	60.5451697132172	1	9	9
74	1	9	85.3648859686628	32.5078010164589	63.9309418602139	60.5455862256201	1	9	9
75	1	9	85.3648859686628	32.5078010164589	63.9309418602139	63.9328704316425	1	9	9
76	1	9	85.3648859686628	32.5078010164589	63.9309418602139	63.9332256948004	1	9	9
77	1	9	85.3648859686628	32.5078010164589	63.9309418602139	63.9335717303438	1	9	9
78	1	9	85.3648859686628	32.5078010164589	63.9309418602139	63.933908893181	1	9	9
79	1	9	85.3648859686628	32.5078010164589	63.9309418602139	63.9342375202501	1	9	9
80	1	9	85.3648859686628	32.5078010164589	63.9309418602139	63.9345579316425	1	9	9
81	1	9	85.3648859686628	32.5078010164589	63.9309418602139	53.6008012254788	1	9	9
82	1	9	85.3648859686628	32.5078010164589	63.9309418602139	63.9351753096913	1	9	171
83	1	9	85.3648859686628	32.5078010164589	63.9309418602139	63.9354728412811	1	9	171
84	1	9	85.3648859686628	32.5078010164589	63.9309418602139	63.9357632887854	1	9	171
85	1	9	85.3648859686628	32.5078010164589	63.9309418602139	63.9360469022308	1	9	171
86	1	9	85.3648859686628	32.5078010164589	63.9309418602139	63.9363239200146	1	9	180
87	1	9	85.3648859686628	32.5078010164589	63.9309418602139	63.9365945695736	1	9	180
88	1	9	85.3648859686628	32.5078010164589	63.9309418602139	63.9368590680062	1	9	180
89	1	9	85.3648859686628	32.5078010164589	63.9309418602139	63.9371176226538	1	9	180
90	1	9	85.3648859686628	32.5078010164589	63.9309418602139	63.9373704316425	1	9	180
91	1	9	85.3648859686628	32.5078010164589	63.9309418602139	63.9376176843898	1	9	180
92	1	9	85.3648859686628	32.5078010164589	63.9309418602139	63.9378595620773	1	9	180
93	1	9	85.3648859686628	32.5078010164589	63.9309418602139	63.9380962380941	1	9	180
94	1	9	85.3648859686628	32.5078010164589	63.9309418602139	63.938327878451	1	9	180
95	1	9	85.3648859686628	32.5078010164589	63.9309418602139	63.9385546421688	1	9	180
96	1	9	85.3648859686628	32.5078010164589	63.9309418602139	63.9387766816425	1	9	171
97	1	9	85.3648859686628	32.5078010164589	63.9309418602139	63.9389941429827	1	9	180
98	1	9	85.3648859686628	32.5078010164589	63.9309418602139	63.9392071663364	1	9	180
99	1	9	85.3648859686628	32.5078010164589	63.9309418602139	63.939415886188	1	9	180
100	1	9	85.3648859686628	32.5078010164589	63.9309418602139	63.9396204316425	1	9	180
101	1	9	85.3648859686628	32.5078010164589	63.9309418602139	63.939820926692	1	9	171
102	1	9	85.3648859686628	32.5078010164589	63.9309418602139	63.9400174904661	1	9	171
103	1	9	85.3648859686628	32.5078010164589	63.9309418602139	63.9402102374678	1	9	171
104	1	9	85.3648859686628	32.5078010164589	63.9309418602139	63.9403992777964	1	9	171
105	1	9	85.3648859686628	32.5078010164589	63.9309418602139	63.9405847173568	1	9	171
106	1	9	85.3648859686628	32.5078010164589	63.9309418602139	63.9407666580576	1	9	171
107	1	9	85.3648859686628	32.5078010164589	63.9309418602139	63.9409451979977	1	9	180
108	1	9	85.3648859686628	32.5078010164589	63.9309418602139	63.9411204316425	1	9	171
109	1	9	85.3648859686628	32.5078010164589	63.9309418602139	63.9412924499911	1	9	171
110	1	9	85.3648859686628	32.5078010164589	63.9309418602139	63.9414613407334	1	9	180
111	1	9	85.3648859686628	32.5078010164589	63.9309418602139	63.9416271883993	1	9	171
112	1	9	85.3648859686628	32.5078010164589	63.9309418602139	63.9417900744997	1	9	171
113	1	9	85.3648859686628	32.5078010164589	63.9309418602139	63.9419500776602	1	9	171
114	1	9	85.3648859686628	32.5078010164589	63.9309418602139	63.9421072737478	1	9	171
115	1	9	85.3648859686628	32.5078010164589	63.9309418602139	63.9422617359903	1	9	171
116	1	9	85.3648859686628	32.5078010164589	63.9309418602139	63.9424135350908	1	9	171
117	1	9	85.3648859686628	32.5078010164589	63.9309418602139	63.9425627393348	1	9	171
118	1	9	85.3648859686628	32.5078010164589	63.9309418602139	63.9427094146934	1	9	171
119	1	9	85.3648859686628	32.5078010164589	63.9309418602139	63.9428536249198	1	9	180
120	1	9	85.3648859686628	32.5078010164589	63.9309418602139	63.9429954316425	1	9	180
121	1	9	85.3648859686628	32.5078010164589	63.9309418602139	63.9431348944524	1	9	171
122	1	9	85.3648859686628	32.5078010164589	63.9309418602139	63.9432720709868	1	9	171
123	1	9	85.3648859686628	32.5078010164589	63.9309418602139	63.9434070170084	1	9	171
124	1	9	85.3648859686628	32.5078010164589	63.9309418602139	63.9435397864812	1	9	171
125	1	9	85.3648859686628	32.5078010164589	63.9309418602139	63.9436704316425	1	9	171
126	1	9	85.3648859686628	32.5078010164589	63.9309418602139	63.9437990030711	1	9	171
127	1	9	85.3648859686628	32.5078010164589	63.9309418602139	63.9439255497528	1	9	171
128	1	9	85.3648859686628	32.5078010164589	63.9309418602139	63.9440501191425	1	9	171
129	1	9	85.3648859686628	32.5078010164589	63.9309418602139	63.9441727572239	1	9	171
130	1	9	85.3648859686628	32.5078010164589	63.9309418602139	63.9442935085656	1	9	171
131	1	9	85.3648859686628	32.5078010164589	63.9309418602139	63.9444124163754	1	9	171
132	1	9	85.3648859686628	32.5078010164589	63.9309418602139	63.9445295225516	1	9	171
133	1	9	85.3648859686628	32.5078010164589	63.9309418602139	63.9446448677327	1	9	171
134	1	9	85.3648859686628	32.5078010164589	63.9309418602139	63.944758491344	1	9	171
135	1	9	85.3648859686628	32.5078010164589	63.9309418602139	63.9448704316425	1	9	171
136	1	9	85.3648859686628	32.5078010164589	63.9309418602139	63.9449807257602	1	9	171
137	1	9	85.3648859686628	32.5078010164589	63.9309418602139	63.9450894097447	1	9	171
138	1	9	85.3648859686628	32.5078010164589	63.9309418602139	63.945196518599	1	9	171
139	1	9	85.3648859686628	32.5078010164589	63.9309418602139	63.9453020863188	1	9	171
140	1	9	85.3648859686628	32.5078010164589	63.9309418602139	63.9454061459282	1	9	171
141	1	9	85.3648859686628	32.5078010164589	63.9309418602139	63.9455087295149	1	9	171
142	1	9	85.3648859686628	32.5078010164589	63.9309418602139	63.9456098682622	1	9	171
143	1	9	85.3648859686628	32.5078010164589	63.9309418602139	63.9457095924817	1	9	171
144	1	9	85.3648859686628	32.5078010164589	63.9309418602139	63.9458079316425	1	9	171
145	1	9	85.3648859686628	32.5078010164589	63.9309418602139	63.9459049144011	1	9	171
146	1	9	85.3648859686628	32.5078010164589	63.9309418602139	63.9460005686288	1	9	171
147	1	9	85.3648859686628	32.5078010164589	63.9309418602139	63.9460949214384	1	9	171
148	1	9	85.3648859686628	32.5078010164589	63.9309418602139	63.9461879992101	1	9	171
149	1	9	85.3648859686628	32.5078010164589	63.9309418602139	63.9462798276157	1	9	171
150	1	9	85.3648859686628	32.5078010164589	63.9309418602139	63.9463704316425	1	9	171
151	1	9	85.3648859686628	32.5078010164589	63.9309418602139	63.946459835616	1	9	171
152	1	9	85.3648859686628	32.5078010164589	63.9309418602139	63.9465480632215	1	9	171
153	1	9	85.3648859686628	32.5078010164589	63.9309418602139	63.9466351375249	1	9	171
154	1	9	85.3648859686628	32.5078010164589	63.9309418602139	63.9467210809932	1	9	171
155	1	9	85.3648859686628	32.5078010164589	63.9309418602139	63.9468059155135	1	9	171
156	1	9	85.3648859686628	32.5078010164589	63.9309418602139	63.9468896624118	1	9	171
157	1	9	85.3648859686628	32.5078010164589	63.9309418602139	63.9469723424705	1	9	171
158	1	9	85.3648859686628	32.5078010164589	63.9309418602139	63.9470539759463	1	9	171
159	1	9	85.3648859686628	32.5078010164589	63.9309418602139	63.9471345825859	1	9	171
160	1	9	85.3648859686628	32.5078010164589	63.9309418602139	63.9472141816425	1	9	171
161	1	9	85.3648859686628	32.5078010164589	63.9309418602139	63.947292791891	1	9	180
162	1	9	85.3648859686628	32.5078010164589	63.9309418602139	63.9473704316425	1	9	180
163	1	9	85.3648859686628	32.5078010164589	63.9309418602139	63.9474471187591	1	9	180
164	1	9	85.3648859686628	32.5078010164589	63.9309418602139	63.9475228706669	1	9	180
165	1	9	85.3648859686628	32.5078010164589	63.9309418602139	63.9475977043698	1	9	180
166	1	9	85.3648859686628	32.5078010164589	63.9309418602139	63.9476716364618	1	9	171
167	1	9	85.3648859686628	32.5078010164589	63.9309418602139	63.9477446831395	1	9	180
168	1	9	85.3648859686628	32.5078010164589	63.9309418602139	63.947816860214	1	9	180
169	1	9	85.3648859686628	32.5078010164589	63.9309418602139	63.9478881831218	1	9	180
170	1	9	85.3648859686628	32.5078010164589	63.9309418602139	63.9479586669366	1	9	180
171	1	9	85.3648859686628	32.5078010164589	63.9309418602139	63.9480283263794	1	9	180
172	1	9	85.3648859686628	32.5078010164589	63.9309418602139	63.9480971758286	1	9	180
173	1	9	85.3648859686628	32.5078010164589	63.9309418602139	63.9481652293304	1	9	180
174	1	9	85.3648859686628	32.5078010164589	63.9309418602139	63.948232500608	1	9	180
175	1	9	85.3648859686628	32.5078010164589	63.9309418602139	63.9482990030711	1	9	180
176	1	9	85.3648859686628	32.5078010164589	63.9309418602139	63.9483647498243	1	9	171
177	1	9	85.3648859686628	32.5078010164589	63.9309418602139	63.9484297536764	1	9	171
178	1	9	85.3648859686628	32.5078010164589	63.9309418602139	63.9484940271481	1	9	180
179	1	9	85.3648859686628	32.5078010164589	63.9309418602139	63.9485575824805	1	9	180
180	1	9	85.3648859686628	32.5078010164589	63.9309418602139	63.9486204316425	1	9	180
181	1	9	85.3648859686628	32.5078010164589	63.9309418602139	63.9486825863387	1	9	171
182	1	9	85.3648859686628	32.5078010164589	63.9309418602139	63.9487440580161	1	9	171
183	1	9	85.3648859686628	32.5078010164589	63.9309418602139	63.948804857872	1	9	171
184	1	9	85.3648859686628	32.5078010164589	63.9309418602139	63.9488649968599	1	9	171
185	1	9	85.3648859686628	32.5078010164589	63.9309418602139	63.9489244856966	1	9	171
186	1	9	85.3648859686628	32.5078010164589	63.9309418602139	63.9489833348683	1	9	171
187	1	9	85.3648859686628	32.5078010164589	63.9309418602139	63.9490415546372	1	9	180
188	1	9	85.3648859686628	32.5078010164589	63.9309418602139	63.9490991550468	1	9	171
189	1	9	85.3648859686628	32.5078010164589	63.9309418602139	63.9491561459282	1	9	180
190	1	9	85.3648859686628	32.5078010164589	63.9309418602139	63.9492125369057	1	9	171
