"Iteration #"	"Inertia"	"Number of features"	"CV best"	"Permuted CV best"	"Global best fitness"	"Current best fitness"	"Number of features in current best agent"	"Number of features in global best"	"Number of features in local best"
1	1	12	96.6222594269621	47.9253386050757	61.25729832095	61.25729832095	3	12	240
2	1	4	96.6222594269621	45.2981213560974	62.5963503952348	62.5963503952348	3	4	4
3	1	5	96.6222594269621	42.4603662274583	65.4300012075043	65.4300012075043	6	6	12
4	1	5	96.6222594269621	42.4603662274583	65.4300012075043	65.4300012075043	6	6	12
5	1	6	100	45.0508693611652	66.3393914471843	66.3393914471843	5	11	11
6	1	6	100	45.0508693611652	66.3393914471843	63.0381658262742	9	11	8
7	1	6	100	45.4213408855876	66.4689502689776	66.4689502689776	8	8	8
8	1	7	100	43.9625938296041	67.3928509859438	67.3928509859438	7	7	7
9	1	7	100	43.9625938296041	67.3928509859438	67.3928509859438	8	7	7
10	1	7	100	43.9625938296041	67.3928509859438	67.1461039180205	11	7	10
11	1	7	100	43.9625938296041	67.3928509859438	66.4689502689776	8	7	8
12	1	7	100	43.9625938296041	67.3928509859438	66.4689502689776	8	7	8
13	1	7	100	43.9625938296041	67.3928509859438	66.815897466596	8	7	7
14	1	7	100	43.9625938296041	67.3928509859438	66.4689502689776	8	7	8
15	1	8	100	44.4370922012841	67.3940354591012	67.3940354591012	7	8	8
16	1	8	100	44.4370922012841	67.3940354591012	66.4689502689776	8	8	8
17	1	8	100	44.4370922012841	67.3940354591012	67.3940354591012	8	8	8
18	1	8	100	44.4370922012841	67.3940354591012	67.3940354591012	8	8	16
19	1	8	100	44.4370922012841	67.3940354591012	67.3940354591012	8	8	24
20	1	8	100	44.4370922012841	67.3940354591012	67.3940354591012	6	8	24
21	1	8	100	44.4370922012841	67.3940354591012	64.1210371058119	8	8	7
22	1	8	100	44.4370922012841	67.3940354591012	67.3940354591012	8	8	8
23	1	8	100	44.4370922012841	67.3940354591012	67.3940354591012	8	8	8
24	1	8	100	44.4370922012841	67.3940354591012	67.3940354591012	8	8	8
25	1	8	100	44.4370922012841	67.3940354591012	67.3940354591012	8	8	8
26	1	8	100	44.4370922012841	67.3940354591012	67.3940354591012	6	8	8
27	1	8	100	44.4370922012841	67.3940354591012	64.6881934354943	8	8	9
28	1	8	100	44.4370922012841	67.3940354591012	67.3940354591012	6	8	8
29	1	8	100	44.4370922012841	67.3940354591012	67.3940354591012	8	8	8
30	1	8	100	44.4370922012841	67.3940354591012	67.3940354591012	7	8	24
31	1	8	100	44.4370922012841	67.3940354591012	67.3940354591012	8	8	16
32	1	8	100	44.4370922012841	67.3940354591012	67.3940354591012	8	8	24
33	1	8	100	44.4370922012841	67.3940354591012	67.3940354591012	8	8	24
34	1	8	100	44.4370922012841	67.3940354591012	67.3940354591012	8	8	24
35	1	8	100	44.4370922012841	67.3940354591012	67.3940354591012	7	8	24
36	1	8	100	44.4370922012841	67.3940354591012	66.4295727312929	7	8	6
37	1	8	100	44.4370922012841	67.3940354591012	67.3940354591012	8	8	8
38	1	8	100	44.4370922012841	67.3940354591012	67.3940354591012	9	8	24
39	1	8	100	44.4370922012841	67.3940354591012	67.3940354591012	9	8	16
40	1	8	100	44.4370922012841	67.3940354591012	67.3940354591012	9	8	16
41	1	8	100	44.4370922012841	67.3940354591012	67.3940354591012	8	8	24
42	1	8	100	44.4370922012841	67.3940354591012	67.3940354591012	8	8	32
43	1	8	100	44.4370922012841	67.3940354591012	67.3940354591012	8	8	32
44	1	8	100	44.4370922012841	67.3940354591012	67.3940354591012	8	8	40
45	1	8	100	44.4370922012841	67.3940354591012	67.3940354591012	7	8	40
46	1	8	100	44.4370922012841	67.3940354591012	67.3940354591012	8	8	40
47	1	8	100	44.4370922012841	67.3940354591012	67.3940354591012	8	8	48
48	1	8	100	44.4370922012841	67.3940354591012	67.3940354591012	8	8	40
49	1	8	100	44.4370922012841	67.3940354591012	67.3940354591012	8	8	40
50	1	8	100	44.4370922012841	67.3940354591012	67.3940354591012	6	8	48
51	1	8	100	44.4370922012841	67.3940354591012	67.3940354591012	8	8	24
52	1	8	100	44.4370922012841	67.3940354591012	67.3940354591012	7	8	40
53	1	8	100	44.4370922012841	67.3940354591012	67.3940354591012	8	8	24
54	1	8	100	44.4370922012841	67.3940354591012	67.3940354591012	8	8	24
55	1	8	100	44.4370922012841	67.3940354591012	67.3940354591012	8	8	32
56	1	8	100	44.4370922012841	67.3940354591012	67.3940354591012	8	8	32
57	1	8	100	44.4370922012841	67.3940354591012	67.3940354591012	8	8	32
58	1	8	100	44.4370922012841	67.3940354591012	67.3940354591012	8	8	32
59	1	8	100	44.4370922012841	67.3940354591012	67.3940354591012	8	8	32
60	1	8	100	44.4370922012841	67.3940354591012	67.3940354591012	8	8	48
61	1	8	100	44.4370922012841	67.3940354591012	67.3940354591012	8	8	40
62	1	8	100	44.4370922012841	67.3940354591012	67.3940354591012	8	8	32
63	1	8	100	44.4370922012841	67.3940354591012	67.3940354591012	8	8	40
64	1	8	100	44.4370922012841	67.3940354591012	67.3940354591012	7	8	48
65	1	8	100	44.4370922012841	67.3940354591012	67.3940354591012	8	8	40
66	1	8	100	44.4370922012841	67.3940354591012	67.3940354591012	8	8	48
67	1	8	100	44.4370922012841	67.3940354591012	67.3940354591012	8	8	56
68	1	8	100	44.4370922012841	67.3940354591012	67.3940354591012	8	8	48
69	1	8	100	44.4370922012841	67.3940354591012	67.3940354591012	8	8	56
70	1	8	100	44.4370922012841	67.3940354591012	67.3940354591012	8	8	56
71	1	8	100	44.4370922012841	67.3940354591012	67.3940354591012	8	8	48
72	1	8	100	44.4370922012841	67.3940354591012	67.3940354591012	8	8	48
73	1	8	100	44.4370922012841	67.3940354591012	67.3940354591012	8	8	56
74	1	8	100	44.4370922012841	67.3940354591012	67.3940354591012	8	8	56
75	1	8	100	44.4370922012841	67.3940354591012	67.3940354591012	9	8	64
76	1	8	100	44.4370922012841	67.3940354591012	67.3940354591012	8	8	48
77	1	8	100	44.4370922012841	67.3940354591012	67.3940354591012	8	8	64
78	1	8	100	44.4370922012841	67.3940354591012	67.3940354591012	8	8	64
79	1	8	100	44.4370922012841	67.3940354591012	67.3940354591012	8	8	64
80	1	8	100	44.4370922012841	67.3940354591012	67.3940354591012	8	8	64
81	1	8	100	44.4370922012841	67.3940354591012	67.3940354591012	8	8	56
82	1	8	100	44.4370922012841	67.3940354591012	67.3940354591012	8	8	64
83	1	8	100	44.4370922012841	67.3940354591012	67.3940354591012	8	8	64
84	1	8	100	44.4370922012841	67.3940354591012	67.3940354591012	8	8	64
85	1	8	100	44.4370922012841	67.3940354591012	67.3940354591012	8	8	64
86	1	8	100	44.4370922012841	67.3940354591012	67.3940354591012	8	8	72
87	1	8	100	44.4370922012841	67.3940354591012	67.3940354591012	8	8	72
88	1	8	100	44.4370922012841	67.3940354591012	67.3940354591012	8	8	72
89	1	8	100	44.4370922012841	67.3940354591012	67.3940354591012	8	8	72
90	1	8	100	44.4370922012841	67.3940354591012	67.3940354591012	8	8	72
91	1	8	100	44.4370922012841	67.3940354591012	67.3940354591012	8	8	72
92	1	8	100	44.4370922012841	67.3940354591012	67.3940354591012	8	8	72
93	1	8	100	44.4370922012841	67.3940354591012	67.3940354591012	8	8	72
94	1	8	100	44.4370922012841	67.3940354591012	67.3940354591012	8	8	80
95	1	8	100	44.4370922012841	67.3940354591012	67.3940354591012	8	8	80
96	1	8	100	44.4370922012841	67.3940354591012	67.3940354591012	8	8	72
97	1	8	100	44.4370922012841	67.3940354591012	67.3940354591012	8	8	80
98	1	8	100	44.4370922012841	67.3940354591012	67.3940354591012	8	8	80
99	1	8	100	44.4370922012841	67.3940354591012	67.3940354591012	8	8	80
100	1	8	100	44.4370922012841	67.3940354591012	67.3940354591012	8	8	80
101	1	8	100	44.4370922012841	67.3940354591012	67.3940354591012	8	8	80
102	1	8	100	44.4370922012841	67.3940354591012	67.3940354591012	8	8	80
103	1	8	100	44.4370922012841	67.3940354591012	67.3940354591012	8	8	80
104	1	8	100	44.4370922012841	67.3940354591012	67.3940354591012	8	8	80
105	1	8	100	44.4370922012841	67.3940354591012	67.3940354591012	8	8	80
106	1	8	100	44.4370922012841	67.3940354591012	67.3940354591012	8	8	80
107	1	8	100	44.4370922012841	67.3940354591012	67.3940354591012	8	8	80
108	1	8	100	44.4370922012841	67.3940354591012	67.3940354591012	8	8	80
109	1	8	100	44.4370922012841	67.3940354591012	67.3940354591012	8	8	80
110	1	8	100	44.4370922012841	67.3940354591012	67.3940354591012	8	8	80
111	1	8	100	44.4370922012841	67.3940354591012	67.3940354591012	8	8	80
112	1	8	100	44.4370922012841	67.3940354591012	67.3940354591012	8	8	80
113	1	8	100	44.4370922012841	67.3940354591012	67.3940354591012	8	8	80
114	1	8	100	44.4370922012841	67.3940354591012	67.3940354591012	8	8	80
115	1	8	100	44.4370922012841	67.3940354591012	67.3940354591012	8	8	80
116	1	8	100	44.4370922012841	67.3940354591012	67.3940354591012	8	8	80
117	1	8	100	44.4370922012841	67.3940354591012	67.3940354591012	8	8	80
118	1	8	100	44.4370922012841	67.3940354591012	67.3940354591012	8	8	80
119	1	8	100	44.4370922012841	67.3940354591012	67.3940354591012	8	8	80
120	1	8	100	44.4370922012841	67.3940354591012	67.3940354591012	8	8	80
121	1	8	100	44.4370922012841	67.3940354591012	67.3940354591012	8	8	80
122	1	8	100	44.4370922012841	67.3940354591012	67.3940354591012	8	8	80
123	1	8	100	44.4370922012841	67.3940354591012	67.3940354591012	8	8	80
124	1	8	100	44.4370922012841	67.3940354591012	67.3940354591012	8	8	80
125	1	8	100	44.4370922012841	67.3940354591012	67.3940354591012	8	8	80
126	1	8	100	44.4370922012841	67.3940354591012	67.3940354591012	8	8	80
127	1	8	100	44.4370922012841	67.3940354591012	67.3940354591012	8	8	80
128	1	8	100	44.4370922012841	67.3940354591012	67.3940354591012	8	8	80
129	1	8	100	44.4370922012841	67.3940354591012	67.3940354591012	8	8	80
130	1	8	100	44.4370922012841	67.3940354591012	67.3940354591012	8	8	80
131	1	8	100	44.4370922012841	67.3940354591012	67.3940354591012	8	8	80
132	1	8	100	44.4370922012841	67.3940354591012	67.3940354591012	8	8	80
133	1	8	100	44.4370922012841	67.3940354591012	67.3940354591012	8	8	80
134	1	8	100	44.4370922012841	67.3940354591012	67.3940354591012	8	8	80
135	1	8	100	44.4370922012841	67.3940354591012	67.3940354591012	8	8	80
136	1	8	100	44.4370922012841	67.3940354591012	67.3940354591012	8	8	80
137	1	8	100	44.4370922012841	67.3940354591012	67.3940354591012	8	8	80
138	1	8	100	44.4370922012841	67.3940354591012	67.3940354591012	8	8	80
