"Iteration #"	"Inertia"	"Number of features"	"CV best"	"Permuted CV best"	"Global best fitness"	"Current best fitness"	"Number of features in current best agent"	"Number of features in global best"	"Number of features in local best"
1	1	24	89.4841770452242	79.1216030662447	26.7280106375468	26.7280106375468	13	24	480
2	1	6	100	79.534349491113	38.9440109117765	38.9440109117765	14	15	15
3	1	10	100	79.3120554252329	40.481561202337	40.481561202337	14	14	14
4	1	10	100	79.537185273991	42.1364703082063	42.1364703082063	10	10	10
5	1	10	100	79.534349491113	42.8815109117765	42.8815109117765	11	10	10
6	1	10	100	79.534349491113	42.8815109117765	40.5735125135848	13	10	14
7	1	11	100	79.4141236093757	43.362494425818	43.362494425818	11	11	11
8	1	11	100	79.4141236093757	43.362494425818	43.4361551401037	11	11	11
9	1	11	100	79.1106720277187	43.670148628216	43.670148628216	10	10	10
10	1	11	100	79.1106720277187	43.670148628216	43.7118152948826	10	10	30
11	1	11	100	79.1106720277187	43.670148628216	43.7459062039736	10	10	30
12	1	11	100	79.1928897255566	43.9816438587771	43.9816438587771	8	8	8
13	1	11	100	79.1928897255566	43.9816438587771	44.0008746280078	8	8	8
14	1	11	100	79.1928897255566	43.9816438587771	44.0173581444914	8	8	8
15	1	11	100	79.1928897255566	43.9816438587771	44.0316438587771	8	8	8
16	1	11	100	79.1928897255566	43.9816438587771	44.0441438587771	8	8	8
17	1	11	100	79.1928897255566	43.9816438587771	44.0551732705418	8	8	8
18	1	11	100	79.1928897255566	43.9816438587771	44.0649771921104	8	8	16
19	1	11	100	79.1928897255566	43.9816438587771	44.073749121935	8	8	16
20	1	11	100	79.1928897255566	43.9816438587771	44.0816438587771	8	8	16
21	1	10	100	79.1928897255566	44.0887867159199	44.0887867159199	8	8	16
22	1	10	100	79.1928897255566	44.0887867159199	44.0952802224134	8	8	16
23	1	10	100	79.1928897255566	44.0887867159199	44.1012090761684	8	8	24
24	1	10	100	79.1928897255566	44.0887867159199	44.1066438587771	8	8	24
25	1	10	100	79.1928897255566	44.0887867159199	44.1116438587771	8	8	24
26	1	10	100	79.1928897255566	44.0887867159199	44.1162592433925	8	8	32
27	1	10	100	79.1928897255566	44.0887867159199	44.120532747666	8	8	32
28	1	10	100	79.1928897255566	44.0887867159199	44.1245010016342	8	8	32
29	1	10	100	79.1928897255566	44.0887867159199	44.128195582915	8	8	32
30	1	10	100	79.1928897255566	44.0887867159199	44.1316438587771	8	8	40
31	1	10	100	79.1928897255566	44.0887867159199	44.1348696652287	8	8	40
32	1	10	100	79.1928897255566	44.0887867159199	44.1378938587771	8	8	40
33	1	10	100	79.1928897255566	44.0887867159199	44.140734767868	8	8	40
34	1	10	100	79.1928897255566	44.0887867159199	44.1434085646594	8	8	40
35	1	10	100	79.1928897255566	44.0887867159199	44.1459295730628	8	8	40
36	1	10	100	79.1928897255566	44.0887867159199	44.1483105254437	8	8	48
37	1	10	100	79.1928897255566	44.0887867159199	44.150562777696	8	8	48
38	1	10	100	79.1928897255566	44.0887867159199	44.152696490356	8	8	48
39	1	10	100	79.1928897255566	44.0887867159199	44.154720781854	8	8	48
40	1	10	100	79.1928897255566	44.0887867159199	44.1566438587771	8	8	48
41	1	10	100	79.1928897255566	44.0887867159199	44.1584731270698	8	8	48
42	1	10	100	79.1928897255566	44.0887867159199	44.1602152873485	8	8	48
43	1	9	100	79.1216030662447	44.2117770784349	44.2117770784349	8	8	8
44	1	9	100	79.1216030662447	44.2117770784349	44.2133627021135	8	8	16
45	1	9	100	79.1216030662447	44.2117770784349	44.2148778536287	8	8	24
46	1	9	100	79.1216030662447	44.2117770784349	44.216327128991	8	8	24
47	1	9	100	79.1216030662447	44.2117770784349	44.2177147330613	8	8	24
48	1	9	100	79.1216030662447	44.2117770784349	44.2190445202953	8	8	24
49	1	9	100	79.1216030662447	44.2117770784349	44.2203200304994	8	8	32
50	1	9	100	79.1216030662447	44.2117770784349	44.2215445202954	8	8	32
51	1	9	100	79.1216030662447	44.2117770784349	44.2227209908836	8	8	32
52	1	9	100	79.1216030662447	44.2117770784349	44.223852212603	8	8	32
53	1	9	100	79.1216030662447	44.2117770784349	44.2249407467104	8	8	32
54	1	9	100	79.1216030662447	44.2117770784349	44.2259889647398	8	8	32
55	1	9	100	79.1216030662447	44.2117770784349	44.2269990657499	8	8	32
56	1	9	100	79.1216030662447	44.2117770784349	44.2279730917239	8	8	40
57	1	9	100	79.1216030662447	44.2117770784349	44.228912941348	8	8	40
58	1	9	100	79.1216030662447	44.2117770784349	44.2298203823643	8	8	40
59	1	9	100	79.1216030662447	44.2117770784349	44.2306970626682	8	8	40
60	1	9	100	79.1216030662447	44.2117770784349	44.2315445202954	8	8	40
61	1	9	100	79.1216030662447	44.2117770784349	44.2323641924265	8	8	40
62	1	9	100	79.1216030662447	44.2117770784349	44.2331574235212	8	8	56
63	1	9	100	79.1216030662447	44.2117770784349	44.2339254726763	8	8	56
64	1	9	100	79.1216030662447	44.2117770784349	44.2346695202953	8	8	56
65	1	9	100	79.1216030662447	44.2117770784349	44.2353906741415	8	8	56
66	1	9	100	79.1216030662447	44.2117770784349	44.2360899748408	8	8	56
67	1	9	100	79.1216030662447	44.2117770784349	44.2367684008924	8	8	56
68	1	9	100	79.1216030662447	44.2117770784349	44.2374268732365	8	8	56
69	1	9	100	79.1216030662447	44.2117770784349	44.2380662594258	8	8	56
70	1	9	100	79.1216030662447	44.2117770784349	44.2386873774382	8	8	56
71	1	9	100	79.1216030662447	44.2117770784349	44.2392909991686	8	8	56
72	1	9	100	79.1216030662447	44.2117770784349	44.2398778536287	8	8	56
73	1	9	100	79.1216030662447	44.2117770784349	44.2404486298844	8	8	64
74	1	9	100	79.1216030662447	44.2117770784349	44.2410039797548	8	8	64
75	1	9	100	79.1216030662447	44.2117770784349	44.2415445202953	8	8	64
76	1	9	100	79.1216030662447	44.2117770784349	44.2420708360848	8	8	64
77	1	9	100	79.1216030662447	44.2117770784349	44.2425834813343	8	8	64
78	1	9	100	79.1216030662447	44.2117770784349	44.2430829818338	8	8	64
79	1	9	100	79.1216030662447	44.2117770784349	44.243569836751	8	8	64
80	1	9	100	79.1216030662447	44.2117770784349	44.2440445202954	8	8	64
81	1	9	100	79.1216030662447	44.2117770784349	44.2445074832583	8	8	64
82	1	9	100	79.1216030662447	44.2117770784349	44.2449591544417	8	8	64
83	1	9	100	79.1216030662447	44.2117770784349	44.2453999419821	8	8	64
84	1	9	100	79.1216030662447	44.2117770784349	44.2458302345811	8	8	64
85	1	9	100	79.1216030662447	44.2117770784349	44.2462504026483	8	8	64
86	1	9	100	79.1216030662447	44.2117770784349	44.2466607993651	8	8	64
87	1	9	100	79.1216030662447	44.2117770784349	44.2470617616747	8	8	64
88	1	9	100	79.1216030662447	44.2117770784349	44.2474536112044	8	8	64
89	1	9	100	79.1216030662447	44.2117770784349	44.2478366551268	8	8	64
90	1	9	100	79.1216030662447	44.2117770784349	44.248211186962	8	8	64
91	1	9	100	79.1216030662447	44.2117770784349	44.2485774873283	8	8	64
92	1	9	100	79.1216030662447	44.2117770784349	44.2489358246432	8	8	64
93	1	9	100	79.1216030662447	44.2117770784349	44.2492864557792	8	8	64
94	1	9	100	79.1216030662447	44.2117770784349	44.2496296266783	8	8	64
95	1	9	100	79.1216030662447	44.2117770784349	44.2499655729269	8	8	64
96	1	9	100	79.1216030662447	44.2117770784349	44.2502945202953	8	8	64
97	1	9	100	79.1216030662447	44.2117770784349	44.2506166852438	8	8	64
98	1	9	100	79.1216030662447	44.2117770784349	44.2509322753974	8	8	64
99	1	9	100	79.1216030662447	44.2117770784349	44.2512414899923	8	8	64
100	1	9	100	79.1216030662447	44.2117770784349	44.2515445202953	8	8	64
101	1	9	100	79.1216030662447	44.2117770784349	44.2518415499983	8	8	64
102	1	9	100	79.1216030662447	44.2117770784349	44.2521327555895	8	8	64
103	1	9	100	79.1216030662447	44.2117770784349	44.2524183067031	8	8	64
104	1	9	100	79.1216030662447	44.2117770784349	44.2526983664492	8	8	64
105	1	9	100	79.1216030662447	44.2117770784349	44.2529730917239	8	8	64
106	1	9	100	79.1216030662447	44.2117770784349	44.2532426335029	8	8	64
107	1	9	100	79.1216030662447	44.2117770784349	44.2535071371178	8	8	64
108	1	9	100	79.1216030662447	44.2117770784349	44.2537667425176	8	8	64
109	1	9	100	79.1216030662447	44.2117770784349	44.2540215845155	8	8	64
110	1	9	100	79.1216030662447	44.2117770784349	44.2542717930226	8	8	64
111	1	9	100	79.1216030662447	44.2117770784349	44.2545174932683	8	8	64
112	1	9	100	79.1216030662447	44.2117770784349	44.2547588060096	8	8	64
113	1	9	100	79.1216030662447	44.2117770784349	44.254995847729	8	8	64
114	1	9	100	79.1216030662447	44.2117770784349	44.2552287308217	8	8	64
115	1	9	100	79.1216030662447	44.2117770784349	44.2554575637736	8	8	64
116	1	9	100	79.1216030662447	44.2117770784349	44.2556824513298	8	8	64
117	1	9	100	79.1216030662447	44.2117770784349	44.2559034946543	8	8	64
118	1	9	100	79.1216030662447	44.2117770784349	44.2561207914818	8	8	64
119	1	9	100	79.1216030662447	44.2117770784349	44.2563344362617	8	8	64
120	1	9	100	79.1216030662447	44.2117770784349	44.2565445202953	8	8	64
121	1	9	100	79.1216030662447	44.2117770784349	44.2567511318656	8	8	64
122	1	9	100	79.1216030662447	44.2117770784349	44.2569543563609	8	8	64
123	1	9	100	79.1216030662447	44.2117770784349	44.2571542763929	8	8	64
124	1	9	100	79.1216030662447	44.2117770784349	44.2573509719083	8	8	64
125	1	9	100	79.1216030662447	44.2117770784349	44.2575445202953	8	8	64
126	1	9	100	79.1216030662447	44.2117770784349	44.2577349964858	8	8	64
127	1	9	100	79.1216030662447	44.2117770784349	44.2579224730513	8	8	64
128	1	9	100	79.1216030662447	44.2117770784349	44.2581070202953	8	8	64
129	1	9	100	79.1216030662447	44.2117770784349	44.2582887063419	8	8	64
130	1	9	100	79.1216030662447	44.2117770784349	44.2584675972184	8	8	64
131	1	9	100	79.1216030662447	44.2117770784349	44.2586437569366	8	8	64
132	1	9	100	79.1216030662447	44.2117770784349	44.2588172475681	8	8	64
133	1	9	100	79.1216030662447	44.2117770784349	44.2589881293179	8	8	64
134	1	9	100	79.1216030662447	44.2117770784349	44.2591564605939	8	8	64
135	1	9	100	79.1216030662447	44.2117770784349	44.2593222980731	8	8	64
136	1	9	100	79.1216030662447	44.2117770784349	44.2594856967659	8	8	64
137	1	9	100	79.1216030662447	44.2117770784349	44.2596467100764	8	8	64
138	1	9	100	79.1216030662447	44.2117770784349	44.2598053898606	8	8	64
139	1	9	100	79.1216030662447	44.2117770784349	44.2599617864824	8	8	64
140	1	9	100	79.1216030662447	44.2117770784349	44.2601159488668	8	8	64
141	1	9	100	79.1216030662447	44.2117770784349	44.2602679245507	8	8	64
142	1	9	100	79.1216030662447	44.2117770784349	44.260417759732	8	8	64
143	1	9	100	79.1216030662447	44.2117770784349	44.2605654993163	8	8	64
144	1	9	100	79.1216030662447	44.2117770784349	44.260711186962	8	8	64
145	1	9	100	79.1216030662447	44.2117770784349	44.2608548651229	8	8	64
146	1	9	100	79.1216030662447	44.2117770784349	44.2609965750899	8	8	64
147	1	9	100	79.1216030662447	44.2117770784349	44.26113635703	8	8	64
148	1	9	100	79.1216030662447	44.2117770784349	44.2612742500251	8	8	64
149	1	9	100	79.1216030662447	44.2117770784349	44.2614102921074	8	8	64
150	1	9	100	79.1216030662447	44.2117770784349	44.2615445202954	8	8	64
151	1	9	100	79.1216030662447	44.2117770784349	44.2616769706265	8	8	64
152	1	9	100	79.1216030662447	44.2117770784349	44.2618076781901	8	8	64
153	1	9	100	79.1216030662447	44.2117770784349	44.2619366771581	8	8	64
154	1	9	100	79.1216030662447	44.2117770784349	44.2620640008148	8	8	64
155	1	9	100	79.1216030662447	44.2117770784349	44.2621896815857	8	8	64
156	1	9	100	79.1216030662447	44.2117770784349	44.2623137510646	8	8	64
157	1	9	100	79.1216030662447	44.2117770784349	44.2624362400406	8	8	64
158	1	9	100	79.1216030662447	44.2117770784349	44.2625571785232	8	8	64
159	1	9	100	79.1216030662447	44.2117770784349	44.262676595767	8	8	64
160	1	9	100	79.1216030662447	44.2117770784349	44.2627945202954	8	8	64
161	1	9	100	79.1216030662447	44.2117770784349	44.2629109799227	8	8	64
162	1	9	100	79.1216030662447	44.2117770784349	44.2630260017768	8	8	64
163	1	9	100	79.1216030662447	44.2117770784349	44.2631396123199	8	8	64
164	1	9	100	79.1216030662447	44.2117770784349	44.2632518373685	8	8	64
165	1	9	100	79.1216030662447	44.2117770784349	44.2633627021135	8	8	64
166	1	9	100	79.1216030662447	44.2117770784349	44.2634722311387	8	8	64
167	1	9	100	79.1216030662447	44.2117770784349	44.2635804484391	8	8	64
168	1	9	100	79.1216030662447	44.2117770784349	44.2636873774382	8	8	64
169	1	9	100	79.1216030662447	44.2117770784349	44.2637930410054	8	8	64
170	1	9	100	79.1216030662447	44.2117770784349	44.2638974614718	8	8	64
171	1	9	100	79.1216030662447	44.2117770784349	44.2640006606462	8	8	64
172	1	9	100	79.1216030662447	44.2117770784349	44.2641026598302	8	8	64
173	1	9	100	79.1216030662447	44.2117770784349	44.2642034798329	8	8	64
174	1	9	100	79.1216030662447	44.2117770784349	44.264303140985	8	8	64
175	1	9	100	79.1216030662447	44.2117770784349	44.2644016631525	8	8	64
176	1	9	100	79.1216030662447	44.2117770784349	44.2644990657499	8	8	64
177	1	9	100	79.1216030662447	44.2117770784349	44.264595367753	8	8	64
178	1	9	100	79.1216030662447	44.2117770784349	44.2646905877111	8	8	64
179	1	9	100	79.1216030662447	44.2117770784349	44.264784743759	8	8	64
180	1	9	100	79.1216030662447	44.2117770784349	44.2648778536287	8	8	64
181	1	9	100	79.1216030662447	44.2117770784349	44.26496993466	8	8	64
182	1	9	100	79.1216030662447	44.2117770784349	44.2650610038118	8	8	64
183	1	9	100	79.1216030662447	44.2117770784349	44.2651510776724	8	8	64
184	1	9	100	79.1216030662447	44.2117770784349	44.2652401724693	8	8	64
185	1	9	100	79.1216030662447	44.2117770784349	44.2653283040791	8	8	64
186	1	9	100	79.1216030662447	44.2117770784349	44.2654154880373	8	8	64
187	1	9	100	79.1216030662447	44.2117770784349	44.2655017395467	8	8	64
188	1	9	100	79.1216030662447	44.2117770784349	44.2655870734868	8	8	64
189	1	9	100	79.1216030662447	44.2117770784349	44.2656715044223	8	8	64
190	1	9	100	79.1216030662447	44.2117770784349	44.2657550466111	8	8	64
191	1	9	100	79.1216030662447	44.2117770784349	44.2658377140126	8	8	64
192	1	9	100	79.1216030662447	44.2117770784349	44.2659195202953	8	8	64
193	1	9	100	79.1216030662447	44.2117770784349	44.2660004788446	8	8	64
194	1	9	100	79.1216030662447	44.2117770784349	44.2660806027696	8	8	64
195	1	9	100	79.1216030662447	44.2117770784349	44.2661599049107	8	8	64
196	1	9	100	79.1216030662447	44.2117770784349	44.2662383978464	8	8	64
197	1	9	100	79.1216030662447	44.2117770784349	44.2663160938994	8	8	64
198	1	9	100	79.1216030662447	44.2117770784349	44.2663930051438	8	8	64
199	1	9	100	79.1216030662447	44.2117770784349	44.2664691434109	8	8	64
200	1	9	100	79.1216030662447	44.2117770784349	44.2665445202953	8	8	64
201	1	9	100	79.1216030662447	44.2117770784349	44.266619147161	8	8	64
202	1	9	100	79.1216030662447	44.2117770784349	44.2666930351468	8	8	64
203	1	9	100	79.1216030662447	44.2117770784349	44.2667661951722	8	8	64
204	1	9	100	79.1216030662447	44.2117770784349	44.2668386379424	8	8	64
205	1	9	100	79.1216030662447	44.2117770784349	44.2669103739539	8	8	64
206	1	9	100	79.1216030662447	44.2117770784349	44.2669814134992	8	8	64
207	1	9	100	79.1216030662447	44.2117770784349	44.2670517666722	8	8	64
208	1	9	100	79.1216030662447	44.2117770784349	44.2671214433723	8	8	64
209	1	9	100	79.1216030662447	44.2117770784349	44.2671904533097	8	8	64
210	1	9	100	79.1216030662447	44.2117770784349	44.2672588060096	8	8	64
211	1	9	100	79.1216030662447	44.2117770784349	44.2673265108167	8	8	64
212	1	9	100	79.1216030662447	44.2117770784349	44.2673935768991	8	8	64
213	1	9	100	79.1216030662447	44.2117770784349	44.2674600132531	8	8	64
214	1	9	100	79.1216030662447	44.2117770784349	44.2675258287066	8	8	64
215	1	9	100	79.1216030662447	44.2117770784349	44.2675910319233	8	8	64
216	1	9	100	79.1216030662447	44.2117770784349	44.2676556314065	8	8	64
217	1	9	100	79.1216030662447	44.2117770784349	44.2677196355027	8	8	64
218	1	9	100	79.1216030662447	44.2117770784349	44.2677830524054	8	8	64
219	1	9	100	79.1216030662447	44.2117770784349	44.2678458901584	8	8	64
220	1	9	100	79.1216030662447	44.2117770784349	44.267908156659	8	8	64
221	1	9	100	79.1216030662447	44.2117770784349	44.2679698596619	8	8	64
222	1	9	100	79.1216030662447	44.2117770784349	44.2680310067818	8	8	64
223	1	9	100	79.1216030662447	44.2117770784349	44.2680916054971	8	8	64
224	1	9	100	79.1216030662447	44.2117770784349	44.2681516631525	8	8	64
225	1	9	100	79.1216030662447	44.2117770784349	44.268211186962	8	8	64
226	1	9	100	79.1216030662447	44.2117770784349	44.2682701840122	8	8	64
227	1	9	100	79.1216030662447	44.2117770784349	44.2683286612645	8	8	64
228	1	9	100	79.1216030662447	44.2117770784349	44.2683866255585	8	8	64
229	1	9	100	79.1216030662447	44.2117770784349	44.2684440836141	8	8	64
230	1	9	100	79.1216030662447	44.2117770784349	44.2685010420345	8	8	64
231	1	9	100	79.1216030662447	44.2117770784349	44.2685575073083	8	8	64
232	1	9	100	79.1216030662447	44.2117770784349	44.2686134858126	8	8	64
233	1	9	100	79.1216030662447	44.2117770784349	44.2686689838147	8	8	64
234	1	9	100	79.1216030662447	44.2117770784349	44.2687240074748	8	8	64
235	1	9	100	79.1216030662447	44.2117770784349	44.2687785628485	8	8	64
236	1	9	100	79.1216030662447	44.2117770784349	44.2688326558886	8	8	64
237	1	9	100	79.1216030662447	44.2117770784349	44.2688862924472	8	8	64
238	1	9	100	79.1216030662447	44.2117770784349	44.2689394782785	8	8	64
239	1	9	100	79.1216030662447	44.2117770784349	44.2689922190401	8	8	64
240	1	9	100	79.1216030662447	44.2117770784349	44.2690445202954	8	8	64
241	1	9	100	79.1216030662447	44.2117770784349	44.2690963875153	8	8	64
242	1	9	100	79.1216030662447	44.2117770784349	44.2691478260805	8	8	64
243	1	9	100	79.1216030662447	44.2117770784349	44.269198841283	8	8	64
244	1	9	100	79.1216030662447	44.2117770784349	44.2692494383281	8	8	64
245	1	9	100	79.1216030662447	44.2117770784349	44.2692996223362	8	8	64
246	1	9	100	79.1216030662447	44.2117770784349	44.2693493983441	8	8	64
247	1	9	100	79.1216030662447	44.2117770784349	44.2693987713075	8	8	64
248	1	9	100	79.1216030662447	44.2117770784349	44.2694477461018	8	8	64
249	1	9	100	79.1216030662447	44.2117770784349	44.2694963275243	8	8	64
250	1	9	100	79.1216030662447	44.2117770784349	44.2695445202953	8	8	64
251	1	9	100	79.1216030662447	44.2117770784349	44.2695923290603	8	8	64
252	1	9	100	79.1216030662447	44.2117770784349	44.2696397583906	8	8	64
253	1	9	100	79.1216030662447	44.2117770784349	44.2696868127855	8	8	64
254	1	9	100	79.1216030662447	44.2117770784349	44.2697334966733	8	8	64
255	1	9	100	79.1216030662447	44.2117770784349	44.269779814413	8	8	64
256	1	9	100	79.1216030662447	44.2117770784349	44.2698257702953	8	8	64
257	1	9	100	79.1216030662447	44.2117770784349	44.2698713685444	8	8	64
258	1	9	100	79.1216030662447	44.2117770784349	44.2699166133186	8	8	64
259	1	9	100	79.1216030662447	44.2117770784349	44.2699615087123	8	8	64
260	1	9	100	79.1216030662447	44.2117770784349	44.2700060587569	8	8	64
261	1	9	100	79.1216030662447	44.2117770784349	44.2700502674218	8	8	64
262	1	9	100	79.1216030662447	44.2117770784349	44.270094138616	8	8	64
263	1	9	100	79.1216030662447	44.2117770784349	44.2701376761889	8	8	64
264	1	9	100	79.1216030662447	44.2117770784349	44.2701808839317	8	8	64
265	1	9	100	79.1216030662447	44.2117770784349	44.2702237655784	8	8	64
266	1	9	100	79.1216030662447	44.2117770784349	44.2702663248066	8	8	64
267	1	9	100	79.1216030662447	44.2117770784349	44.2703085652392	8	8	64
268	1	9	100	79.1216030662447	44.2117770784349	44.2703504904446	8	8	64
269	1	9	100	79.1216030662447	44.2117770784349	44.2703921039385	8	8	64
270	1	9	100	79.1216030662447	44.2117770784349	44.2704334091842	8	8	64
271	1	9	100	79.1216030662447	44.2117770784349	44.2704744095942	8	8	64
272	1	9	100	79.1216030662447	44.2117770784349	44.2705151085306	8	8	64
273	1	9	100	79.1216030662447	44.2117770784349	44.2705555093063	8	8	64
274	1	9	100	79.1216030662447	44.2117770784349	44.2705956151859	8	8	64
275	1	9	100	79.1216030662447	44.2117770784349	44.2706354293863	8	8	64
276	1	9	100	79.1216030662447	44.2117770784349	44.270674955078	8	8	64
277	1	9	100	79.1216030662447	44.2117770784349	44.2707141953856	8	8	64
278	1	9	100	79.1216030662447	44.2117770784349	44.2707531533889	8	8	64
279	1	9	100	79.1216030662447	44.2117770784349	44.2707918321233	8	8	64
280	1	9	100	79.1216030662447	44.2117770784349	44.2708302345811	8	8	64
281	1	9	100	79.1216030662447	44.2117770784349	44.2708683637117	8	8	64
282	1	9	100	79.1216030662447	44.2117770784349	44.270906222423	8	8	64
283	1	9	100	79.1216030662447	44.2117770784349	44.2709438135816	8	8	64
284	1	9	100	79.1216030662447	44.2117770784349	44.2709811400137	8	8	64
285	1	9	100	79.1216030662447	44.2117770784349	44.2710182045059	8	8	64
286	1	9	100	79.1216030662447	44.2117770784349	44.2710550098058	8	8	64
287	1	9	100	79.1216030662447	44.2117770784349	44.2710915586229	8	8	64
288	1	9	100	79.1216030662447	44.2117770784349	44.2711278536287	8	8	64
289	1	9	100	79.1216030662447	44.2117770784349	44.271163897458	8	8	64
290	1	9	100	79.1216030662447	44.2117770784349	44.2711996927091	8	8	64
291	1	9	100	79.1216030662447	44.2117770784349	44.2712352419448	8	8	64
292	1	9	100	79.1216030662447	44.2117770784349	44.2712705476926	8	8	64
293	1	9	100	79.1216030662447	44.2117770784349	44.2713056124455	8	8	64
294	1	9	100	79.1216030662447	44.2117770784349	44.2713404386627	8	8	64
295	1	9	100	79.1216030662447	44.2117770784349	44.2713750287699	8	8	64
296	1	9	100	79.1216030662447	44.2117770784349	44.2714093851602	8	8	64
297	1	9	100	79.1216030662447	44.2117770784349	44.2714435101943	8	8	64
298	1	9	100	79.1216030662447	44.2117770784349	44.2714774062014	8	8	64
299	1	9	100	79.1216030662447	44.2117770784349	44.2715110754793	8	8	64
300	1	9	100	79.1216030662447	44.2117770784349	44.2715445202954	8	8	64
301	1	9	100	79.1216030662447	44.2117770784349	44.2715777428867	8	8	64
302	1	9	100	79.1216030662447	44.2117770784349	44.2716107454609	8	8	64
303	1	9	100	79.1216030662447	44.2117770784349	44.2716435301963	8	8	64
304	1	9	100	79.1216030662447	44.2117770784349	44.2716760992427	8	8	64
305	1	9	100	79.1216030662447	44.2117770784349	44.2717084547216	8	8	64
306	1	9	100	79.1216030662447	44.2117770784349	44.2717405987267	8	8	64
307	1	9	100	79.1216030662447	44.2117770784349	44.2717725333247	8	8	64
308	1	9	100	79.1216030662447	44.2117770784349	44.2718042605551	8	8	64
309	1	9	100	79.1216030662447	44.2117770784349	44.2718357824313	8	8	64
310	1	9	100	79.1216030662447	44.2117770784349	44.2718671009405	8	8	64
311	1	9	100	79.1216030662447	44.2117770784349	44.2718982180445	8	8	64
312	1	9	100	79.1216030662447	44.2117770784349	44.27192913568	8	8	64
313	1	9	100	79.1216030662447	44.2117770784349	44.2719598557586	8	8	64
314	1	9	100	79.1216030662447	44.2117770784349	44.271990380168	8	8	64
315	1	9	100	79.1216030662447	44.2117770784349	44.2720207107715	8	8	64
316	1	9	100	79.1216030662447	44.2117770784349	44.2720508494093	8	8	64
317	1	9	100	79.1216030662447	44.2117770784349	44.2720807978979	8	8	64
318	1	9	100	79.1216030662447	44.2117770784349	44.2721105580312	8	8	64
319	1	9	100	79.1216030662447	44.2117770784349	44.2721401315806	8	8	64
320	1	9	100	79.1216030662447	44.2117770784349	44.2721695202953	8	8	64
321	1	9	100	79.1216030662447	44.2117770784349	44.2721987259028	8	8	64
322	1	9	100	79.1216030662447	44.2117770784349	44.272227750109	8	8	64
323	1	9	100	79.1216030662447	44.2117770784349	44.2722565945988	8	8	64
324	1	9	100	79.1216030662447	44.2117770784349	44.2722852610361	8	8	64
325	1	9	100	79.1216030662447	44.2117770784349	44.2723137510646	8	8	64
326	1	9	100	79.1216030662447	44.2117770784349	44.2723420663076	8	8	64
327	1	9	100	79.1216030662447	44.2117770784349	44.2723702083687	8	8	64
328	1	9	100	79.1216030662447	44.2117770784349	44.2723981788319	8	8	64
329	1	9	100	79.1216030662447	44.2117770784349	44.2724259792619	8	8	64
330	1	9	100	79.1216030662447	44.2117770784349	44.2724536112044	8	8	64
331	1	9	100	79.1216030662447	44.2117770784349	44.2724810761866	8	8	64
332	1	9	100	79.1216030662447	44.2117770784349	44.272508375717	8	8	64
333	1	9	100	79.1216030662447	44.2117770784349	44.2725355112863	8	8	64
334	1	9	100	79.1216030662447	44.2117770784349	44.2725624843672	8	8	64
335	1	9	100	79.1216030662447	44.2117770784349	44.2725892964148	8	8	64
336	1	9	100	79.1216030662447	44.2117770784349	44.2726159488668	8	8	64
337	1	9	100	79.1216030662447	44.2117770784349	44.272642443144	8	8	64
338	1	9	100	79.1216030662447	44.2117770784349	44.2726687806504	8	8	64
339	1	9	100	79.1216030662447	44.2117770784349	44.2726949627732	8	8	64
340	1	9	100	79.1216030662447	44.2117770784349	44.2727209908836	8	8	64
341	1	9	100	79.1216030662447	44.2117770784349	44.2727468663364	8	8	64
342	1	9	100	79.1216030662447	44.2117770784349	44.2727725904708	8	8	64
343	1	9	100	79.1216030662447	44.2117770784349	44.2727981646102	8	8	64
344	1	9	100	79.1216030662447	44.2117770784349	44.2728235900628	8	8	64
345	1	9	100	79.1216030662447	44.2117770784349	44.2728488681214	8	8	64
346	1	9	100	79.1216030662447	44.2117770784349	44.2728740000641	8	8	64
347	1	9	100	79.1216030662447	44.2117770784349	44.2728989871541	8	8	64
348	1	9	100	79.1216030662447	44.2117770784349	44.2729238306402	8	8	64
349	1	9	100	79.1216030662447	44.2117770784349	44.2729485317567	8	8	64
350	1	9	100	79.1216030662447	44.2117770784349	44.2729730917239	8	8	64
351	1	9	100	79.1216030662447	44.2117770784349	44.2729975117483	8	8	64
352	1	9	100	79.1216030662447	44.2117770784349	44.2730217930226	8	8	64
353	1	9	100	79.1216030662447	44.2117770784349	44.2730459367259	8	8	64
354	1	9	100	79.1216030662447	44.2117770784349	44.2730699440242	8	8	64
355	1	9	100	79.1216030662447	44.2117770784349	44.27309381607	8	8	64
356	1	9	100	79.1216030662447	44.2117770784349	44.2731175540032	8	8	64
357	1	9	100	79.1216030662447	44.2117770784349	44.2731411589508	8	8	64
358	1	9	100	79.1216030662447	44.2117770784349	44.2731646320272	8	8	64
359	1	9	100	79.1216030662447	44.2117770784349	44.2731879743343	8	8	64
360	1	9	100	79.1216030662447	44.2117770784349	44.273211186962	8	8	64
361	1	9	100	79.1216030662447	44.2117770784349	44.2732342709879	8	8	64
362	1	9	100	79.1216030662447	44.2117770784349	44.2732572274777	8	8	64
363	1	9	100	79.1216030662447	44.2117770784349	44.2732800574854	8	8	64
364	1	9	100	79.1216030662447	44.2117770784349	44.2733027620536	8	8	64
365	1	9	100	79.1216030662447	44.2117770784349	44.2733253422132	8	8	64
366	1	9	100	79.1216030662447	44.2117770784349	44.2733477989839	8	8	64
367	1	9	100	79.1216030662447	44.2117770784349	44.2733701333744	8	8	64
368	1	9	100	79.1216030662447	44.2117770784349	44.2733923463823	8	8	64
369	1	9	100	79.1216030662447	44.2117770784349	44.2734144389945	8	8	64
370	1	9	100	79.1216030662447	44.2117770784349	44.2734364121872	8	8	64
371	1	9	100	79.1216030662447	44.2117770784349	44.2734582669261	8	8	64
372	1	9	100	79.1216030662447	44.2117770784349	44.2734800041663	8	8	64
373	1	9	100	79.1216030662447	44.2117770784349	44.273501624853	8	8	64
374	1	9	100	79.1216030662447	44.2117770784349	44.273523129921	8	8	64
375	1	9	100	79.1216030662447	44.2117770784349	44.2735445202954	8	8	64
376	1	9	100	79.1216030662447	44.2117770784349	44.2735657968911	8	8	64
377	1	9	100	79.1216030662447	44.2117770784349	44.2735869606137	8	8	64
378	1	9	100	79.1216030662447	44.2117770784349	44.2736080123588	8	8	64
379	1	9	100	79.1216030662447	44.2117770784349	44.273628953013	8	8	64
380	1	9	100	79.1216030662447	44.2117770784349	44.2736497834532	8	8	64
381	1	9	100	79.1216030662447	44.2117770784349	44.2736705045473	8	8	64
382	1	9	100	79.1216030662447	44.2117770784349	44.273691117154	8	8	64
383	1	9	100	79.1216030662447	44.2117770784349	44.273711622123	8	8	64
384	1	9	100	79.1216030662447	44.2117770784349	44.2737320202953	8	8	64
385	1	9	100	79.1216030662447	44.2117770784349	44.2737523125031	8	8	64
386	1	8	100	76.4334252753757	46.112858783921	46.112858783921	8	9	9
387	1	8	100	76.4334252753757	46.112858783921	44.2737925823109	8	9	65
388	1	8	100	76.4334252753757	46.112858783921	44.2738125615325	8	9	48
389	1	8	100	76.4334252753757	46.112858783921	46.112926214692	9	9	9
390	1	8	100	76.4334252753757	46.112858783921	46.1129484610832	10	9	9
391	1	8	100	76.4334252753757	46.112858783921	46.112970593682	9	9	9
392	1	8	100	76.4334252753757	46.112858783921	46.1129926133595	8	9	18
393	1	9	100	75.6844528999194	46.7651577792168	46.7651577792168	5	6	6
394	1	9	100	75.6844528999194	46.7651577792168	46.1130363173893	9	6	18
395	1	9	100	75.6844528999194	46.7651577792168	46.1130580034396	8	6	27
396	1	9	100	75.0439333503858	47.1709512001845	47.1709512001845	9	7	7
397	1	9	100	75.0439333503858	47.1709512001845	46.1131010477912	8	7	27
398	1	9	100	75.0439333503858	47.1709512001845	47.1709845106763	8	7	7
399	1	9	100	75.0439333503858	47.1709512001845	47.1710010406948	7	7	7
400	1	9	100	75.0439333503858	47.1709512001845	47.1710174880632	8	7	14
401	1	9	100	75.0439333503858	47.1709512001845	47.1710338533999	7	7	7
402	1	9	100	75.0439333503858	47.1709512001845	47.171050137317	7	7	21
403	1	9	100	75.0439333503858	47.1709512001845	47.1710663404206	7	7	21
404	1	6	100	72.3433857925425	49.1040606382896	49.1040606382896	6	6	6
405	1	6	100	72.3433857925425	49.1040606382896	49.1040743896647	6	6	6
406	1	6	100	72.3433857925425	49.1040606382896	49.1040880732991	6	6	6
407	1	6	100	72.3433857925425	49.1040606382896	49.104101689692	6	6	12
408	1	6	100	72.3433857925425	49.1040606382896	49.1041152393379	6	6	12
409	1	6	100	72.3433857925425	49.1040606382896	49.1041287227264	6	6	18
410	1	6	100	72.3433857925425	49.1040606382896	49.1041421403422	6	6	18
411	1	6	100	72.3433857925425	49.1040606382896	49.1041554926655	6	6	18
412	1	6	100	72.3433857925425	49.1040606382896	49.1041687801717	6	6	18
413	1	6	100	72.3433857925425	49.1040606382896	49.1041820033317	6	6	18
414	1	6	100	72.3433857925425	49.1040606382896	49.1041951626116	6	6	18
415	1	6	100	72.3433857925425	49.1040606382896	49.1042082584733	6	6	18
416	1	6	100	72.3433857925425	49.1040606382896	49.1042212913741	6	6	18
417	1	6	100	72.3433857925425	49.1040606382896	49.104234261767	6	6	18
418	1	6	100	72.3433857925425	49.1040606382896	49.1042471701007	6	6	18
419	1	6	100	72.3433857925425	49.1040606382896	49.1042600168193	6	6	18
420	1	6	100	72.3433857925425	49.1040606382896	49.1042728023631	6	6	18
421	1	6	100	72.3433857925425	49.1040606382896	49.104285527168	6	6	18
422	1	6	100	72.3433857925425	49.1040606382896	49.1042981916658	6	6	18
423	1	6	100	72.3433857925425	49.1040606382896	49.1043107962841	6	6	18
424	1	6	100	72.3433857925425	49.1040606382896	49.1043233414467	6	6	18
425	1	6	100	72.3433857925425	49.1040606382896	49.1043358275732	6	6	18
426	1	6	100	72.3433857925425	49.1040606382896	49.1043482550794	6	6	18
427	1	6	100	72.3433857925425	49.1040606382896	49.1043606243772	6	6	18
428	1	6	100	72.3433857925425	49.1040606382896	49.1043729358745	6	6	18
429	1	6	100	72.3433857925425	49.1040606382896	49.1043851899755	6	6	18
430	1	6	100	72.3433857925425	49.1040606382896	49.1043973870807	6	6	18
431	1	6	100	72.3433857925425	49.1040606382896	49.1044095275869	6	6	18
432	1	6	100	72.3433857925425	49.1040606382896	49.1044216118869	6	6	18
433	1	6	100	72.3433857925425	49.1040606382896	49.1044336403704	6	6	18
434	1	6	100	72.3433857925425	49.1040606382896	49.104445613423	6	6	24
435	1	6	100	72.3433857925425	49.1040606382896	49.1044575314272	6	6	24
436	1	6	100	72.3433857925425	49.1040606382896	49.1044693947616	6	6	24
437	1	6	100	72.3433857925425	49.1040606382896	49.1044812038015	6	6	24
438	1	6	100	72.3433857925425	49.1040606382896	49.1044929589189	6	6	24
439	1	6	100	72.3433857925425	49.1040606382896	49.1045046604822	6	6	24
440	1	6	100	72.3433857925425	49.1040606382896	49.1045163088566	6	6	24
441	1	6	100	72.3433857925425	49.1040606382896	49.104527904404	6	6	24
442	1	6	100	72.3433857925425	49.1040606382896	49.1045394474827	6	6	24
443	1	6	100	72.3433857925425	49.1040606382896	49.1045509384483	6	6	24
444	1	6	100	72.3433857925425	49.1040606382896	49.1045623776527	6	6	24
445	1	6	100	72.3433857925425	49.1040606382896	49.104573765445	6	6	24
446	1	6	100	72.3433857925425	49.1040606382896	49.104585102171	6	6	24
447	1	6	100	72.3433857925425	49.1040606382896	49.1045963881733	6	6	24
448	1	6	100	72.3433857925425	49.1040606382896	49.1046076237917	6	6	24
449	1	6	100	72.3433857925425	49.1040606382896	49.1046188093628	6	6	24
450	1	6	100	72.3433857925425	49.1040606382896	49.1046299452203	6	6	24
451	1	6	100	72.3433857925425	49.1040606382896	49.1046410316948	6	6	24
452	1	6	100	72.3433857925425	49.1040606382896	49.1046520691141	6	6	24
453	1	6	100	72.3433857925425	49.1040606382896	49.1046630578031	6	6	24
454	1	6	100	72.3433857925425	49.1040606382896	49.1046739980837	6	6	24
455	1	6	100	72.3433857925425	49.1040606382896	49.1046848902752	6	6	24
456	1	6	100	72.3433857925425	49.1040606382896	49.104695734694	6	6	24
457	1	6	100	72.3433857925425	49.1040606382896	49.1047065316535	6	6	24
458	1	6	100	72.3433857925425	49.1040606382896	49.1047172814648	6	6	24
459	1	6	100	72.3433857925425	49.1040606382896	49.104727984436	6	6	24
460	1	6	100	72.3433857925425	49.1040606382896	49.1047386408724	6	6	24
461	1	6	100	72.3433857925425	49.1040606382896	49.1047492510771	6	6	24
462	1	6	100	72.3433857925425	49.1040606382896	49.1047598153501	6	6	24
463	1	6	100	72.3433857925425	49.1040606382896	49.1047703339892	6	6	24
464	1	6	100	72.3433857925425	49.1040606382896	49.1047808072892	6	6	24
465	1	6	100	72.3433857925425	49.1040606382896	49.1047912355429	6	6	30
466	1	6	100	72.3433857925425	49.1040606382896	49.10480161904	6	6	30
467	1	6	100	72.3433857925425	49.1040606382896	49.1048119580682	6	6	30
468	1	6	100	72.3433857925425	49.1040606382896	49.1048222529126	6	6	30
469	1	6	100	72.3433857925425	49.1040606382896	49.1048325038557	6	6	30
470	1	6	100	72.3433857925425	49.1040606382896	49.1048427111777	6	6	30
471	1	6	100	72.3433857925425	49.1040606382896	49.1048528751566	6	6	30
472	1	6	100	72.3433857925425	49.1040606382896	49.1048629960677	6	6	30
473	1	6	100	72.3433857925425	49.1040606382896	49.1048730741843	6	6	30
474	1	6	100	72.3433857925425	49.1040606382896	49.1048831097772	6	6	30
475	1	6	100	72.3433857925425	49.1040606382896	49.104893103115	6	6	30
476	1	6	100	72.3433857925425	49.1040606382896	49.104903054464	6	6	30
477	1	6	100	72.3433857925425	49.1040606382896	49.1049129640882	6	6	30
478	1	6	100	72.3433857925425	49.1040606382896	49.1049228322496	6	6	30
479	1	6	100	72.3433857925425	49.1040606382896	49.1049326592077	6	6	30
480	1	6	100	72.3433857925425	49.1040606382896	49.1049424452203	6	6	30
481	1	6	100	72.3433857925425	49.1040606382896	49.1049521905425	6	6	30
482	1	6	100	72.3433857925425	49.1040606382896	49.1049618954277	6	6	30
483	1	6	100	72.3433857925425	49.1040606382896	49.1049715601271	6	6	30
484	1	6	100	72.3433857925425	49.1040606382896	49.1049811848897	6	6	30
485	1	6	100	72.3433857925425	49.1040606382896	49.1049907699625	6	6	30
486	1	6	100	72.3433857925425	49.1040606382896	49.1050003155907	6	6	30
487	1	6	100	72.3433857925425	49.1040606382896	49.105009822017	6	6	30
488	1	6	100	72.3433857925425	49.1040606382896	49.1050192894826	6	6	30
489	1	6	100	72.3433857925425	49.1040606382896	49.1050287182264	6	6	30
490	1	6	100	72.3433857925425	49.1040606382896	49.1050381084856	6	6	30
491	1	6	100	72.3433857925425	49.1040606382896	49.1050474604952	6	6	30
492	1	6	100	72.3433857925425	49.1040606382896	49.1050567744886	6	6	30
493	1	6	100	72.3433857925425	49.1040606382896	49.1050660506969	6	6	30
494	1	6	100	72.3433857925425	49.1040606382896	49.1050752893498	6	6	30
495	1	6	100	72.3433857925425	49.1040606382896	49.1050844906748	6	6	30
496	1	6	100	72.3433857925425	49.1040606382896	49.1050936548977	6	6	30
497	1	6	100	72.3433857925425	49.1040606382896	49.1051027822424	6	6	30
498	1	6	100	72.3433857925425	49.1040606382896	49.1051118729311	6	6	30
499	1	6	100	72.3433857925425	49.1040606382896	49.1051209271842	6	6	30
500	1	6	100	72.3433857925425	49.1040606382896	49.1051299452203	6	6	30
501	1	6	100	72.3433857925425	49.1040606382896	49.1051389272562	6	6	30
502	1	6	100	72.3433857925425	49.1040606382896	49.1051478735071	6	6	30
503	1	6	100	72.3433857925425	49.1040606382896	49.1051567841865	6	6	30
504	1	6	100	72.3433857925425	49.1040606382896	49.105165659506	6	6	30
505	1	6	100	72.3433857925425	49.1040606382896	49.1051744996757	6	6	30
506	1	6	100	72.3433857925425	49.1040606382896	49.1051833049041	6	6	30
507	1	6	100	72.3433857925425	49.1040606382896	49.1051920753978	6	6	30
508	1	6	100	72.3433857925425	49.1040606382896	49.105200811362	6	6	30
509	1	6	100	72.3433857925425	49.1040606382896	49.1052095130002	6	6	30
510	1	6	100	72.3433857925425	49.1040606382896	49.1052181805144	6	6	30
511	1	6	100	72.3433857925425	49.1040606382896	49.1052268141048	6	6	30
512	1	6	100	72.3433857925425	49.1040606382896	49.1052354139703	6	6	30
513	1	6	100	72.3433857925425	49.1040606382896	49.105243980308	6	6	30
514	1	6	100	72.3433857925425	49.1040606382896	49.1052525133137	6	6	30
515	1	6	100	72.3433857925425	49.1040606382896	49.1052610131814	6	6	30
516	1	6	100	72.3433857925425	49.1040606382896	49.105269480104	6	6	30
517	1	6	100	72.3433857925425	49.1040606382896	49.1052779142725	6	6	30
518	1	6	100	72.3433857925425	49.1040606382896	49.1052863158766	6	6	30
519	1	6	100	72.3433857925425	49.1040606382896	49.1052946851047	6	6	30
520	1	6	100	72.3433857925425	49.1040606382896	49.1053030221434	6	6	30
521	1	6	100	72.3433857925425	49.1040606382896	49.1053113271781	6	6	30
522	1	6	100	72.3433857925425	49.1040606382896	49.1053196003927	6	6	30
523	1	6	100	72.3433857925425	49.1040606382896	49.1053278419698	6	6	30
524	1	6	100	72.3433857925425	49.1040606382896	49.1053360520905	6	6	30
525	1	6	100	72.3433857925425	49.1040606382896	49.1053442309346	6	6	30
526	1	6	100	72.3433857925425	49.1040606382896	49.1053523786804	6	6	30
527	1	6	100	72.3433857925425	49.1040606382896	49.1053604955049	6	6	30
528	1	6	100	72.3433857925425	49.1040606382896	49.1053685815839	6	6	30
529	1	6	100	72.3433857925425	49.1040606382896	49.1053766370917	6	6	30
530	1	6	100	72.3433857925425	49.1040606382896	49.1053846622014	6	6	30
531	1	6	100	72.3433857925425	49.1040606382896	49.1053926570847	6	6	30
532	1	6	100	72.3433857925425	49.1040606382896	49.105400621912	6	6	30
533	1	6	100	72.3433857925425	49.1040606382896	49.1054085568525	6	6	30
534	1	6	100	72.3433857925425	49.1040606382896	49.1054164620742	6	6	30
535	1	6	100	72.3433857925425	49.1040606382896	49.1054243377436	6	6	30
536	1	6	100	72.3433857925425	49.1040606382896	49.1054321840262	6	6	30
537	1	6	100	72.3433857925425	49.1040606382896	49.1054400010862	6	6	30
538	1	6	100	72.3433857925425	49.1040606382896	49.1054477890864	6	6	30
539	1	6	100	72.3433857925425	49.1040606382896	49.1054555481887	6	6	30
540	1	6	100	72.3433857925425	49.1040606382896	49.1054632785536	6	6	30
541	1	6	100	72.3433857925425	49.1040606382896	49.1054709803404	6	6	30
542	1	6	100	72.3433857925425	49.1040606382896	49.1054786537074	6	6	30
543	1	6	100	72.3433857925425	49.1040606382896	49.1054862988114	6	6	30
544	1	6	100	72.3433857925425	49.1040606382896	49.1054939158085	6	6	30
545	1	6	100	72.3433857925425	49.1040606382896	49.1055015048533	6	6	30
546	1	6	100	72.3433857925425	49.1040606382896	49.1055090660994	6	6	30
547	1	6	100	72.3433857925425	49.1040606382896	49.1055165996992	6	6	30
548	1	6	100	72.3433857925425	49.1040606382896	49.1055241058042	6	6	30
549	1	6	100	72.3433857925425	49.1040606382896	49.1055315845645	6	6	30
550	1	6	100	72.3433857925425	49.1040606382896	49.1055390361294	6	6	30
551	1	6	100	72.3433857925425	49.1040606382896	49.1055464606468	6	6	30
552	1	6	100	72.3433857925425	49.1040606382896	49.1055538582638	6	6	30
553	1	6	100	72.3433857925425	49.1040606382896	49.1055612291262	6	6	30
554	1	6	100	72.3433857925425	49.1040606382896	49.1055685733791	6	6	30
555	1	6	100	72.3433857925425	49.1040606382896	49.1055758911662	6	6	30
556	1	6	100	72.3433857925425	49.1040606382896	49.1055831826303	6	6	30
557	1	6	100	72.3433857925425	49.1040606382896	49.1055904479133	6	6	30
558	1	6	100	72.3433857925425	49.1040606382896	49.1055976871558	6	6	30
559	1	6	100	72.3433857925425	49.1040606382896	49.1056049004976	6	6	30
560	1	6	100	72.3433857925425	49.1040606382896	49.1056120880774	6	6	30
561	1	6	100	72.3433857925425	49.1040606382896	49.1056192500331	6	6	30
562	1	6	100	72.3433857925425	49.1040606382896	49.1056263865014	6	6	30
563	1	6	100	72.3433857925425	49.1040606382896	49.1056334976181	6	6	30
564	1	6	100	72.3433857925425	49.1040606382896	49.1056405835182	6	6	30
565	1	6	100	72.3433857925425	49.1040606382896	49.1056476443353	6	6	30
566	1	6	100	72.3433857925425	49.1040606382896	49.1056546802026	6	6	30
567	1	6	100	72.3433857925425	49.1040606382896	49.105661691252	6	6	30
568	1	6	100	72.3433857925425	49.1040606382896	49.1056686776146	6	6	30
569	1	6	100	72.3433857925425	49.1040606382896	49.1056756394206	6	6	30
570	1	6	100	72.3433857925425	49.1040606382896	49.1056825767992	6	6	30
571	1	6	100	72.3433857925425	49.1040606382896	49.1056894898788	6	6	30
572	1	6	100	72.3433857925425	49.1040606382896	49.1056963787867	6	6	30
573	1	6	100	72.3433857925425	49.1040606382896	49.1057032436496	6	6	30
574	1	6	100	72.3433857925425	49.1040606382896	49.1057100845931	6	6	30
575	1	6	100	72.3433857925425	49.1040606382896	49.105716901742	6	6	30
576	1	6	100	72.3433857925425	49.1040606382896	49.1057236952203	6	6	30
577	1	6	100	72.3433857925425	49.1040606382896	49.105730465151	6	6	30
578	1	6	100	72.3433857925425	49.1040606382896	49.1057372116563	6	6	30
579	1	6	100	72.3433857925425	49.1040606382896	49.1057439348576	6	6	30
580	1	6	100	72.3433857925425	49.1040606382896	49.1057506348754	6	6	30
581	1	6	100	72.3433857925425	49.1040606382896	49.1057573118296	6	6	30
582	1	6	100	72.3433857925425	49.1040606382896	49.1057639658388	6	6	30
583	1	6	100	72.3433857925425	49.1040606382896	49.1057705970213	6	6	30
584	1	6	100	72.3433857925425	49.1040606382896	49.1057772054942	6	6	30
585	1	6	100	72.3433857925425	49.1040606382896	49.1057837913741	6	6	30
586	1	6	100	72.3433857925425	49.1040606382896	49.1057903547766	6	6	30
587	1	6	100	72.3433857925425	49.1040606382896	49.1057968958165	6	6	30
588	1	6	100	72.3433857925425	49.1040606382896	49.105803414608	6	6	30
589	1	6	100	72.3433857925425	49.1040606382896	49.1058099112644	6	6	30
590	1	6	100	72.3433857925425	49.1040606382896	49.1058163858982	6	6	30
591	1	6	100	72.3433857925425	49.1040606382896	49.1058228386213	6	6	30
592	1	6	100	72.3433857925425	49.1040606382896	49.1058292695446	6	6	30
593	1	6	100	72.3433857925425	49.1040606382896	49.1058356787785	6	6	30
594	1	6	100	72.3433857925425	49.1040606382896	49.1058420664324	6	6	30
595	1	6	100	72.3433857925425	49.1040606382896	49.1058484326152	6	6	30
596	1	6	100	72.3433857925425	49.1040606382896	49.105854777435	6	6	30
597	1	6	100	72.3433857925425	49.1040606382896	49.1058611009992	6	6	30
598	1	6	100	72.3433857925425	49.1040606382896	49.1058674034143	6	6	30
599	1	6	100	72.3433857925425	49.1040606382896	49.1058736847862	6	6	30
600	1	6	100	72.3433857925425	49.1040606382896	49.1058799452203	6	6	30
601	1	6	100	72.3433857925425	49.1040606382896	49.1058861848209	6	6	30
602	1	6	100	72.3433857925425	49.1040606382896	49.105892403692	6	6	30
603	1	6	100	72.3433857925425	49.1040606382896	49.1058986019367	6	6	30
604	1	6	100	72.3433857925425	49.1040606382896	49.1059047796574	6	6	30
605	1	6	100	72.3433857925425	49.1040606382896	49.1059109369558	6	6	30
606	1	6	100	72.3433857925425	49.1040606382896	49.1059170739331	6	6	30
607	1	6	100	72.3433857925425	49.1040606382896	49.1059231906898	6	6	30
608	1	6	100	72.3433857925425	49.1040606382896	49.1059292873255	6	6	30
609	1	6	100	72.3433857925425	49.1040606382896	49.1059353639395	6	6	30
610	1	6	100	72.3433857925425	49.1040606382896	49.1059414206301	6	6	30
611	1	6	100	72.3433857925425	49.1040606382896	49.1059474574952	6	6	30
612	1	6	100	72.3433857925425	49.1040606382896	49.105953474632	6	6	30
613	1	6	100	72.3433857925425	49.1040606382896	49.1059594721371	6	6	30
614	1	6	100	72.3433857925425	49.1040606382896	49.1059654501063	6	6	30
615	1	6	100	72.3433857925425	49.1040606382896	49.1059714086349	6	6	30
616	1	6	100	72.3433857925425	49.1040606382896	49.1059773478177	6	6	30
617	1	6	100	72.3433857925425	49.1040606382896	49.1059832677486	6	6	30
618	1	6	100	72.3433857925425	49.1040606382896	49.1059891685212	6	6	30
619	1	6	100	72.3433857925425	49.1040606382896	49.1059950502284	6	6	30
620	1	6	100	72.3433857925425	49.1040606382896	49.1060009129622	6	6	30
621	1	6	100	72.3433857925425	49.1040606382896	49.1060067568145	6	6	30
622	1	6	100	72.3433857925425	49.1040606382896	49.1060125818762	6	6	30
623	1	6	100	72.3433857925425	49.1040606382896	49.1060183882379	6	6	30
624	1	6	100	72.3433857925425	49.1040606382896	49.1060241759895	6	6	30
625	1	6	100	72.3433857925425	49.1040606382896	49.1060299452203	6	6	30
626	1	6	100	72.3433857925425	49.1040606382896	49.106035696019	6	6	30
627	1	6	100	72.3433857925425	49.1040606382896	49.1060414284739	6	6	30
628	1	6	100	72.3433857925425	49.1040606382896	49.1060471426725	6	6	30
629	1	6	100	72.3433857925425	49.1040606382896	49.106052838702	6	6	30
630	1	6	100	72.3433857925425	49.1040606382896	49.1060585166489	6	6	30
631	1	6	100	72.3433857925425	49.1040606382896	49.106064176599	6	6	30
632	1	6	100	72.3433857925425	49.1040606382896	49.106069818638	6	6	30
633	1	6	100	72.3433857925425	49.1040606382896	49.1060754428506	6	6	30
634	1	6	100	72.3433857925425	49.1040606382896	49.1060810493212	6	6	30
635	1	6	100	72.3433857925425	49.1040606382896	49.1060866381337	6	6	30
636	1	6	100	72.3433857925425	49.1040606382896	49.1060922093712	6	6	30
637	1	6	100	72.3433857925425	49.1040606382896	49.1060977631167	6	6	30
638	1	6	100	72.3433857925425	49.1040606382896	49.1061032994523	6	6	30
639	1	6	100	72.3433857925425	49.1040606382896	49.1061088184597	6	6	30
640	1	6	100	72.3433857925425	49.1040606382896	49.1061143202203	6	6	30
641	1	6	100	72.3433857925425	49.1040606382896	49.1061198048147	6	6	30
642	1	6	100	72.3433857925425	49.1040606382896	49.1061252723231	6	6	30
643	1	6	100	72.3433857925425	49.1040606382896	49.1061307228253	6	6	30
644	1	6	100	72.3433857925425	49.1040606382896	49.1061361564004	6	6	30
645	1	6	100	72.3433857925425	49.1040606382896	49.1061415731273	6	6	30
646	1	6	100	72.3433857925425	49.1040606382896	49.1061469730841	6	6	30
647	1	6	100	72.3433857925425	49.1040606382896	49.1061523563486	6	6	30
648	1	6	100	72.3433857925425	49.1040606382896	49.1061577229981	6	6	30
649	1	6	100	72.3433857925425	49.1040606382896	49.1061630731093	6	6	30
650	1	6	100	72.3433857925425	49.1040606382896	49.1061684067587	6	6	30
651	1	6	100	72.3433857925425	49.1040606382896	49.1061737240221	6	6	30
652	1	6	100	72.3433857925425	49.1040606382896	49.1061790249749	6	6	30
653	1	6	100	72.3433857925425	49.1040606382896	49.1061843096919	6	6	30
654	1	6	100	72.3433857925425	49.1040606382896	49.1061895782478	6	6	30
655	1	6	100	72.3433857925425	49.1040606382896	49.1061948307165	6	6	30
656	1	6	100	72.3433857925425	49.1040606382896	49.1062000671715	6	6	30
657	1	6	100	72.3433857925425	49.1040606382896	49.106205287686	6	6	30
658	1	6	100	72.3433857925425	49.1040606382896	49.1062104923327	6	6	30
659	1	6	100	72.3433857925425	49.1040606382896	49.1062156811839	6	6	30
660	1	6	100	72.3433857925425	49.1040606382896	49.1062208543112	6	6	30
661	1	6	100	72.3433857925425	49.1040606382896	49.1062260117861	6	6	30
662	1	6	100	72.3433857925425	49.1040606382896	49.1062311536795	6	6	30
663	1	6	100	72.3433857925425	49.1040606382896	49.1062362800619	6	6	30
664	1	6	100	72.3433857925425	49.1040606382896	49.1062413910034	6	6	30
665	1	6	100	72.3433857925425	49.1040606382896	49.1062464865737	6	6	30
666	1	6	100	72.3433857925425	49.1040606382896	49.1062515668419	6	6	30
667	1	6	100	72.3433857925425	49.1040606382896	49.1062566318769	6	6	30
668	1	6	100	72.3433857925425	49.1040606382896	49.1062616817472	6	6	30
669	1	6	100	72.3433857925425	49.1040606382896	49.1062667165207	6	6	30
670	1	6	100	72.3433857925425	49.1040606382896	49.1062717362651	6	6	30
671	1	6	100	72.3433857925425	49.1040606382896	49.1062767410474	6	6	30
672	1	6	100	72.3433857925425	49.1040606382896	49.1062817309346	6	6	30
673	1	6	100	72.3433857925425	49.1040606382896	49.1062867059929	6	6	30
674	1	6	100	72.3433857925425	49.1040606382896	49.1062916662885	6	6	30
675	1	6	100	72.3433857925425	49.1040606382896	49.1062966118869	6	6	30
676	1	6	100	72.3433857925425	49.1040606382896	49.1063015428534	6	6	30
677	1	6	100	72.3433857925425	49.1040606382896	49.1063064592528	6	6	30
678	1	6	100	72.3433857925425	49.1040606382896	49.1063113611495	6	6	30
679	1	6	100	72.3433857925425	49.1040606382896	49.1063162486076	6	6	30
680	1	6	100	72.3433857925425	49.1040606382896	49.1063211216909	6	6	30
681	1	6	100	72.3433857925425	49.1040606382896	49.1063259804626	6	6	30
682	1	6	100	72.3433857925425	49.1040606382896	49.1063308249857	6	6	30
683	1	6	100	72.3433857925425	49.1040606382896	49.1063356553228	6	6	30
684	1	6	100	72.3433857925425	49.1040606382896	49.1063404715361	6	6	30
685	1	6	100	72.3433857925425	49.1040606382896	49.1063452736874	6	6	30
686	1	6	100	72.3433857925425	49.1040606382896	49.1063500618384	6	6	30
687	1	6	100	72.3433857925425	49.1040606382896	49.10635483605	6	6	30
688	1	6	100	72.3433857925425	49.1040606382896	49.1063595963831	6	6	30
689	1	6	100	72.3433857925425	49.1040606382896	49.1063643428981	6	6	30
690	1	6	100	72.3433857925425	49.1040606382896	49.1063690756551	6	6	30
691	1	6	100	72.3433857925425	49.1040606382896	49.1063737947138	6	6	30
692	1	6	100	72.3433857925425	49.1040606382896	49.1063785001336	6	6	30
693	1	6	100	72.3433857925425	49.1040606382896	49.1063831919735	6	6	30
694	1	6	100	72.3433857925425	49.1040606382896	49.1063878702923	6	6	30
695	1	6	100	72.3433857925425	49.1040606382896	49.1063925351483	6	6	30
696	1	6	100	72.3433857925425	49.1040606382896	49.1063971865996	6	6	30
697	1	6	100	72.3433857925425	49.1040606382896	49.1064018247038	6	6	30
698	1	6	100	72.3433857925425	49.1040606382896	49.1064064495183	6	6	30
699	1	6	100	72.3433857925425	49.1040606382896	49.1064110611001	6	6	30
700	1	6	100	72.3433857925425	49.1040606382896	49.106415659506	6	6	30
701	1	6	100	72.3433857925425	49.1040606382896	49.1064202447923	6	6	30
702	1	6	100	72.3433857925425	49.1040606382896	49.1064248170151	6	6	30
703	1	6	100	72.3433857925425	49.1040606382896	49.1064293762302	6	6	30
704	1	6	100	72.3433857925425	49.1040606382896	49.106433922493	6	6	30
705	1	6	100	72.3433857925425	49.1040606382896	49.1064384558586	6	6	30
706	1	6	100	72.3433857925425	49.1040606382896	49.1064429763818	6	6	30
707	1	6	100	72.3433857925425	49.1040606382896	49.106447484117	6	6	30
708	1	6	100	72.3433857925425	49.1040606382896	49.1064519791186	6	6	30
709	1	6	100	72.3433857925425	49.1040606382896	49.1064564614403	6	6	30
710	1	6	100	72.3433857925425	49.1040606382896	49.1064609311358	6	6	30
711	1	6	100	72.3433857925425	49.1040606382896	49.1064653882583	6	6	30
712	1	6	100	72.3433857925425	49.1040606382896	49.1064698328607	6	6	30
713	1	6	100	72.3433857925425	49.1040606382896	49.1064742649959	6	6	30
714	1	6	100	72.3433857925425	49.1040606382896	49.1064786847161	6	6	30
715	1	6	100	72.3433857925425	49.1040606382896	49.1064830920734	6	6	30
716	1	6	100	72.3433857925425	49.1040606382896	49.1064874871197	6	6	30
717	1	6	100	72.3433857925425	49.1040606382896	49.1064918699065	6	6	30
718	1	6	100	72.3433857925425	49.1040606382896	49.1064962404849	6	6	30
719	1	6	100	72.3433857925425	49.1040606382896	49.106500598906	6	6	30
720	1	6	100	72.3433857925425	49.1040606382896	49.1065049452203	6	6	30
721	1	6	100	72.3433857925425	49.1040606382896	49.1065092794783	6	6	30
722	1	6	100	72.3433857925425	49.1040606382896	49.10651360173	6	6	30
723	1	6	100	72.3433857925425	49.1040606382896	49.1065179120253	6	6	30
724	1	6	100	72.3433857925425	49.1040606382896	49.1065222104136	6	6	30
725	1	6	100	72.3433857925425	49.1040606382896	49.1065264969444	6	6	30
726	1	6	100	72.3433857925425	49.1040606382896	49.1065307716666	6	6	30
727	1	6	100	72.3433857925425	49.1040606382896	49.1065350346288	6	6	30
728	1	6	100	72.3433857925425	49.1040606382896	49.1065392858796	6	6	30
729	1	6	100	72.3433857925425	49.1040606382896	49.1065435254672	6	6	30
730	1	6	100	72.3433857925425	49.1040606382896	49.1065477534395	6	6	30
731	1	6	100	72.3433857925425	49.1040606382896	49.1065519698441	6	6	30
732	1	6	100	72.3433857925425	49.1040606382896	49.1065561747285	6	6	30
733	1	6	100	72.3433857925425	49.1040606382896	49.1065603681398	6	6	30
734	1	6	100	72.3433857925425	49.1040606382896	49.1065645501249	6	6	30
735	1	6	100	72.3433857925425	49.1040606382896	49.1065687207305	6	6	30
736	1	6	100	72.3433857925425	49.1040606382896	49.1065728800029	6	6	30
737	1	6	100	72.3433857925425	49.1040606382896	49.1065770279883	6	6	30
738	1	6	100	72.3433857925425	49.1040606382896	49.1065811647325	6	6	30
739	1	6	100	72.3433857925425	49.1040606382896	49.1065852902812	6	6	30
740	1	6	100	72.3433857925425	49.1040606382896	49.1065894046797	6	6	30
741	1	6	100	72.3433857925425	49.1040606382896	49.1065935079733	6	6	30
742	1	6	100	72.3433857925425	49.1040606382896	49.1065976002068	6	6	30
743	1	6	100	72.3433857925425	49.1040606382896	49.1066016814249	6	6	30
744	1	6	100	72.3433857925425	49.1040606382896	49.1066057516719	6	6	30
745	1	6	100	72.3433857925425	49.1040606382896	49.1066098109921	6	6	30
746	1	6	100	72.3433857925425	49.1040606382896	49.1066138594294	6	6	30
747	1	6	100	72.3433857925425	49.1040606382896	49.1066178970275	6	6	30
748	1	6	100	72.3433857925425	49.1040606382896	49.1066219238299	6	6	30
749	1	6	100	72.3433857925425	49.1040606382896	49.1066259398798	6	6	30
750	1	6	100	72.3433857925425	49.1040606382896	49.1066299452203	6	6	30
751	1	6	100	72.3433857925425	49.1040606382896	49.106633939894	6	6	18
752	1	6	100	72.3433857925425	49.1040606382896	49.1066379239437	6	6	30
753	1	6	100	72.3433857925425	49.1040606382896	49.1066418974115	6	6	30
754	1	6	100	72.3433857925425	49.1040606382896	49.1066458603396	6	6	18
755	1	6	100	72.3433857925425	49.1040606382896	49.1066498127699	6	6	18
756	1	6	100	72.3433857925425	49.1040606382896	49.1066537547441	4	6	18
757	1	6	100	72.3433857925425	49.1040606382896	49.1066576863035	6	6	12
758	1	6	100	72.3433857925425	49.1040606382896	49.1066616074894	6	6	12
759	1	6	100	72.3433857925425	49.1040606382896	49.1066655183428	6	6	12
760	1	6	100	72.3433857925425	49.1040606382896	49.1066694189045	6	6	12
761	1	6	100	72.3433857925425	49.1040606382896	49.106673309215	6	6	12
762	1	6	100	72.3433857925425	49.1040606382896	49.1066771893148	6	6	12
763	1	6	100	72.3433857925425	49.1040606382896	49.1066810592439	6	6	12
764	1	6	100	72.3433857925425	49.1040606382896	49.1066849190423	6	6	18
765	1	6	100	72.3433857925425	49.1040606382896	49.1066887687497	6	6	18
766	1	6	100	72.3433857925425	49.1040606382896	49.1066926084057	6	6	6
