"Iteration #"	"Inertia"	"Number of features"	"CV best"	"Permuted CV best"	"Global best fitness"	"Current best fitness"	"Number of features in current best agent"	"Number of features in global best"	"Number of features in local best"
1	1	11	100	65.2104385873947	42.3526929888237	42.3526929888237	4	11	220
2	1	7	100	65.1574143210645	50.3898099752548	50.3898099752548	3	4	4
3	1	4	100	65.1574143210645	50.9352645207094	50.9352645207094	4	4	4
4	1	4	100	65.1574143210645	51.2079917934367	51.2079917934367	4	4	4
5	1	4	100	65.1369116263969	51.3814345887949	51.3814345887949	5	5	5
6	1	4	100	65.1369116263969	51.3814345887949	50.808527533511	3	5	5
7	1	8	100	65.4686450395393	51.5907796411537	51.5907796411537	4	4	4
8	1	8	100	65.4686450395393	51.5907796411537	51.6492211995952	4	4	4
9	1	7	100	65.4686450395393	51.6946757450498	51.6946757450498	4	4	4
10	1	6	100	63.3950534307914	53.2598262348097	53.2598262348097	5	5	5
11	1	6	100	63.3950534307914	53.2598262348097	51.8277155805304	6	5	5
12	1	6	100	63.3950534307914	53.2598262348097	53.3280080529915	3	5	10
13	1	6	100	63.3950534307914	53.2598262348097	53.3542318292153	5	5	10
14	1	5	100	63.3950534307914	53.3767093516928	53.3767093516928	5	5	20
15	1	5	100	63.3950534307914	53.3767093516928	53.3961898711733	3	5	20
16	1	5	100	63.3950534307914	53.3767093516928	51.4436835294353	3	5	4
17	1	5	100	63.3950534307914	53.3767093516928	52.1481996487485	5	5	10
18	1	5	100	63.3950534307914	53.3767093516928	53.4416444166279	5	5	5
19	1	5	100	63.3950534307914	53.3767093516928	53.4536061391159	5	5	15
20	1	5	100	63.3950534307914	53.3767093516928	53.4643716893551	6	5	30
21	1	5	100	63.3950534307914	53.3767093516928	52.1848688618883	5	5	5
22	1	7	100	63.3950534307914	53.4829667306774	53.4829667306774	5	5	10
23	1	7	100	63.3950534307914	53.4829667306774	53.4910515312524	5	5	20
24	1	7	100	63.3950534307914	53.4829667306774	53.498462598446	5	5	25
25	1	7	100	63.3950534307914	53.4829667306774	53.5052807802642	6	5	25
26	1	7	100	63.3950534307914	53.4829667306774	53.5115744865579	5	5	5
27	1	7	100	63.3950534307914	53.4829667306774	53.5174019923854	5	5	10
28	1	7	100	63.3950534307914	53.4829667306774	53.5228132477967	5	5	30
29	1	7	100	63.3950534307914	53.4829667306774	53.5278513131796	5	5	40
30	1	7	100	63.3950534307914	53.4829667306774	53.5325535075369	5	5	40
31	1	7	100	63.3950534307914	53.4829667306774	53.5369523345164	5	5	15
32	1	7	100	63.3950534307914	53.4829667306774	53.5410762348097	5	5	35
33	1	7	100	63.3950534307914	53.4829667306774	53.5449502017518	5	5	35
34	1	7	100	63.3950534307914	53.4829667306774	53.5485962882856	5	5	35
35	1	7	100	63.3950534307914	53.4829667306774	53.5520340270175	5	5	35
36	1	7	100	63.3950534307914	53.4829667306774	53.5552807802642	5	5	25
37	1	7	100	63.3950534307914	53.4829667306774	53.5583520333355	5	5	45
38	1	7	100	63.3950534307914	53.4829667306774	53.5612616415082	5	5	40
39	1	7	100	63.3950534307914	53.4829667306774	53.5640220390055	5	5	45
40	1	7	100	63.3950534307914	53.4829667306774	53.5666444166279	5	5	45
41	1	7	100	63.3950534307914	53.4829667306774	53.5691388733906	5	5	35
42	1	7	100	63.3950534307914	53.4829667306774	53.571514546498	5	5	40
43	1	7	100	63.3950534307914	53.4829667306774	53.5737797231818	5	5	35
44	1	7	100	63.3950534307914	53.4829667306774	53.575941937289	5	5	50
45	1	7	100	63.3950534307914	53.4829667306774	53.5780080529915	6	5	45
46	1	7	100	63.3950534307914	53.4829667306774	53.5799843375765	5	5	20
47	1	7	100	63.3950534307914	53.4829667306774	53.5818765249451	5	5	25
48	1	4	100	63.3950534307914	53.5836898711733	53.5836898711733	5	5	25
49	1	4	100	63.3950534307914	53.5836898711733	53.5854292032698	5	5	40
50	1	4	100	63.3950534307914	53.5836898711733	53.5870989620824	5	5	35
51	1	4	100	63.3950534307914	53.5836898711733	53.5887032401573	4	5	40
52	1	4	100	63.3950534307914	53.5836898711733	53.5902458152293	5	5	30
53	1	4	100	63.3950534307914	53.5836898711733	53.5917301799212	5	5	45
54	1	4	100	63.3950534307914	53.5836898711733	53.593159568143	5	5	45
55	1	4	100	63.3950534307914	53.5836898711733	53.5945369786113	5	5	45
56	1	4	100	63.3950534307914	53.5836898711733	53.5958651958486	5	5	20
57	1	4	100	63.3950534307914	53.5836898711733	53.5971468089723	5	5	35
58	1	4	100	63.3950534307914	53.5836898711733	53.5983842285401	5	5	55
59	1	4	100	63.3950534307914	53.5836898711733	53.5995797016818	5	5	55
60	1	4	100	63.3950534307914	53.5836898711733	53.6007353257188	5	5	55
61	1	4	100	63.3950534307914	53.5836898711733	53.601853060443	5	5	30
62	1	4	100	63.3950534307914	53.5836898711733	53.6029347392085	5	5	45
63	1	4	100	63.3950534307914	53.5836898711733	53.6039820789655	5	5	50
64	1	4	100	63.3950534307914	53.5836898711733	53.6049966893551	5	5	50
65	1	4	100	63.3950534307914	53.5836898711733	53.6059800809635	4	5	50
66	1	4	100	63.3950534307914	53.5836898711733	53.6069336728262	5	5	35
67	1	4	100	63.3950534307914	53.5836898711733	53.6078587992601	5	5	45
68	1	4	100	63.3950534307914	53.5836898711733	53.6087567160931	5	5	45
69	1	4	100	63.3950534307914	53.5836898711733	53.6096286063512	5	5	45
70	1	4	100	63.3950534307914	53.5836898711733	53.610475585459	5	5	50
71	1	4	100	63.3950534307914	53.5836898711733	53.6112987060004	5	5	20
72	1	4	100	63.3950534307914	53.5836898711733	53.6120989620824	5	5	30
73	1	4	100	63.3950534307914	53.5836898711733	53.6128772933402	5	5	30
74	1	4	100	63.3950534307914	53.5836898711733	53.613634588618	5	5	35
75	1	4	100	63.3950534307914	53.5836898711733	53.6143716893551	5	5	40
76	1	4	100	63.3950534307914	53.5836898711733	53.6150893927044	4	5	35
77	1	4	100	63.3950534307914	53.5836898711733	53.6157884544083	5	5	30
78	1	4	100	63.3950534307914	53.5836898711733	53.616469591453	5	5	35
79	1	4	100	63.3950534307914	53.5836898711733	53.617133484522	5	5	40
80	1	4	100	63.3950534307914	53.5836898711733	53.6177807802642	5	5	40
81	1	4	100	63.3950534307914	53.5836898711733	53.6184120933955	5	5	20
82	1	4	100	63.3950534307914	53.5836898711733	53.6190280086456	5	5	20
83	1	4	100	63.3950534307914	53.5836898711733	53.6196290825643	5	5	20
84	1	4	100	63.3950534307914	53.5836898711733	53.6202158451993	5	5	40
85	1	4	100	63.3950534307914	53.5836898711733	53.6207888016546	5	5	45
86	1	4	100	63.3950534307914	53.5836898711733	53.6213484335412	5	5	35
87	1	4	100	63.3950534307914	53.5836898711733	53.6218952003269	5	5	35
88	1	4	100	63.3950534307914	53.5836898711733	53.6224295405948	5	5	40
89	1	4	100	63.3950534307914	53.5836898711733	53.6229518732162	5	5	50
90	1	4	100	63.3950534307914	53.5836898711733	53.623462598446	3	5	55
91	1	4	100	63.3950534307914	53.5836898711733	53.6239620989455	5	5	40
92	1	4	100	63.3950534307914	53.5836898711733	53.6244507407385	5	5	40
93	1	4	100	63.3950534307914	53.5836898711733	53.6249288741059	5	5	40
94	1	4	100	63.3950534307914	53.5836898711733	53.6253968344228	5	5	40
95	1	4	100	63.3950534307914	53.5836898711733	53.6258549429436	5	5	40
96	1	4	100	63.3950534307914	53.5836898711733	53.6263035075369	5	5	25
97	1	4	100	63.3950534307914	53.5836898711733	53.6267428233757	5	5	30
98	1	4	100	63.3950534307914	53.5836898711733	53.6271731735852	5	5	30
99	1	4	100	63.3950534307914	53.5836898711733	53.627594829851	5	5	40
100	1	4	100	63.3950534307914	53.5836898711733	53.6280080529915	5	5	40
101	1	4	100	63.3950534307914	53.5836898711733	53.6284130934955	4	5	35
102	1	4	100	63.3950534307914	53.5836898711733	53.6288101920289	5	5	35
103	1	4	100	63.3950534307914	53.5836898711733	53.6291995799112	5	5	50
104	1	4	100	63.3950534307914	53.5836898711733	53.6295814795649	5	5	45
105	1	4	100	63.3950534307914	53.5836898711733	53.6299561049395	5	5	45
106	1	4	100	63.3950534307914	53.5836898711733	53.6303236619109	5	5	20
107	1	4	100	63.3950534307914	53.5836898711733	53.6306843486584	5	5	35
108	1	4	100	63.3950534307914	53.5836898711733	53.6310383560218	5	5	35
109	1	4	100	63.3950534307914	53.5836898711733	53.6313858678372	5	5	35
110	1	4	100	63.3950534307914	53.5836898711733	53.631727061256	5	5	45
111	1	4	100	63.3950534307914	53.5836898711733	53.6320621070455	5	5	35
112	1	4	100	63.3950534307914	53.5836898711733	53.6323911698746	5	5	35
113	1	4	100	63.3950534307914	53.5836898711733	53.6327144085828	5	5	50
114	1	4	100	63.3950534307914	53.5836898711733	53.6330319764365	5	5	55
115	1	4	100	63.3950534307914	53.5836898711733	53.6333440213709	4	5	55
116	1	4	100	63.3950534307914	53.5836898711733	53.6336506862203	5	5	30
117	1	4	100	63.3950534307914	53.5836898711733	53.6339521089355	5	5	45
118	1	4	100	63.3950534307914	53.5836898711733	53.6342484227912	5	5	40
119	1	4	100	63.3950534307914	53.5836898711733	53.634539756582	5	5	50
120	1	4	100	63.3950534307914	53.5836898711733	53.6348262348097	5	5	45
121	1	4	100	63.3950534307914	53.5836898711733	53.63510797786	5	5	25
122	1	4	100	63.3950534307914	53.5836898711733	53.6353851021718	5	5	30
123	1	4	100	63.3950534307914	53.5836898711733	53.6356577203973	5	5	30
124	1	4	100	63.3950534307914	53.5836898711733	53.6359259415545	5	5	50
125	1	4	100	63.3950534307914	53.5836898711733	53.6361898711733	5	5	45
126	1	4	100	63.3950534307914	53.5836898711733	53.636449611433	3	5	45
127	1	4	100	63.3950534307914	53.5836898711733	53.636705261295	5	5	40
128	1	4	100	63.3950534307914	53.5836898711733	53.6369569166279	5	5	35
129	1	4	100	63.3950534307914	53.5836898711733	53.6372046703276	5	5	35
130	1	4	100	63.3950534307914	53.5836898711733	53.637448612432	5	5	45
131	1	4	100	63.3950534307914	53.5836898711733	53.6376888302295	5	5	20
132	1	4	100	63.3950534307914	53.5836898711733	53.6379254083634	5	5	35
133	1	4	100	63.3950534307914	53.5836898711733	53.6381584289313	5	5	45
134	1	4	100	63.3950534307914	53.5836898711733	53.6383879715804	5	5	50
135	1	4	100	63.3950534307914	53.5836898711733	53.6386141135975	5	5	50
136	1	4	100	63.3950534307914	53.5836898711733	53.6388369299968	5	5	40
137	1	4	100	63.3950534307914	53.5836898711733	53.639056493602	5	5	30
138	1	4	100	63.3950534307914	53.5836898711733	53.6392728751259	5	5	40
139	1	4	100	63.3950534307914	53.5836898711733	53.6394861432466	5	5	40
140	1	4	100	63.3950534307914	53.5836898711733	53.6396963646798	5	5	45
141	1	4	100	63.3950534307914	53.5836898711733	53.6399036042487	5	5	35
142	1	4	100	63.3950534307914	53.5836898711733	53.6401079249505	5	5	40
143	1	4	100	63.3950534307914	53.5836898711733	53.6403093880201	5	5	40
144	1	4	100	63.3950534307914	53.5836898711733	53.6405080529915	5	5	40
145	1	4	100	63.3950534307914	53.5836898711733	53.6407039777564	5	5	40
146	1	4	100	63.3950534307914	53.5836898711733	53.6408972186204	5	5	25
147	1	4	100	63.3950534307914	53.5836898711733	53.641087830357	6	5	35
148	1	4	100	63.3950534307914	53.5836898711733	53.6412758662593	5	5	35
149	1	4	100	63.3950534307914	53.5836898711733	53.6414613781898	5	5	40
150	1	4	100	63.3950534307914	53.5836898711733	53.6416444166278	6	5	50
151	1	4	100	63.3950534307914	53.5836898711733	53.6418250307158	5	5	40
152	1	4	100	63.3950534307914	53.5836898711733	53.6420032683025	5	5	40
153	1	4	100	63.3950534307914	53.5836898711733	53.6421791759861	5	5	40
154	1	4	100	63.3950534307914	53.5836898711733	53.6423527991544	5	5	40
155	1	4	100	63.3950534307914	53.5836898711733	53.6425241820237	5	5	40
156	1	4	100	63.3950534307914	53.5836898711733	53.6426933676768	5	5	35
157	1	4	100	63.3950534307914	53.5836898711733	53.6428603980986	2	5	40
158	1	4	100	63.3950534307914	53.5836898711733	53.6430253142113	5	5	30
159	1	4	100	63.3950534307914	53.5836898711733	53.6431881559074	5	5	30
160	1	4	100	63.3950534307914	53.5836898711733	53.6433489620824	5	5	35
161	1	4	100	63.3950534307914	53.5836898711733	53.6435077706651	5	5	30
162	1	4	100	63.3950534307914	53.5836898711733	53.6436646186481	5	5	30
163	1	4	100	63.3950534307914	53.5836898711733	53.6438195421159	5	5	40
164	1	4	100	63.3950534307914	53.5836898711733	53.6439725762731	5	5	40
165	1	4	100	63.3950534307914	53.5836898711733	53.6441237554708	5	5	40
166	1	4	100	63.3950534307914	53.5836898711733	53.6442731132325	5	5	30
167	1	4	100	63.3950534307914	53.5836898711733	53.6444206822784	5	5	35
168	1	4	100	63.3950534307914	53.5836898711733	53.6445664945499	5	5	45
169	1	4	100	63.3950534307914	53.5836898711733	53.6447105812325	5	5	50
170	1	4	100	63.3950534307914	53.5836898711733	53.6448529727776	4	5	45
171	1	4	100	63.3950534307914	53.5836898711733	53.6449936989245	5	5	35
172	1	4	100	63.3950534307914	53.5836898711733	53.6451327887209	5	5	40
173	1	4	100	63.3950534307914	53.5836898711733	53.6452702705427	5	5	45
174	1	4	100	63.3950534307914	53.5836898711733	53.6454061721137	5	5	40
175	1	4	100	63.3950534307914	53.5836898711733	53.645540520524	5	5	45
176	1	4	100	63.3950534307914	53.5836898711733	53.6456733422477	5	5	25
177	1	4	100	63.3950534307914	53.5836898711733	53.645804663161	5	5	20
178	1	4	100	63.3950534307914	53.5836898711733	53.6459345085584	5	5	30
179	1	4	100	63.3950534307914	53.5836898711733	53.6460629031692	5	5	35
180	1	4	100	63.3950534307914	53.5836898711733	53.6461898711733	5	5	45
181	1	4	100	63.3950534307914	53.5836898711733	53.646315436216	5	5	40
182	1	4	100	63.3950534307914	53.5836898711733	53.6464396214231	3	5	40
183	1	4	100	63.3950534307914	53.5836898711733	53.6465624494147	5	5	35
184	1	4	100	63.3950534307914	53.5836898711733	53.6466839423195	5	5	35
185	1	4	100	63.3950534307914	53.5836898711733	53.6468041217876	4	5	45
186	1	4	100	63.3950534307914	53.5836898711733	53.6469230090032	5	5	20
187	1	4	100	63.3950534307914	53.5836898711733	53.6470406246979	5	5	30
188	1	4	100	63.3950534307914	53.5836898711733	53.6471569891617	5	5	45
189	1	4	100	63.3950534307914	53.5836898711733	53.6472721222556	5	5	50
190	1	4	100	63.3950534307914	53.5836898711733	53.6473860434221	5	5	50
191	1	4	100	63.3950534307914	53.5836898711733	53.6474987716969	5	5	35
192	1	4	100	63.3950534307914	53.5836898711733	53.6476103257188	5	5	35
193	1	4	100	63.3950534307914	53.5836898711733	53.6477207237404	5	5	40
194	1	4	100	63.3950534307914	53.5836898711733	53.6478299836382	5	5	40
195	1	4	100	63.3950534307914	53.5836898711733	53.6479381229216	4	5	45
196	1	4	100	63.3950534307914	53.5836898711733	53.6480451587429	5	5	30
197	1	4	100	63.3950534307914	53.5836898711733	53.6481511079061	5	5	40
198	1	4	100	63.3950534307914	53.5836898711733	53.6482559868758	5	5	40
199	1	4	100	63.3950534307914	53.5836898711733	53.6483598117855	5	5	40
200	1	4	100	63.3950534307914	53.5836898711733	53.648462598446	5	5	40
201	1	4	100	63.3950534307914	53.5836898711733	53.6485643623538	5	5	25
202	1	4	100	63.3950534307914	53.5836898711733	53.6486651186981	6	5	30
203	1	4	100	63.3950534307914	53.5836898711733	53.648764882369	5	5	25
204	1	4	100	63.3950534307914	53.5836898711733	53.6488636679647	5	5	30
205	1	4	100	63.3950534307914	53.5836898711733	53.6489614897986	5	5	35
206	1	4	100	63.3950534307914	53.5836898711733	53.6490583619059	5	5	45
207	1	4	100	63.3950534307914	53.5836898711733	53.6491542980508	5	5	40
208	1	4	100	63.3950534307914	53.5836898711733	53.6492493117327	5	5	40
209	1	4	100	63.3950534307914	53.5836898711733	53.6493434161929	5	5	40
210	1	4	100	63.3950534307914	53.5836898711733	53.6494366244201	5	5	45
211	1	4	100	63.3950534307914	53.5836898711733	53.6495289491569	5	5	45
212	1	4	100	63.3950534307914	53.5836898711733	53.6496204029057	4	5	40
213	1	4	100	63.3950534307914	53.5836898711733	53.6497109979339	5	5	35
214	1	4	100	63.3950534307914	53.5836898711733	53.6498007462795	5	5	35
215	1	4	100	63.3950534307914	53.5836898711733	53.6498896597568	5	5	40
216	1	4	100	63.3950534307914	53.5836898711733	53.6499777499612	5	5	25
217	1	4	100	63.3950534307914	53.5836898711733	53.6500650282743	5	5	20
218	1	4	100	63.3950534307914	53.5836898711733	53.6501515058689	5	5	30
219	1	4	100	63.3950534307914	53.5836898711733	53.6502371937138	5	5	30
220	1	4	100	63.3950534307914	53.5836898711733	53.6503221025783	5	5	35
221	1	4	100	63.3950534307914	53.5836898711733	53.6504062430367	5	5	30
222	1	4	100	63.3950534307914	53.5836898711733	53.6504896254731	5	5	40
223	1	4	100	63.3950534307914	53.5836898711733	53.6505722600848	5	5	40
224	1	4	100	63.3950534307914	53.5836898711733	53.6506541568876	5	5	60
225	1	4	100	63.3950534307914	53.5836898711733	53.6507353257188	4	5	55
226	1	4	100	63.3950534307914	53.5836898711733	53.6508157762417	5	5	35
227	1	4	100	63.3950534307914	53.5836898711733	53.6508955179494	5	5	35
228	1	4	100	63.3950534307914	53.5836898711733	53.6509745601685	5	5	40
229	1	4	100	63.3950534307914	53.5836898711733	53.6510529120625	5	5	40
230	1	4	100	63.3950534307914	53.5836898711733	53.6511305826358	5	5	45
231	1	4	100	63.3950534307914	53.5836898711733	53.6512075807365	5	5	20
232	1	4	100	63.3950534307914	53.5836898711733	53.6512839150605	5	5	35
233	1	4	100	63.3950534307914	53.5836898711733	53.6513595941542	5	5	35
234	1	4	100	63.3950534307914	53.5836898711733	53.6514346264181	5	5	45
235	1	4	100	63.3950534307914	53.5836898711733	53.6515090201095	5	5	45
236	1	4	100	63.3950534307914	53.5836898711733	53.6515827833459	5	5	40
237	1	4	100	63.3950534307914	53.5836898711733	53.6516559241077	3	5	45
238	1	4	100	63.3950534307914	53.5836898711733	53.6517284502413	5	5	35
239	1	4	100	63.3950534307914	53.5836898711733	53.6518003694616	5	5	40
240	1	4	100	63.3950534307914	53.5836898711733	53.6518716893551	5	5	40
241	1	4	100	63.3950534307914	53.5836898711733	53.6519424173823	5	5	20
242	1	4	100	63.3950534307914	53.5836898711733	53.6520125608803	5	5	40
243	1	4	100	63.3950534307914	53.5836898711733	53.6520821270656	5	5	45
244	1	4	100	63.3950534307914	53.5836898711733	53.6521511230362	5	5	50
245	1	4	100	63.3950534307914	53.5836898711733	53.6522195557744	5	5	50
246	1	4	100	63.3950534307914	53.5836898711733	53.6522874321489	5	5	35
247	1	4	100	63.3950534307914	53.5836898711733	53.6523547589171	5	5	40
248	1	4	100	63.3950534307914	53.5836898711733	53.6524215427276	5	5	40
249	1	4	100	63.3950534307914	53.5836898711733	53.6524877901218	5	5	40
250	1	4	100	63.3950534307914	53.5836898711733	53.6525535075369	5	5	45
251	1	4	100	63.3950534307914	53.5836898711733	53.6526187013073	5	5	40
252	1	4	100	63.3950534307914	53.5836898711733	53.6526833776668	5	5	45
253	1	4	100	63.3950534307914	53.5836898711733	53.6527475427507	5	5	40
254	1	4	100	63.3950534307914	53.5836898711733	53.6528112025978	5	5	40
255	1	4	100	63.3950534307914	53.5836898711733	53.6528743631519	5	5	40
256	1	4	100	63.3950534307914	53.5836898711733	53.6529370302642	5	5	25
257	1	4	100	63.3950534307914	53.5836898711733	53.6529992096947	6	5	30
258	1	4	100	63.3950534307914	53.5836898711733	53.6530609071141	5	5	40
259	1	4	100	63.3950534307914	53.5836898711733	53.6531221281056	5	5	30
260	1	4	100	63.3950534307914	53.5836898711733	53.6531828781663	6	5	40
261	1	4	100	63.3950534307914	53.5836898711733	53.6532431627094	5	5	40
262	1	4	100	63.3950534307914	53.5836898711733	53.653302987065	5	5	40
263	1	4	100	63.3950534307914	53.5836898711733	53.6533623564827	5	5	45
264	1	4	100	63.3950534307914	53.5836898711733	53.653421276132	5	5	45
265	1	4	100	63.3950534307914	53.5836898711733	53.6534797511047	5	5	50
266	1	4	100	63.3950534307914	53.5836898711733	53.653537786416	5	5	40
267	1	4	100	63.3950534307914	53.5836898711733	53.6535953870058	3	5	40
268	1	4	100	63.3950534307914	53.5836898711733	53.6536525577405	5	5	45
269	1	4	100	63.3950534307914	53.5836898711733	53.6537093034139	5	5	40
270	1	4	100	63.3950534307914	53.5836898711733	53.6537656287491	5	5	40
271	1	4	100	63.3950534307914	53.5836898711733	53.6538215383991	5	5	30
272	1	4	100	63.3950534307914	53.5836898711733	53.6538770369487	5	5	30
273	1	4	100	63.3950534307914	53.5836898711733	53.6539321289156	5	5	35
274	1	4	100	63.3950534307914	53.5836898711733	53.6539868187513	5	5	40
275	1	4	100	63.3950534307914	53.5836898711733	53.6540411108427	5	5	45
276	1	4	100	63.3950534307914	53.5836898711733	53.6540950095132	5	5	45
277	1	4	100	63.3950534307914	53.5836898711733	53.6541485190237	5	5	40
278	1	4	100	63.3950534307914	53.5836898711733	53.6542016435736	5	5	45
279	1	4	100	63.3950534307914	53.5836898711733	53.6542543873023	5	5	55
280	1	4	100	63.3950534307914	53.5836898711733	53.6543067542902	4	5	55
281	1	4	100	63.3950534307914	53.5836898711733	53.6543587485593	5	5	40
282	1	4	100	63.3950534307914	53.5836898711733	53.6544103740747	5	5	40
283	1	4	100	63.3950534307914	53.5836898711733	53.6544616347454	5	5	45
284	1	4	100	63.3950534307914	53.5836898711733	53.6545125344255	5	5	45
285	1	4	100	63.3950534307914	53.5836898711733	53.6545630769149	5	5	40
286	1	4	100	63.3950534307914	53.5836898711733	53.6546132659603	5	5	25
287	1	4	100	63.3950534307914	53.5836898711733	53.6546631052563	5	5	20
288	1	4	100	63.3950534307914	53.5836898711733	53.654712598446	5	5	40
289	1	4	100	63.3950534307914	53.5836898711733	53.6547617491223	5	5	45
290	1	4	100	63.3950534307914	53.5836898711733	53.6548105608285	5	5	45
291	1	4	100	63.3950534307914	53.5836898711733	53.654859037059	4	5	40
292	1	4	100	63.3950534307914	53.5836898711733	53.6549071812605	5	5	35
293	1	4	100	63.3950534307914	53.5836898711733	53.6549549968326	5	5	30
294	1	4	100	63.3950534307914	53.5836898711733	53.6550024871288	5	5	35
295	1	4	100	63.3950534307914	53.5836898711733	53.6550496554568	5	5	35
296	1	4	100	63.3950534307914	53.5836898711733	53.6550965050799	5	5	20
297	1	4	100	63.3950534307914	53.5836898711733	53.6551430392174	5	5	35
298	1	4	100	63.3950534307914	53.5836898711733	53.6551892610452	5	5	45
299	1	4	100	63.3950534307914	53.5836898711733	53.6552351736969	5	5	50
300	1	4	100	63.3950534307914	53.5836898711733	53.6552807802642	5	5	55
301	1	4	100	63.3950534307914	53.5836898711733	53.6553260837979	5	5	35
302	1	4	100	63.3950534307914	53.5836898711733	53.6553710873082	5	5	35
303	1	4	100	63.3950534307914	53.5836898711733	53.6554157937656	5	5	35
304	1	4	100	63.3950534307914	53.5836898711733	53.6554602061015	5	5	40
305	1	4	100	63.3950534307914	53.5836898711733	53.6555043272091	4	5	45
306	1	4	100	63.3950534307914	53.5836898711733	53.6555481599434	5	5	35
307	1	4	100	63.3950534307914	53.5836898711733	53.6555917071224	5	5	45
308	1	4	100	63.3950534307914	53.5836898711733	53.6556349715275	5	5	40
309	1	4	100	63.3950534307914	53.5836898711733	53.6556779559041	5	5	45
310	1	4	100	63.3950534307914	53.5836898711733	53.6557206629622	5	5	40
311	1	4	100	63.3950534307914	53.5836898711733	53.6557630953768	5	5	30
312	1	4	100	63.3950534307914	53.5836898711733	53.6558052557887	6	5	25
313	1	4	100	63.3950534307914	53.5836898711733	53.655847146805	5	5	25
314	1	4	100	63.3950534307914	53.5836898711733	53.6558887709996	5	5	30
315	1	4	100	63.3950534307914	53.5836898711733	53.6559301309136	5	5	40
316	1	4	100	63.3950534307914	53.5836898711733	53.6559712290559	5	5	45
317	1	4	100	63.3950534307914	53.5836898711733	53.656012067904	5	5	45
318	1	4	100	63.3950534307914	53.5836898711733	53.656052649904	5	5	45
319	1	4	100	63.3950534307914	53.5836898711733	53.6560929774714	5	5	45
320	1	4	100	63.3950534307914	53.5836898711733	53.6561330529915	5	5	45
321	1	4	100	63.3950534307914	53.5836898711733	53.6561728788199	5	5	45
322	1	4	100	63.3950534307914	53.5836898711733	53.6562124572828	3	5	40
323	1	4	100	63.3950534307914	53.5836898711733	53.6562517906779	5	5	35
324	1	4	100	63.3950534307914	53.5836898711733	53.6562908812743	5	5	35
325	1	4	100	63.3950534307914	53.5836898711733	53.6563297313132	5	5	35
326	1	4	100	63.3950534307914	53.5836898711733	53.6563683430082	5	5	25
327	1	4	100	63.3950534307914	53.5836898711733	53.6564067185461	5	5	20
328	1	4	100	63.3950534307914	53.5836898711733	53.6564448600868	5	5	30
329	1	4	100	63.3950534307914	53.5836898711733	53.6564827697641	5	5	40
330	1	4	100	63.3950534307914	53.5836898711733	53.6565204496857	5	5	45
331	1	4	100	63.3950534307914	53.5836898711733	53.6565579019341	5	5	35
332	1	4	100	63.3950534307914	53.5836898711733	53.6565951285665	5	5	40
333	1	4	100	63.3950534307914	53.5836898711733	53.6566321316156	5	5	45
334	1	4	100	63.3950534307914	53.5836898711733	53.6566689130895	5	5	45
335	1	4	100	63.3950534307914	53.5836898711733	53.6567054749725	4	5	45
336	1	4	100	63.3950534307914	53.5836898711733	53.6567418192253	5	5	30
337	1	4	100	63.3950534307914	53.5836898711733	53.6567779477851	5	5	40
338	1	4	100	63.3950534307914	53.5836898711733	53.6568138625665	5	5	40
339	1	4	100	63.3950534307914	53.5836898711733	53.6568495654613	5	5	40
340	1	4	100	63.3950534307914	53.5836898711733	53.6568850583391	5	5	40
341	1	4	100	63.3950534307914	53.5836898711733	53.6569203430475	5	5	20
342	1	4	100	63.3950534307914	53.5836898711733	53.6569554214125	5	5	30
343	1	4	100	63.3950534307914	53.5836898711733	53.656990295239	5	5	40
344	1	4	100	63.3950534307914	53.5836898711733	53.6570249663107	5	5	45
345	1	4	100	63.3950534307914	53.5836898711733	53.6570594363907	5	5	45
346	1	4	100	63.3950534307914	53.5836898711733	53.6570937072216	5	5	40
347	1	4	100	63.3950534307914	53.5836898711733	53.6571277805262	2	5	40
348	1	4	100	63.3950534307914	53.5836898711733	53.6571616580072	5	5	35
349	1	4	100	63.3950534307914	53.5836898711733	53.6571953413478	5	5	45
350	1	4	100	63.3950534307914	53.5836898711733	53.6572288322123	5	5	45
351	1	4	100	63.3950534307914	53.5836898711733	53.6572621322456	5	5	20
352	1	4	100	63.3950534307914	53.5836898711733	53.6572952430741	5	5	40
353	1	4	100	63.3950534307914	53.5836898711733	53.6573281663059	5	5	45
354	1	4	100	63.3950534307914	53.5836898711733	53.6573609035308	5	5	50
355	1	4	100	63.3950534307914	53.5836898711733	53.6573934563206	5	5	50
356	1	4	100	63.3950534307914	53.5836898711733	53.6574258262295	5	5	35
357	1	4	100	63.3950534307914	53.5836898711733	53.6574580147944	5	5	40
358	1	4	100	63.3950534307914	53.5836898711733	53.6574900235349	5	5	35
359	1	4	100	63.3950534307914	53.5836898711733	53.6575218539538	5	5	35
360	1	4	100	63.3950534307914	53.5836898711733	53.6575535075369	4	5	40
361	1	4	100	63.3950534307914	53.5836898711733	53.657584985754	5	5	30
362	1	4	100	63.3950534307914	53.5836898711733	53.6576162900583	5	5	40
363	1	4	100	63.3950534307914	53.5836898711733	53.6576474218871	5	5	40
364	1	4	100	63.3950534307914	53.5836898711733	53.6576783826618	5	5	45
365	1	4	100	63.3950534307914	53.5836898711733	53.6577091737885	5	5	45
366	1	4	100	63.3950534307914	53.5836898711733	53.6577397966577	5	5	25
367	1	4	100	63.3950534307914	53.5836898711733	53.6577702526447	6	5	20
368	1	4	100	63.3950534307914	53.5836898711733	53.6578005431101	5	5	25
369	1	4	100	63.3950534307914	53.5836898711733	53.6578306693995	5	5	30
370	1	4	100	63.3950534307914	53.5836898711733	53.6578606328441	6	5	35
371	1	4	100	63.3950534307914	53.5836898711733	53.6578904347607	5	5	45
372	1	4	100	63.3950534307914	53.5836898711733	53.6579200764519	5	5	45
373	1	4	100	63.3950534307914	53.5836898711733	53.6579495592065	5	5	45
374	1	4	100	63.3950534307914	53.5836898711733	53.6579788842992	5	5	45
375	1	4	100	63.3950534307914	53.5836898711733	53.6580080529915	5	5	45
376	1	4	100	63.3950534307914	53.5836898711733	53.6580370665311	5	5	40
377	1	4	100	63.3950534307914	53.5836898711733	53.6580659261528	4	5	40
378	1	4	100	63.3950534307914	53.5836898711733	53.6580946330781	5	5	40
379	1	4	100	63.3950534307914	53.5836898711733	53.6581231885156	5	5	40
380	1	4	100	63.3950534307914	53.5836898711733	53.6581515936613	5	5	40
381	1	4	100	63.3950534307914	53.5836898711733	53.6581798496987	5	5	30
382	1	4	100	63.3950534307914	53.5836898711733	53.6582079577987	5	5	25
383	1	4	100	63.3950534307914	53.5836898711733	53.6582359191201	5	5	35
384	1	4	100	63.3950534307914	53.5836898711733	53.6582637348097	5	5	35
385	1	4	100	63.3950534307914	53.5836898711733	53.6582914060021	5	5	50
386	1	4	100	63.3950534307914	53.5836898711733	53.6583189338205	5	5	40
387	1	4	100	63.3950534307914	53.5836898711733	53.6583463193763	5	5	45
388	1	4	100	63.3950534307914	53.5836898711733	53.6583735637694	5	5	50
