"Iteration #"	"Inertia"	"Number of features"	"CV best"	"Permuted CV best"	"Global best fitness"	"Current best fitness"	"Number of features in current best agent"	"Number of features in global best"	"Number of features in local best"
1	1	72	92.0511673620624	28.0920083112218	71.5431616228835	71.5431616228835	34	72	1440
2	1	26	100	30.6394641986571	76.4740922326572	76.4740922326572	44	26	26
3	1	60	100	29.7300333484899	76.5248352419156	76.5248352419156	56	50	50
4	1	60	100	29.7300333484899	76.5248352419156	74.4094614607111	55	50	50
5	1	63	100	29.7582672831367	77.1187078512992	77.1187078512992	49	49	98
6	1	63	100	29.7582672831367	77.1187078512992	73.8656067167921	49	49	56
7	1	63	100	29.7582672831367	77.1187078512992	75.3746105522875	55	49	49
8	1	67	100	28.155153933067	77.9075538630147	77.9075538630147	36	43	43
9	1	57	97.9427752888494	25.6719709636408	77.9336714890581	77.9336714890581	59	57	57
10	1	57	97.9427752888494	25.6719709636408	77.9336714890581	76.7126587059551	48	57	55
11	1	57	97.9427752888494	25.6719709636408	77.9336714890581	75.9423117131902	35	57	39
12	1	57	97.9427752888494	25.6719709636408	77.9336714890581	77.3895170636451	60	57	56
13	1	56	100	27.3714371680718	78.4144889318447	78.4144889318447	52	56	56
14	1	56	100	27.3714371680718	78.4144889318447	78.2982832580878	30	56	41
15	1	38	100	26.8012869346667	78.6305132871474	78.6305132871474	42	56	56
16	1	38	100	26.8012869346667	78.6305132871474	76.7599082123093	41	56	43
17	1	38	100	26.8012869346667	78.6305132871474	76.0376542627272	31	56	43
18	1	53	100	26.9204401055109	78.7024090978595	78.7024090978595	53	53	53
19	1	53	100	26.9204401055109	78.7024090978595	76.8798588907723	63	53	60
20	1	57	100	26.6034197302339	79.0771011383312	79.0771011383312	40	52	52
21	1	57	100	26.6034197302339	79.0771011383312	76.4072808687113	44	52	55
22	1	57	100	26.6034197302339	79.0771011383312	77.9377165727906	57	52	64
23	1	57	100	26.6034197302339	79.0771011383312	78.5336953991108	57	52	57
24	1	57	100	26.6034197302339	79.0771011383312	78.1393341337421	32	52	49
25	1	57	100	26.6034197302339	79.0771011383312	78.2543315166609	47	52	54
26	1	57	100	26.6034197302339	79.0771011383312	78.2009074590917	60	52	54
27	1	57	100	26.6034197302339	79.0771011383312	77.6077645366404	50	52	52
28	1	57	100	26.6034197302339	79.0771011383312	78.9589058342117	57	52	52
29	1	57	100	26.6034197302339	79.0771011383312	78.1785098994306	56	52	54
30	1	53	100	24.031230617834	81.0026335170112	81.0026335170112	46	53	53
31	1	53	100	24.031230617834	81.0026335170112	77.1054034103901	52	53	46
32	1	53	100	24.031230617834	81.0026335170112	75.6080300985562	55	53	50
33	1	53	100	24.031230617834	81.0026335170112	78.7958489768413	53	53	56
34	1	53	100	24.031230617834	81.0026335170112	79.7096047337454	57	53	51
35	1	53	100	24.031230617834	81.0026335170112	77.8909587612986	36	53	54
36	1	53	100	24.031230617834	81.0026335170112	77.5671951849376	55	53	51
37	1	53	100	24.031230617834	81.0026335170112	79.8217118982392	54	53	51
38	1	53	100	24.031230617834	81.0026335170112	79.7346528422962	56	53	51
39	1	53	100	24.031230617834	81.0026335170112	80.8574913341595	50	53	53
40	1	53	100	24.031230617834	81.0026335170112	79.3937683346932	44	53	54
41	1	53	100	24.031230617834	81.0026335170112	73.7033410511448	39	53	55
42	1	53	100	24.031230617834	81.0026335170112	77.5913153194631	28	53	39
43	1	53	100	24.031230617834	81.0026335170112	79.1143100441824	56	53	49
44	1	53	100	24.031230617834	81.0026335170112	78.2525407751185	35	53	35
45	1	53	100	24.031230617834	81.0026335170112	79.5670647233146	35	53	41
46	1	53	100	24.031230617834	81.0026335170112	77.0212426267906	34	53	38
47	1	53	100	24.031230617834	81.0026335170112	79.5909743584255	56	53	51
48	1	53	100	24.031230617834	81.0026335170112	79.8422392031584	57	53	54
49	1	53	100	24.031230617834	81.0026335170112	78.8965455827757	55	53	60
50	1	53	100	24.031230617834	81.0026335170112	79.5582275644276	37	53	41
51	1	53	100	24.031230617834	81.0026335170112	74.780548739068	39	53	39
52	1	53	100	24.031230617834	81.0026335170112	79.6036028395221	59	53	58
53	1	53	100	24.031230617834	81.0026335170112	78.8226948743084	59	53	57
54	1	53	100	24.031230617834	81.0026335170112	78.1902418253159	58	53	57
55	1	53	100	24.031230617834	81.0026335170112	78.3202079706813	46	53	56
56	1	53	100	24.031230617834	81.0026335170112	78.8757251773387	57	53	50
57	1	53	100	24.031230617834	81.0026335170112	77.7769419323261	56	53	43
58	1	53	100	24.031230617834	81.0026335170112	79.2675641446249	58	53	56
59	1	53	100	24.031230617834	81.0026335170112	77.0274943134276	27	53	38
60	1	53	100	24.031230617834	81.0026335170112	78.2157712417979	44	53	58
61	1	53	100	24.031230617834	81.0026335170112	74.4563141108331	29	53	37
62	1	53	100	24.031230617834	81.0026335170112	79.1793939361573	55	53	56
63	1	53	100	24.031230617834	81.0026335170112	79.6671542253968	34	53	36
64	1	53	100	24.031230617834	81.0026335170112	78.8226948743084	60	53	57
65	1	53	100	24.031230617834	81.0026335170112	77.9591291399699	44	53	53
66	1	53	100	24.031230617834	81.0026335170112	77.3491852875264	58	53	49
67	1	53	100	24.031230617834	81.0026335170112	76.3282235886403	57	53	52
68	1	53	100	24.031230617834	81.0026335170112	78.647893486607	55	53	57
69	1	53	100	24.031230617834	81.0026335170112	78.9926399757268	56	53	57
70	1	53	100	24.031230617834	81.0026335170112	79.7531182642319	35	53	53
71	1	53	100	24.031230617834	81.0026335170112	74.243505931825	52	53	58
72	1	53	100	24.031230617834	81.0026335170112	79.5981753685462	31	53	44
73	1	53	100	24.031230617834	81.0026335170112	77.7803823545735	53	53	56
74	1	53	100	24.031230617834	81.0026335170112	78.2180782139511	38	53	38
75	1	53	100	24.031230617834	81.0026335170112	79.2660652479279	51	53	54
76	1	53	100	24.031230617834	81.0026335170112	77.6000393399061	49	53	54
77	1	53	100	24.031230617834	81.0026335170112	78.9067813898682	56	53	55
78	1	53	100	24.031230617834	81.0026335170112	79.0716208034834	58	53	58
79	1	53	100	24.031230617834	81.0026335170112	79.7463270908979	56	53	58
80	1	53	100	24.031230617834	81.0026335170112	78.6065279958191	49	53	54
81	1	53	100	24.031230617834	81.0026335170112	74.6431232780557	30	53	35
82	1	53	100	24.031230617834	81.0026335170112	75.1558539765949	49	53	46
83	1	53	100	24.031230617834	81.0026335170112	79.7691778697961	54	53	50
84	1	53	100	24.031230617834	81.0026335170112	79.2459331545721	23	53	43
85	1	53	100	24.031230617834	81.0026335170112	78.777079534771	42	53	37
86	1	53	100	24.031230617834	81.0026335170112	76.7130025624437	31	53	37
87	1	53	100	24.031230617834	81.0026335170112	79.5228472461852	53	53	49
88	1	53	100	24.031230617834	81.0026335170112	79.8801763733193	50	53	52
89	1	53	100	24.031230617834	81.0026335170112	79.3179732194832	56	53	55
90	1	53	100	24.031230617834	81.0026335170112	78.8651147232015	43	53	53
91	1	53	100	24.031230617834	81.0026335170112	76.7044525613165	51	53	48
92	1	53	100	24.031230617834	81.0026335170112	79.3965125328089	27	53	40
93	1	53	100	24.031230617834	81.0026335170112	78.136614257128	55	53	53
94	1	53	100	24.031230617834	81.0026335170112	79.5910240605949	55	53	56
95	1	53	100	24.031230617834	81.0026335170112	79.369728590908	49	53	51
96	1	53	100	24.031230617834	81.0026335170112	77.3337475381933	52	53	56
97	1	53	100	24.031230617834	81.0026335170112	78.950385620644	50	53	52
98	1	53	100	24.031230617834	81.0026335170112	79.1822849690148	54	53	55
99	1	53	100	24.031230617834	81.0026335170112	79.1954465248335	52	53	53
100	1	53	100	24.031230617834	81.0026335170112	78.7330193273165	41	53	59
101	1	53	100	24.031230617834	81.0026335170112	79.7092475632932	46	53	41
102	1	53	100	24.031230617834	81.0026335170112	78.1255494457643	35	53	37
103	1	53	100	24.031230617834	81.0026335170112	78.9206702787571	51	53	41
104	1	53	100	24.031230617834	81.0026335170112	78.7695006225102	53	53	55
105	1	53	100	24.031230617834	81.0026335170112	79.0040036120904	51	53	53
106	1	53	100	24.031230617834	81.0026335170112	75.3788631374078	52	53	56
107	1	53	100	24.031230617834	81.0026335170112	77.2326191166682	50	53	44
108	1	53	100	24.031230617834	81.0026335170112	77.5554723678947	56	53	50
109	1	53	100	24.031230617834	81.0026335170112	79.0865275961974	51	53	52
110	1	53	100	24.031230617834	81.0026335170112	79.9502921250977	54	53	51
111	1	53	100	24.031230617834	81.0026335170112	77.5533683371103	27	53	35
112	1	53	100	24.031230617834	81.0026335170112	78.1109059663624	39	53	55
113	1	53	100	24.031230617834	81.0026335170112	78.5238235557594	32	53	37
114	1	53	100	24.031230617834	81.0026335170112	78.3258894082114	56	53	53
115	1	53	100	24.031230617834	81.0026335170112	79.5480472839665	40	53	52
116	1	53	100	24.031230617834	81.0026335170112	77.4567043846179	39	53	37
117	1	53	100	24.031230617834	81.0026335170112	76.6185135396943	55	53	52
