"Iteration #"	"Inertia"	"Number of features"	"CV best"	"Permuted CV best"	"Global best fitness"	"Current best fitness"	"Number of features in current best agent"	"Number of features in global best"	"Number of features in local best"
1	1	20	92.9876419676461	70.0777960317957	31.8759261521279	31.8759261521279	11	20	400
2	1	20	92.9876419676461	70.0777960317957	31.8759261521279	30.8977048490325	8	20	20
3	1	16	95.2635073203536	69.0128965953419	32.8242521805016	32.8242521805016	16	16	16
4	1	14	95.3525908222313	67.3359343200995	33.5667066077298	33.5667066077298	15	15	15
5	1	18	95.2700004189549	62.6993312483744	34.4502767750499	34.4502767750499	17	17	17
6	1	18	95.2700004189549	62.6993312483744	34.4502767750499	34.049071557468	15	17	15
7	1	18	100	69.1131570238117	35.0595114523805	35.0595114523805	17	17	17
8	1	18	100	69.1131570238117	35.0595114523805	35.0595114523805	18	17	17
9	1	18	100	69.1131570238117	35.0595114523805	35.0595114523805	17	17	17
10	1	18	100	69.1131570238117	35.0595114523805	35.0595114523805	15	17	34
11	1	18	100	69.1131570238117	35.0595114523805	34.049071557468	14	17	15
12	1	18	100	69.1131570238117	35.0595114523805	34.3972184590935	17	17	17
13	1	15	100	63.9484819019326	35.2103036196135	35.2103036196135	16	15	15
14	1	15	100	63.9484819019326	35.2103036196135	34.2148587760181	16	15	17
15	1	15	100	63.9484819019326	35.2103036196135	35.2103036196135	17	15	15
16	1	15	100	63.9484819019326	35.2103036196135	34.2148587760181	16	15	17
17	1	15	100	63.9484819019326	35.2103036196135	35.2103036196135	15	15	15
18	1	15	100	63.9484819019326	35.2103036196135	35.2103036196135	16	15	15
19	1	15	100	63.9484819019326	35.2103036196135	34.2148587760181	18	15	34
20	1	15	100	69.1005376757974	35.2620353219834	35.2620353219834	17	13	13
21	1	15	100	69.1005376757974	35.2620353219834	35.0595114523805	13	13	30
22	1	15	100	69.1005376757974	35.2620353219834	35.2620353219834	15	13	13
23	1	15	100	69.1005376757974	35.2620353219834	35.2103036196135	15	13	15
24	1	17	100	63.5810323144958	35.3087935371008	35.3087935371008	17	17	17
25	1	17	100	63.5810323144958	35.3087935371008	35.3087935371008	18	17	17
26	1	17	100	63.5810323144958	35.3087935371008	35.0595114523805	13	17	47
27	1	17	100	63.5810323144958	35.3087935371008	35.2620353219834	13	17	13
28	1	17	100	63.5810323144958	35.3087935371008	35.3087935371008	17	17	17
29	1	17	100	63.5810323144958	35.3087935371008	35.3087935371008	17	17	17
30	1	17	100	63.5810323144958	35.3087935371008	35.3087935371008	18	17	17
31	1	17	100	63.5810323144958	35.3087935371008	35.0595114523805	17	17	34
32	1	17	100	63.5810323144958	35.3087935371008	35.0595114523805	17	17	51
33	1	17	100	63.5810323144958	35.3087935371008	35.3087935371008	17	17	17
34	1	17	100	63.5810323144958	35.3087935371008	35.3087935371008	17	17	17
35	1	17	100	63.5810323144958	35.3087935371008	35.3087935371008	14	17	17
36	1	17	100	63.5810323144958	35.3087935371008	35.0595114523805	17	17	17
37	1	17	100	63.5810323144958	35.3087935371008	35.3087935371008	17	17	17
38	1	17	100	63.5810323144958	35.3087935371008	35.3087935371008	17	17	17
39	1	17	100	63.5810323144958	35.3087935371008	35.3087935371008	17	17	17
40	1	17	100	63.5810323144958	35.3087935371008	35.3087935371008	17	17	17
41	1	16	100	61.0920289188296	35.4815942162341	35.4815942162341	16	16	16
42	1	16	100	61.0920289188296	35.4815942162341	35.4815942162341	16	16	32
43	1	16	100	61.0920289188296	35.4815942162341	35.4815942162341	16	16	32
44	1	16	100	61.0920289188296	35.4815942162341	35.4815942162341	16	16	32
45	1	16	100	61.0920289188296	35.4815942162341	35.4815942162341	16	16	48
46	1	16	100	61.0920289188296	35.4815942162341	35.4815942162341	16	16	32
47	1	16	100	61.0920289188296	35.4815942162341	35.4815942162341	16	16	48
48	1	16	100	61.0920289188296	35.4815942162341	35.4815942162341	16	16	48
49	1	16	100	61.0920289188296	35.4815942162341	35.4815942162341	16	16	48
50	1	16	100	61.0920289188296	35.4815942162341	35.4815942162341	16	16	48
51	1	16	100	61.0920289188296	35.4815942162341	35.4815942162341	16	16	48
52	1	16	100	61.0920289188296	35.4815942162341	35.4815942162341	16	16	48
53	1	16	100	61.0920289188296	35.4815942162341	35.4815942162341	16	16	32
54	1	16	100	61.0920289188296	35.4815942162341	35.4815942162341	16	16	32
55	1	16	100	61.0920289188296	35.4815942162341	35.4815942162341	16	16	32
56	1	16	100	61.0920289188296	35.4815942162341	35.4815942162341	16	16	48
57	1	16	100	61.0920289188296	35.4815942162341	35.4815942162341	16	16	48
58	1	16	100	61.0920289188296	35.4815942162341	35.4815942162341	16	16	48
59	1	16	100	61.0920289188296	35.4815942162341	35.4815942162341	16	16	48
60	1	16	100	61.0920289188296	35.4815942162341	35.4815942162341	16	16	48
61	1	16	100	61.0920289188296	35.4815942162341	35.4815942162341	16	16	48
62	1	16	100	61.0920289188296	35.4815942162341	35.4815942162341	16	16	48
63	1	16	100	61.0920289188296	35.4815942162341	35.4815942162341	17	16	48
64	1	16	100	61.0920289188296	35.4815942162341	35.4815942162341	16	16	32
65	1	16	100	61.0920289188296	35.4815942162341	35.4815942162341	16	16	48
66	1	16	100	61.0920289188296	35.4815942162341	35.4815942162341	16	16	48
67	1	16	100	61.0920289188296	35.4815942162341	35.4815942162341	16	16	48
68	1	16	100	61.0920289188296	35.4815942162341	35.4815942162341	16	16	48
69	1	16	100	61.0920289188296	35.4815942162341	35.4815942162341	16	16	48
70	1	16	100	61.0920289188296	35.4815942162341	35.4815942162341	16	16	48
71	1	16	100	61.0920289188296	35.4815942162341	35.4815942162341	16	16	48
72	1	16	100	61.0920289188296	35.4815942162341	35.4815942162341	16	16	48
73	1	16	100	61.0920289188296	35.4815942162341	35.4815942162341	16	16	48
74	1	16	100	61.0920289188296	35.4815942162341	35.4815942162341	17	16	48
75	1	16	100	61.0920289188296	35.4815942162341	35.4815942162341	16	16	32
76	1	16	100	61.0920289188296	35.4815942162341	35.4815942162341	15	16	48
77	1	16	100	61.0920289188296	35.4815942162341	35.4815942162341	16	16	32
78	1	16	100	61.0920289188296	35.4815942162341	35.4815942162341	16	16	48
79	1	16	100	61.0920289188296	35.4815942162341	35.4815942162341	16	16	48
80	1	16	100	61.0920289188296	35.4815942162341	35.4815942162341	16	16	48
81	1	16	100	61.0920289188296	35.4815942162341	35.4815942162341	16	16	48
82	1	16	100	61.0920289188296	35.4815942162341	35.4815942162341	16	16	48
83	1	16	100	61.0920289188296	35.4815942162341	35.4815942162341	16	16	48
84	1	16	100	61.0920289188296	35.4815942162341	35.4815942162341	16	16	48
85	1	16	100	61.0920289188296	35.4815942162341	35.4815942162341	17	16	48
86	1	16	100	61.0920289188296	35.4815942162341	35.4815942162341	16	16	32
87	1	16	100	61.0920289188296	35.4815942162341	35.4815942162341	16	16	48
88	1	16	100	61.0920289188296	35.4815942162341	35.4815942162341	16	16	48
89	1	16	100	61.0920289188296	35.4815942162341	35.4815942162341	16	16	48
90	1	16	100	61.0920289188296	35.4815942162341	35.4815942162341	16	16	48
91	1	16	100	61.0920289188296	35.4815942162341	35.4815942162341	16	16	48
92	1	16	100	61.0920289188296	35.4815942162341	35.4815942162341	16	16	48
93	1	16	100	61.0920289188296	35.4815942162341	35.4815942162341	16	16	48
94	1	16	100	61.0920289188296	35.4815942162341	35.4815942162341	16	16	48
95	1	16	100	61.0920289188296	35.4815942162341	35.4815942162341	16	16	48
96	1	16	100	61.0920289188296	35.4815942162341	35.4815942162341	17	16	48
97	1	16	100	61.0920289188296	35.4815942162341	35.4815942162341	16	16	32
98	1	16	100	61.0920289188296	35.4815942162341	35.4815942162341	16	16	48
99	1	16	100	61.0920289188296	35.4815942162341	35.4815942162341	16	16	48
100	1	16	100	61.0920289188296	35.4815942162341	35.4815942162341	16	16	48
101	1	16	100	61.0920289188296	35.4815942162341	35.4815942162341	16	16	48
102	1	16	100	61.0920289188296	35.4815942162341	35.4815942162341	16	16	48
103	1	16	100	61.0920289188296	35.4815942162341	35.4815942162341	16	16	48
104	1	16	100	61.0920289188296	35.4815942162341	35.4815942162341	16	16	48
105	1	16	100	61.0920289188296	35.4815942162341	35.4815942162341	16	16	48
106	1	16	100	61.0920289188296	35.4815942162341	35.4815942162341	16	16	48
107	1	16	100	61.0920289188296	35.4815942162341	35.4815942162341	16	16	48
108	1	16	100	61.0920289188296	35.4815942162341	35.4815942162341	16	16	48
109	1	16	100	61.0920289188296	35.4815942162341	35.4815942162341	16	16	48
110	1	16	100	61.0920289188296	35.4815942162341	35.4815942162341	16	16	48
111	1	16	100	61.0920289188296	35.4815942162341	35.4815942162341	16	16	32
112	1	16	100	61.0920289188296	35.4815942162341	35.4815942162341	16	16	48
113	1	16	100	61.0920289188296	35.4815942162341	35.4815942162341	16	16	48
114	1	16	100	61.0920289188296	35.4815942162341	35.4815942162341	16	16	48
115	1	16	100	61.0920289188296	35.4815942162341	35.4815942162341	17	16	48
116	1	16	100	61.0920289188296	35.4815942162341	35.4815942162341	16	16	32
117	1	16	100	61.0920289188296	35.4815942162341	35.4815942162341	16	16	48
118	1	16	100	61.0920289188296	35.4815942162341	35.4815942162341	16	16	48
119	1	16	100	61.0920289188296	35.4815942162341	35.4815942162341	16	16	48
120	1	16	100	61.0920289188296	35.4815942162341	35.4815942162341	16	16	48
121	1	16	100	61.0920289188296	35.4815942162341	35.4815942162341	16	16	48
122	1	16	100	61.0920289188296	35.4815942162341	35.4815942162341	16	16	48
123	1	16	100	61.0920289188296	35.4815942162341	35.4815942162341	16	16	48
124	1	16	100	61.0920289188296	35.4815942162341	35.4815942162341	16	16	64
125	1	16	100	61.0920289188296	35.4815942162341	35.4815942162341	16	16	64
126	1	16	100	61.0920289188296	35.4815942162341	35.4815942162341	16	16	48
127	1	16	100	61.0920289188296	35.4815942162341	35.4815942162341	16	16	64
128	1	16	100	61.0920289188296	35.4815942162341	35.4815942162341	16	16	64
