"Iteration #"	"Inertia"	"Number of features"	"CV best"	"Permuted CV best"	"Global best fitness"	"Current best fitness"	"Number of features in current best agent"	"Number of features in global best"	"Number of features in local best"
1	1	20	82.5808132386654	47.3015660309304	168.399361038675	168.399361038675	9	20	20
2	1	20	82.5808132386654	47.3015660309304	168.399361038675	157.211140906322	11	20	12
3	1	11	81.2861475511834	42.8350221480849	187.860783265492	187.860783265492	10	11	11
4	1	11	81.2861475511834	42.8350221480849	187.860783265492	153.009349234955	14	11	12
5	1	11	81.2861475511834	42.8350221480849	187.860783265492	163.892396906659	8	11	8
6	1	11	81.2861475511834	42.8350221480849	187.860783265492	171.677061509479	11	11	9
7	1	11	81.2861475511834	42.8350221480849	187.860783265492	163.988990357839	11	11	9
8	1	11	81.2861475511834	42.8350221480849	187.860783265492	163.793773899283	9	11	9
9	1	11	81.2861475511834	42.8350221480849	187.860783265492	150.732362070487	12	11	20
10	1	11	81.2861475511834	42.8350221480849	187.860783265492	171.941497654057	16	11	7
11	1	11	81.2861475511834	42.8350221480849	187.860783265492	142.271450462096	7	11	8
12	1	11	81.2861475511834	42.8350221480849	187.860783265492	183.479573306791	8	11	8
13	1	9	80.1384688589834	38.9261425734687	206.061631427574	206.061631427574	11	9	9
14	1	9	80.1384688589834	38.9261425734687	206.061631427574	190.619915458853	12	9	9
15	1	9	80.1384688589834	38.9261425734687	206.061631427574	161.321753821814	7	9	14
16	1	9	80.1384688589834	38.9261425734687	206.061631427574	144.733571934577	9	9	11
17	1	9	80.1384688589834	38.9261425734687	206.061631427574	169.477182749853	9	9	9
18	1	9	80.1384688589834	38.9261425734687	206.061631427574	139.408265696983	11	9	8
19	1	9	80.1384688589834	38.9261425734687	206.061631427574	152.723075853206	11	9	9
20	1	9	80.1384688589834	38.9261425734687	206.061631427574	153.014035532758	10	9	14
21	1	9	80.1384688589834	38.9261425734687	206.061631427574	197.3593150266	12	9	4
22	1	9	80.1384688589834	38.9261425734687	206.061631427574	190.477225490332	11	9	9
23	1	9	80.1384688589834	38.9261425734687	206.061631427574	185.817329801663	5	9	4
24	1	9	80.1384688589834	38.9261425734687	206.061631427574	165.102583850014	5	9	9
25	1	9	80.1384688589834	38.9261425734687	206.061631427574	146.210106247608	7	9	7
26	1	9	80.1384688589834	38.9261425734687	206.061631427574	171.002580223741	10	9	9
27	1	9	80.1384688589834	38.9261425734687	206.061631427574	151.559270849748	10	9	9
28	1	9	80.1384688589834	38.9261425734687	206.061631427574	136.914379148242	13	9	13
29	1	9	80.1384688589834	38.9261425734687	206.061631427574	144.143768948479	8	9	9
30	1	9	80.1384688589834	38.9261425734687	206.061631427574	167.638513545941	7	9	10
31	1	9	80.1384688589834	38.9261425734687	206.061631427574	158.79522832752	9	9	10
32	1	9	80.1384688589834	38.9261425734687	206.061631427574	173.471587203369	11	9	8
33	1	9	80.1384688589834	38.9261425734687	206.061631427574	165.730871551411	13	9	10
34	1	9	80.1384688589834	38.9261425734687	206.061631427574	154.324129761317	6	9	10
35	1	9	80.1384688589834	38.9261425734687	206.061631427574	170.657905201509	10	9	7
36	1	9	80.1384688589834	38.9261425734687	206.061631427574	190.682801620178	7	9	10
37	1	9	80.1384688589834	38.9261425734687	206.061631427574	161.247225886015	8	9	10
38	1	9	80.1384688589834	38.9261425734687	206.061631427574	184.188608353085	7	9	8
39	1	9	80.1384688589834	38.9261425734687	206.061631427574	174.025057151341	11	9	10
40	1	9	80.1384688589834	38.9261425734687	206.061631427574	145.756656984606	7	9	8
41	1	9	80.1384688589834	38.9261425734687	206.061631427574	186.601048930315	10	9	12
42	1	9	80.1384688589834	38.9261425734687	206.061631427574	165.167213386754	11	9	10
43	1	9	80.1384688589834	38.9261425734687	206.061631427574	161.344784278905	9	9	10
44	1	9	80.1384688589834	38.9261425734687	206.061631427574	154.506986789259	11	9	10
45	1	9	80.1384688589834	38.9261425734687	206.061631427574	152.46966056263	10	9	10
46	1	9	80.1384688589834	38.9261425734687	206.061631427574	163.817970238887	8	9	12
47	1	9	80.1384688589834	38.9261425734687	206.061631427574	168.99335920938	7	9	9
48	1	9	80.1384688589834	38.9261425734687	206.061631427574	176.574900879559	12	9	7
49	1	9	80.1384688589834	38.9261425734687	206.061631427574	162.724145919967	9	9	9
50	1	9	80.1384688589834	38.9261425734687	206.061631427574	166.663642864565	9	9	9
51	1	9	80.1384688589834	38.9261425734687	206.061631427574	166.760044995864	15	9	8
52	1	9	80.1384688589834	38.9261425734687	206.061631427574	146.023738557564	11	9	13
53	1	9	80.1384688589834	38.9261425734687	206.061631427574	160.910313719396	10	9	9
54	1	9	80.1384688589834	38.9261425734687	206.061631427574	149.846722690626	10	9	8
55	1	9	80.1384688589834	38.9261425734687	206.061631427574	170.731735280702	13	9	7
56	1	9	80.1384688589834	38.9261425734687	206.061631427574	168.102535094722	10	9	9
57	1	9	80.1384688589834	38.9261425734687	206.061631427574	161.081111508596	5	9	9
58	1	9	80.1384688589834	38.9261425734687	206.061631427574	186.943549166203	12	9	9
59	1	9	80.1384688589834	38.9261425734687	206.061631427574	151.230931943512	10	9	9
60	1	9	80.1384688589834	38.9261425734687	206.061631427574	167.600217485401	8	9	7
61	1	9	80.1384688589834	38.9261425734687	206.061631427574	152.776102156482	9	9	13
62	1	9	80.1384688589834	38.9261425734687	206.061631427574	159.500721290482	10	9	9
63	1	9	80.1384688589834	38.9261425734687	206.061631427574	152.158067526949	9	9	8
64	1	9	80.1384688589834	38.9261425734687	206.061631427574	196.388468594752	11	9	10
65	1	9	80.1384688589834	38.9261425734687	206.061631427574	161.734558931403	7	9	9
66	1	9	80.1384688589834	38.9261425734687	206.061631427574	165.196470624721	7	9	9
67	1	9	80.1384688589834	38.9261425734687	206.061631427574	168.764380781866	7	9	10
68	1	9	80.1384688589834	38.9261425734687	206.061631427574	130.007027640524	8	9	8
69	1	9	80.1384688589834	38.9261425734687	206.061631427574	167.748774817106	12	9	9
70	1	9	80.1384688589834	38.9261425734687	206.061631427574	139.917051124845	9	9	11
71	1	9	80.1384688589834	38.9261425734687	206.061631427574	176.388498423683	7	9	9
72	1	9	80.1384688589834	38.9261425734687	206.061631427574	172.733976731065	6	9	8
73	1	9	80.1384688589834	38.9261425734687	206.061631427574	146.225841334621	5	9	8
74	1	9	80.1384688589834	38.9261425734687	206.061631427574	157.062474524674	12	9	8
75	1	9	80.1384688589834	38.9261425734687	206.061631427574	155.114978671783	10	9	9
76	1	9	80.1384688589834	38.9261425734687	206.061631427574	139.132131795886	9	9	8
77	1	9	80.1384688589834	38.9261425734687	206.061631427574	178.117540427603	10	9	9
78	1	9	80.1384688589834	38.9261425734687	206.061631427574	156.155810154323	8	9	9
79	1	9	80.1384688589834	38.9261425734687	206.061631427574	176.812078409926	13	9	9
80	1	9	80.1384688589834	38.9261425734687	206.061631427574	178.336570646081	7	9	11
81	1	9	80.1384688589834	38.9261425734687	206.061631427574	154.43887028617	12	9	10
82	1	9	80.1384688589834	38.9261425734687	206.061631427574	145.058952926027	10	9	10
83	1	9	80.1384688589834	38.9261425734687	206.061631427574	151.307184326306	10	9	13
84	1	9	80.1384688589834	38.9261425734687	206.061631427574	177.475951624739	10	9	9
85	1	9	80.1384688589834	38.9261425734687	206.061631427574	161.386566814885	10	9	10
86	1	9	80.1384688589834	38.9261425734687	206.061631427574	151.454901501023	7	9	8
87	1	9	80.1384688589834	38.9261425734687	206.061631427574	160.775694052592	8	9	7
88	1	9	80.1384688589834	38.9261425734687	206.061631427574	177.42024904775	8	9	14
89	1	9	80.1384688589834	38.9261425734687	206.061631427574	164.658683361388	11	9	14
90	1	9	80.1384688589834	38.9261425734687	206.061631427574	166.218660026044	8	9	9
91	1	9	80.1384688589834	38.9261425734687	206.061631427574	167.408185446263	10	9	8
92	1	9	80.1384688589834	38.9261425734687	206.061631427574	159.131389941502	8	9	10
93	1	9	80.1384688589834	38.9261425734687	206.061631427574	161.366916818217	7	9	8
94	1	9	80.1384688589834	38.9261425734687	206.061631427574	136.710231652702	11	9	9
95	1	9	80.1384688589834	38.9261425734687	206.061631427574	184.388006838863	8	9	9
96	1	9	80.1384688589834	38.9261425734687	206.061631427574	156.639643284514	10	9	16
97	1	9	80.1384688589834	38.9261425734687	206.061631427574	165.763406136392	13	9	10
98	1	9	80.1384688589834	38.9261425734687	206.061631427574	169.871633705629	10	9	7
99	1	9	80.1384688589834	38.9261425734687	206.061631427574	168.303981275708	7	9	6
100	1	9	80.1384688589834	38.9261425734687	206.061631427574	163.879707561905	13	9	7
101	1	9	80.1384688589834	38.9261425734687	206.061631427574	142.783454834917	13	9	7
102	1	9	80.1384688589834	38.9261425734687	206.061631427574	164.267690052114	11	9	15
103	1	9	80.1384688589834	38.9261425734687	206.061631427574	151.820257369772	10	9	8
104	1	9	80.1384688589834	38.9261425734687	206.061631427574	144.441815758348	10	9	7
105	1	9	80.1384688589834	38.9261425734687	206.061631427574	162.637211554227	11	9	15
106	1	9	80.1384688589834	38.9261425734687	206.061631427574	163.901067618459	8	9	8
107	1	9	80.1384688589834	38.9261425734687	206.061631427574	153.338782844613	12	9	10
108	1	9	80.1384688589834	38.9261425734687	206.061631427574	181.298196643883	13	9	13
109	1	9	80.1384688589834	38.9261425734687	206.061631427574	155.811417689113	11	9	8
110	1	9	80.1384688589834	38.9261425734687	206.061631427574	160.019246277613	9	9	8
111	1	9	80.1384688589834	38.9261425734687	206.061631427574	167.147688402961	14	9	8
112	1	9	80.1384688589834	38.9261425734687	206.061631427574	165.205237585367	10	9	10
113	1	9	80.1384688589834	38.9261425734687	206.061631427574	141.334870340347	9	9	6
114	1	9	80.1384688589834	38.9261425734687	206.061631427574	116.930179465346	9	9	6
115	1	9	80.1384688589834	38.9261425734687	206.061631427574	172.715350757376	9	9	9
116	1	9	80.1384688589834	38.9261425734687	206.061631427574	144.96929181845	10	9	11
117	1	9	80.1384688589834	38.9261425734687	206.061631427574	144.673832931172	10	9	11
118	1	9	80.1384688589834	38.9261425734687	206.061631427574	184.650406380303	10	9	13
119	1	9	80.1384688589834	38.9261425734687	206.061631427574	167.115869338114	11	9	11
120	1	9	80.1384688589834	38.9261425734687	206.061631427574	159.021444420411	8	9	10
121	1	9	80.1384688589834	38.9261425734687	206.061631427574	196.153637974829	10	9	11
122	1	9	80.1384688589834	38.9261425734687	206.061631427574	173.458981956875	10	9	8
123	1	9	80.1384688589834	38.9261425734687	206.061631427574	163.177971752837	12	9	11
124	1	9	80.1384688589834	38.9261425734687	206.061631427574	174.235010298873	18	9	9
125	1	9	80.1384688589834	38.9261425734687	206.061631427574	170.51968027309	10	9	10
126	1	9	80.1384688589834	38.9261425734687	206.061631427574	147.175591916076	9	9	9
127	1	9	80.1384688589834	38.9261425734687	206.061631427574	175.103339683114	9	9	9
128	1	9	80.1384688589834	38.9261425734687	206.061631427574	180.181947894328	10	9	10
129	1	9	80.1384688589834	38.9261425734687	206.061631427574	175.678376990602	8	9	7
130	1	9	80.1384688589834	38.9261425734687	206.061631427574	155.381875251555	11	9	10
131	1	9	80.1384688589834	38.9261425734687	206.061631427574	131.0973140927	8	9	10
132	1	9	80.1384688589834	38.9261425734687	206.061631427574	167.548311394772	9	9	10
133	1	9	80.1384688589834	38.9261425734687	206.061631427574	142.831446087128	11	9	10
134	1	9	80.1384688589834	38.9261425734687	206.061631427574	164.100567956042	11	9	12
135	1	9	80.1384688589834	38.9261425734687	206.061631427574	160.094858325894	8	9	10
136	1	9	80.1384688589834	38.9261425734687	206.061631427574	138.447923394095	10	9	9
137	1	9	80.1384688589834	38.9261425734687	206.061631427574	176.973960030231	11	9	8
138	1	9	80.1384688589834	38.9261425734687	206.061631427574	171.232777345528	11	9	10
139	1	9	80.1384688589834	38.9261425734687	206.061631427574	194.236521926169	6	9	10
140	1	9	80.1384688589834	38.9261425734687	206.061631427574	151.173612932285	10	9	5
141	1	9	80.1384688589834	38.9261425734687	206.061631427574	166.37125521165	12	9	11
142	1	9	80.1384688589834	38.9261425734687	206.061631427574	155.504634657608	13	9	11
143	1	9	80.1384688589834	38.9261425734687	206.061631427574	154.30701198213	13	9	14
144	1	9	80.1384688589834	38.9261425734687	206.061631427574	148.560271257486	10	9	10
145	1	9	80.1384688589834	38.9261425734687	206.061631427574	171.438964683503	6	9	11
146	1	9	80.1384688589834	38.9261425734687	206.061631427574	156.052146201526	11	9	6
147	1	9	80.1384688589834	38.9261425734687	206.061631427574	151.980657745683	11	9	9
148	1	9	80.1384688589834	38.9261425734687	206.061631427574	191.303003376534	6	9	11
149	1	9	80.1384688589834	38.9261425734687	206.061631427574	157.95352692518	8	9	12
150	1	9	80.1384688589834	38.9261425734687	206.061631427574	167.727312292647	7	9	12
151	1	9	80.1384688589834	38.9261425734687	206.061631427574	146.962035408868	12	9	9
152	1	9	80.1384688589834	38.9261425734687	206.061631427574	148.266875541456	6	9	7
153	1	9	80.1384688589834	38.9261425734687	206.061631427574	182.935041864611	8	9	12
154	1	9	80.1384688589834	38.9261425734687	206.061631427574	183.853387690634	5	9	10
155	1	9	80.1384688589834	38.9261425734687	206.061631427574	158.39824281045	10	9	13
156	1	9	80.1384688589834	38.9261425734687	206.061631427574	173.117027440618	9	9	12
157	1	9	80.1384688589834	38.9261425734687	206.061631427574	191.796095697318	7	9	7
158	1	9	80.1384688589834	38.9261425734687	206.061631427574	190.826049220111	10	9	11
159	1	9	80.1384688589834	38.9261425734687	206.061631427574	149.545414666898	8	9	7
160	1	9	80.1384688589834	38.9261425734687	206.061631427574	165.555885560282	8	9	12
161	1	9	80.1384688589834	38.9261425734687	206.061631427574	152.775367318116	9	9	10
162	1	9	80.1384688589834	38.9261425734687	206.061631427574	153.795729575775	9	9	9
163	1	9	80.1384688589834	38.9261425734687	206.061631427574	168.226643764216	11	9	9
164	1	9	80.1384688589834	38.9261425734687	206.061631427574	150.321000420741	10	9	12
165	1	9	80.1384688589834	38.9261425734687	206.061631427574	168.244113627669	8	9	10
166	1	9	80.1384688589834	38.9261425734687	206.061631427574	157.058187424755	7	9	9
167	1	9	80.1384688589834	38.9261425734687	206.061631427574	157.596290495932	12	9	9
168	1	9	80.1384688589834	38.9261425734687	206.061631427574	176.46783374721	8	9	8
169	1	9	80.1384688589834	38.9261425734687	206.061631427574	151.527830319093	11	9	9
170	1	9	80.1384688589834	38.9261425734687	206.061631427574	148.665236673667	8	9	14
171	1	9	80.1384688589834	38.9261425734687	206.061631427574	170.744990475909	11	9	9
172	1	9	80.1384688589834	38.9261425734687	206.061631427574	172.855273254061	11	9	9
173	1	9	80.1384688589834	38.9261425734687	206.061631427574	154.016011095108	8	9	10
174	1	9	80.1384688589834	38.9261425734687	206.061631427574	141.858122271726	12	9	10
175	1	9	80.1384688589834	38.9261425734687	206.061631427574	160.78009233521	9	9	9
176	1	9	80.1384688589834	38.9261425734687	206.061631427574	143.844603713166	8	9	8
177	1	9	80.1384688589834	38.9261425734687	206.061631427574	195.257973087889	10	9	7
178	1	9	80.1384688589834	38.9261425734687	206.061631427574	152.860990332959	7	9	8
179	1	9	80.1384688589834	38.9261425734687	206.061631427574	158.95415724424	10	9	10
180	1	9	80.1384688589834	38.9261425734687	206.061631427574	171.341699821824	9	9	11
181	1	9	80.1384688589834	38.9261425734687	206.061631427574	142.195047886192	6	9	12
182	1	9	80.1384688589834	38.9261425734687	206.061631427574	148.193311985469	10	9	6
183	1	9	80.1384688589834	38.9261425734687	206.061631427574	133.850564420854	7	9	7
184	1	9	80.1384688589834	38.9261425734687	206.061631427574	154.210743398666	8	9	10
185	1	9	80.1384688589834	38.9261425734687	206.061631427574	153.467550218644	8	9	10
186	1	9	80.1384688589834	38.9261425734687	206.061631427574	152.376972271469	9	9	10
187	1	9	80.1384688589834	38.9261425734687	206.061631427574	154.530524198751	10	9	6
188	1	9	80.1384688589834	38.9261425734687	206.061631427574	166.787754602669	10	9	12
189	1	9	80.1384688589834	38.9261425734687	206.061631427574	170.173191872857	7	9	9
190	1	9	80.1384688589834	38.9261425734687	206.061631427574	157.013864198566	10	9	12
191	1	9	80.1384688589834	38.9261425734687	206.061631427574	167.264071450326	14	9	14
192	1	9	80.1384688589834	38.9261425734687	206.061631427574	167.230427023882	6	9	9
193	1	9	80.1384688589834	38.9261425734687	206.061631427574	148.40036468219	8	9	14
194	1	9	80.1384688589834	38.9261425734687	206.061631427574	180.396824354291	9	9	9
195	1	9	80.1384688589834	38.9261425734687	206.061631427574	185.108422182821	7	9	10
196	1	9	80.1384688589834	38.9261425734687	206.061631427574	173.343633507249	9	9	8
197	1	9	80.1384688589834	38.9261425734687	206.061631427574	131.02626132354	10	9	7
198	1	9	80.1384688589834	38.9261425734687	206.061631427574	158.744858250179	8	9	10
199	1	9	80.1384688589834	38.9261425734687	206.061631427574	148.26229455407	8	9	14
200	1	9	80.1384688589834	38.9261425734687	206.061631427574	163.203367279413	9	9	9
201	1	9	80.1384688589834	38.9261425734687	206.061631427574	144.73274257784	9	9	10
202	1	9	80.1384688589834	38.9261425734687	206.061631427574	135.001197237629	11	9	10
203	1	9	80.1384688589834	38.9261425734687	206.061631427574	184.718329480996	9	9	7
204	1	9	80.1384688589834	38.9261425734687	206.061631427574	175.330872781137	13	9	9
205	1	9	80.1384688589834	38.9261425734687	206.061631427574	151.820972491846	9	9	10
206	1	9	80.1384688589834	38.9261425734687	206.061631427574	167.430172145566	10	9	11
207	1	9	80.1384688589834	38.9261425734687	206.061631427574	169.98520001062	14	9	10
208	1	9	80.1384688589834	38.9261425734687	206.061631427574	179.377353372576	10	9	10
209	1	9	80.1384688589834	38.9261425734687	206.061631427574	182.899337649172	9	9	12
210	1	9	80.1384688589834	38.9261425734687	206.061631427574	164.582860211243	9	9	9
211	1	9	80.1384688589834	38.9261425734687	206.061631427574	165.507797645468	13	9	10
212	1	9	80.1384688589834	38.9261425734687	206.061631427574	156.632907031542	11	9	9
213	1	9	80.1384688589834	38.9261425734687	206.061631427574	160.067817526913	11	9	11
214	1	9	80.1384688589834	38.9261425734687	206.061631427574	167.317383537783	10	9	11
215	1	9	80.1384688589834	38.9261425734687	206.061631427574	166.639273329906	10	9	8
216	1	9	80.1384688589834	38.9261425734687	206.061631427574	151.23930542152	10	9	8
217	1	9	80.1384688589834	38.9261425734687	206.061631427574	176.900332182493	9	9	10
218	1	9	80.1384688589834	38.9261425734687	206.061631427574	130.914440025052	9	9	11
219	1	9	80.1384688589834	38.9261425734687	206.061631427574	165.88379823852	11	9	11
220	1	9	80.1384688589834	38.9261425734687	206.061631427574	188.871704278294	8	9	10
221	1	9	80.1384688589834	38.9261425734687	206.061631427574	144.732369504129	15	9	8
222	1	9	80.1384688589834	38.9261425734687	206.061631427574	138.584483901562	11	9	11
223	1	9	80.1384688589834	38.9261425734687	206.061631427574	156.829100963971	17	9	10
224	1	9	80.1384688589834	38.9261425734687	206.061631427574	161.421681870107	9	9	8
225	1	9	80.1384688589834	38.9261425734687	206.061631427574	150.726129615634	11	9	7
226	1	9	80.1384688589834	38.9261425734687	206.061631427574	187.564774760156	9	9	9
227	1	9	80.1384688589834	38.9261425734687	206.061631427574	155.067533127183	10	9	8
228	1	9	80.1384688589834	38.9261425734687	206.061631427574	156.837448886122	11	9	12
229	1	9	80.1384688589834	38.9261425734687	206.061631427574	158.52078253244	6	9	12
230	1	9	80.1384688589834	38.9261425734687	206.061631427574	152.446260869276	9	9	9
231	1	9	80.1384688589834	38.9261425734687	206.061631427574	129.796523637091	8	9	13
232	1	9	80.1384688589834	38.9261425734687	206.061631427574	163.662544991911	11	9	9
233	1	9	80.1384688589834	38.9261425734687	206.061631427574	140.019309421471	7	9	12
234	1	9	80.1384688589834	38.9261425734687	206.061631427574	146.35617746903	11	9	9
235	1	9	80.1384688589834	38.9261425734687	206.061631427574	161.938499225966	15	9	14
236	1	9	80.1384688589834	38.9261425734687	206.061631427574	169.175370944792	9	9	15
237	1	9	80.1384688589834	38.9261425734687	206.061631427574	168.525763933379	10	9	10
238	1	9	80.1384688589834	38.9261425734687	206.061631427574	160.526649422305	8	9	15
239	1	9	80.1384688589834	38.9261425734687	206.061631427574	148.14138513949	7	9	6
240	1	9	80.1384688589834	38.9261425734687	206.061631427574	162.438950283782	9	9	8
241	1	9	80.1384688589834	38.9261425734687	206.061631427574	134.241514274259	7	9	10
242	1	9	80.1384688589834	38.9261425734687	206.061631427574	162.565908348336	12	9	10
243	1	9	80.1384688589834	38.9261425734687	206.061631427574	165.806700697014	13	9	14
244	1	9	80.1384688589834	38.9261425734687	206.061631427574	188.497214167992	13	9	13
245	1	9	80.1384688589834	38.9261425734687	206.061631427574	165.57742951583	10	9	9
246	1	9	80.1384688589834	38.9261425734687	206.061631427574	160.513789238996	12	9	13
247	1	9	80.1384688589834	38.9261425734687	206.061631427574	189.820835400576	9	9	10
248	1	9	80.1384688589834	38.9261425734687	206.061631427574	190.464006943822	8	9	9
249	1	9	80.1384688589834	38.9261425734687	206.061631427574	158.678045883098	8	9	9
250	1	9	80.1384688589834	38.9261425734687	206.061631427574	165.184894459893	9	9	9
251	1	9	80.1384688589834	38.9261425734687	206.061631427574	146.483706729833	6	9	11
252	1	9	80.1384688589834	38.9261425734687	206.061631427574	200.654335693417	10	9	12
253	1	9	80.1384688589834	38.9261425734687	206.061631427574	163.673891270306	5	9	11
254	1	9	80.1384688589834	38.9261425734687	206.061631427574	156.745354309533	5	9	12
255	1	9	80.1384688589834	38.9261425734687	206.061631427574	151.896525350447	7	9	10
256	1	9	80.1384688589834	38.9261425734687	206.061631427574	160.701416550042	11	9	12
257	1	9	80.1384688589834	38.9261425734687	206.061631427574	174.103469736947	7	9	13
258	1	9	80.1384688589834	38.9261425734687	206.061631427574	155.85904146376	8	9	11
259	1	9	80.1384688589834	38.9261425734687	206.061631427574	164.840221337804	7	9	8
260	1	9	80.1384688589834	38.9261425734687	206.061631427574	181.849651710642	8	9	7
261	1	9	80.1384688589834	38.9261425734687	206.061631427574	148.799972888723	14	9	12
262	1	9	80.1384688589834	38.9261425734687	206.061631427574	182.085349834485	11	9	12
263	1	9	80.1384688589834	38.9261425734687	206.061631427574	181.253172101502	8	9	9
264	1	9	80.1384688589834	38.9261425734687	206.061631427574	179.199219279221	11	9	11
265	1	9	80.1384688589834	38.9261425734687	206.061631427574	164.370701028328	7	9	9
266	1	9	80.1384688589834	38.9261425734687	206.061631427574	159.297036169236	10	9	8
267	1	9	80.1384688589834	38.9261425734687	206.061631427574	132.283078927531	13	9	14
268	1	9	80.1384688589834	38.9261425734687	206.061631427574	154.749020378995	8	9	7
269	1	9	80.1384688589834	38.9261425734687	206.061631427574	168.680761723053	11	9	11
270	1	9	80.1384688589834	38.9261425734687	206.061631427574	173.082665058304	15	9	15
271	1	9	80.1384688589834	38.9261425734687	206.061631427574	188.662323134917	11	9	8
272	1	9	80.1384688589834	38.9261425734687	206.061631427574	191.286911442528	6	9	8
273	1	9	80.1384688589834	38.9261425734687	206.061631427574	151.156469917437	5	9	8
274	1	9	80.1384688589834	38.9261425734687	206.061631427574	155.528811309555	9	9	11
275	1	9	80.1384688589834	38.9261425734687	206.061631427574	163.210691165265	9	9	11
276	1	9	80.1384688589834	38.9261425734687	206.061631427574	159.034224135225	13	9	8
277	1	9	80.1384688589834	38.9261425734687	206.061631427574	180.073307779497	13	9	8
278	1	9	80.1384688589834	38.9261425734687	206.061631427574	154.172172167886	9	9	12
279	1	9	80.1384688589834	38.9261425734687	206.061631427574	155.867871601107	10	9	11
280	1	9	80.1384688589834	38.9261425734687	206.061631427574	157.664032844382	6	9	5
281	1	9	80.1384688589834	38.9261425734687	206.061631427574	132.65991158701	9	9	8
282	1	9	80.1384688589834	38.9261425734687	206.061631427574	144.429837163438	9	9	10
283	1	9	80.1384688589834	38.9261425734687	206.061631427574	154.353996171687	10	9	9
284	1	9	80.1384688589834	38.9261425734687	206.061631427574	175.105887903399	11	9	12
285	1	9	80.1384688589834	38.9261425734687	206.061631427574	144.161563020796	7	9	8
286	1	9	80.1384688589834	38.9261425734687	206.061631427574	189.60283935665	10	9	10
287	1	9	80.1384688589834	38.9261425734687	206.061631427574	156.4128048473	9	9	14
288	1	9	80.1384688589834	38.9261425734687	206.061631427574	189.769268741723	12	9	10
289	1	9	80.1384688589834	38.9261425734687	206.061631427574	128.278905499542	9	9	10
290	1	9	80.1384688589834	38.9261425734687	206.061631427574	142.495611079337	9	9	9
291	1	9	80.1384688589834	38.9261425734687	206.061631427574	150.941045513854	11	9	10
292	1	9	80.1384688589834	38.9261425734687	206.061631427574	176.693542668771	8	9	8
293	1	9	80.1384688589834	38.9261425734687	206.061631427574	163.200658031001	9	9	10
294	1	9	80.1384688589834	38.9261425734687	206.061631427574	166.904453266819	13	9	10
295	1	9	80.1384688589834	38.9261425734687	206.061631427574	156.296325996717	10	9	8
296	1	9	80.1384688589834	38.9261425734687	206.061631427574	169.004246364578	8	9	12
297	1	9	80.1384688589834	38.9261425734687	206.061631427574	182.471666215825	6	9	10
298	1	9	80.1384688589834	38.9261425734687	206.061631427574	136.268205368393	9	9	10
299	1	9	80.1384688589834	38.9261425734687	206.061631427574	172.632089769284	14	9	10
300	1	9	80.1384688589834	38.9261425734687	206.061631427574	165.954652406482	12	9	10
301	1	9	80.1384688589834	38.9261425734687	206.061631427574	142.269069429481	5	9	13
302	1	9	80.1384688589834	38.9261425734687	206.061631427574	178.353900002107	10	9	9
303	1	9	80.1384688589834	38.9261425734687	206.061631427574	174.725129493555	10	9	8
304	1	9	80.1384688589834	38.9261425734687	206.061631427574	147.581805932351	13	9	8
305	1	9	80.1384688589834	38.9261425734687	206.061631427574	158.787806662854	9	9	11
306	1	9	80.1384688589834	38.9261425734687	206.061631427574	167.536646437017	13	9	9
307	1	9	80.1384688589834	38.9261425734687	206.061631427574	140.644105584363	10	9	11
308	1	9	80.1384688589834	38.9261425734687	206.061631427574	152.609923940659	7	9	9
309	1	9	80.1384688589834	38.9261425734687	206.061631427574	140.512369478355	13	9	15
310	1	9	80.1384688589834	38.9261425734687	206.061631427574	175.210108143389	12	9	10
311	1	9	80.1384688589834	38.9261425734687	206.061631427574	166.48467751406	8	9	8
312	1	9	80.1384688589834	38.9261425734687	206.061631427574	136.643433994829	8	9	10
313	1	9	80.1384688589834	38.9261425734687	206.061631427574	164.097926118275	8	9	10
314	1	9	80.1384688589834	38.9261425734687	206.061631427574	135.073219591414	9	9	8
315	1	9	80.1384688589834	38.9261425734687	206.061631427574	171.681745310735	9	9	9
316	1	9	80.1384688589834	38.9261425734687	206.061631427574	160.828491096781	11	9	12
317	1	9	80.1384688589834	38.9261425734687	206.061631427574	164.560562698883	11	9	11
318	1	11	84.7511164043957	42.0365130736685	209.719579153636	209.719579153636	11	11	11
319	1	11	84.7511164043957	42.0365130736685	209.719579153636	149.906238757596	14	11	9
320	1	11	84.7511164043957	42.0365130736685	209.719579153636	161.747711449329	11	11	9
321	1	11	84.7511164043957	42.0365130736685	209.719579153636	145.577568639891	13	11	10
322	1	11	84.7511164043957	42.0365130736685	209.719579153636	165.568438148074	14	11	9
323	1	11	84.7511164043957	42.0365130736685	209.719579153636	124.134376505358	9	11	11
324	1	11	84.7511164043957	42.0365130736685	209.719579153636	164.292083993473	11	11	11
325	1	11	84.7511164043957	42.0365130736685	209.719579153636	166.050918520042	14	11	9
326	1	11	84.7511164043957	42.0365130736685	209.719579153636	170.755973894215	13	11	12
327	1	11	84.7511164043957	42.0365130736685	209.719579153636	170.71996460429	8	11	11
328	1	11	84.7511164043957	42.0365130736685	209.719579153636	143.095871606001	9	11	11
329	1	11	84.7511164043957	42.0365130736685	209.719579153636	147.709750049799	9	11	11
330	1	11	84.7511164043957	42.0365130736685	209.719579153636	154.172032734428	11	11	9
331	1	11	84.7511164043957	42.0365130736685	209.719579153636	162.409031631569	9	11	10
332	1	11	84.7511164043957	42.0365130736685	209.719579153636	181.411487066332	8	11	12
333	1	11	84.7511164043957	42.0365130736685	209.719579153636	162.086257149468	7	11	10
334	1	11	84.7511164043957	42.0365130736685	209.719579153636	167.568971651048	6	11	8
335	1	11	84.7511164043957	42.0365130736685	209.719579153636	151.064067634059	14	11	10
336	1	11	84.7511164043957	42.0365130736685	209.719579153636	149.466681505806	10	11	10
337	1	11	84.7511164043957	42.0365130736685	209.719579153636	174.312032943821	8	11	12
338	1	11	84.7511164043957	42.0365130736685	209.719579153636	147.675879360175	10	11	12
339	1	11	84.7511164043957	42.0365130736685	209.719579153636	166.895330898715	12	11	8
340	1	11	84.7511164043957	42.0365130736685	209.719579153636	152.485291386811	12	11	12
341	1	11	84.7511164043957	42.0365130736685	209.719579153636	181.036398111526	13	11	10
342	1	11	84.7511164043957	42.0365130736685	209.719579153636	157.770842481155	11	11	8
343	1	11	84.7511164043957	42.0365130736685	209.719579153636	140.044537566041	9	11	12
344	1	11	84.7511164043957	42.0365130736685	209.719579153636	150.717265180726	11	11	10
345	1	11	84.7511164043957	42.0365130736685	209.719579153636	161.429660509678	8	11	9
346	1	11	84.7511164043957	42.0365130736685	209.719579153636	167.498732597353	15	11	8
347	1	11	84.7511164043957	42.0365130736685	209.719579153636	176.468217540184	4	11	4
348	1	11	84.7511164043957	42.0365130736685	209.719579153636	173.354963515864	9	11	10
349	1	11	84.7511164043957	42.0365130736685	209.719579153636	199.416994289796	12	11	9
350	1	11	84.7511164043957	42.0365130736685	209.719579153636	172.32282216115	9	11	9
351	1	11	84.7511164043957	42.0365130736685	209.719579153636	132.684657084112	10	11	9
352	1	11	84.7511164043957	42.0365130736685	209.719579153636	150.824145471396	11	11	10
353	1	11	84.7511164043957	42.0365130736685	209.719579153636	161.911681906112	10	11	8
354	1	11	84.7511164043957	42.0365130736685	209.719579153636	170.586874833017	9	11	10
355	1	11	84.7511164043957	42.0365130736685	209.719579153636	175.004829587897	9	11	10
356	1	11	84.7511164043957	42.0365130736685	209.719579153636	176.947296419559	12	11	15
357	1	11	84.7511164043957	42.0365130736685	209.719579153636	148.453020659831	10	11	15
358	1	11	84.7511164043957	42.0365130736685	209.719579153636	206.435381514445	9	11	7
359	1	11	84.7511164043957	42.0365130736685	209.719579153636	143.121452270005	10	11	10
360	1	11	84.7511164043957	42.0365130736685	209.719579153636	144.453825481866	8	11	7
361	1	11	84.7511164043957	42.0365130736685	209.719579153636	154.274419786933	13	11	10
362	1	11	84.7511164043957	42.0365130736685	209.719579153636	139.52166785287	11	11	8
363	1	11	84.7511164043957	42.0365130736685	209.719579153636	143.843791410014	14	11	13
364	1	11	84.7511164043957	42.0365130736685	209.719579153636	161.06814918874	8	11	9
365	1	11	84.7511164043957	42.0365130736685	209.719579153636	149.516267542209	9	11	9
366	1	11	84.7511164043957	42.0365130736685	209.719579153636	160.005072809377	5	11	14
367	1	11	84.7511164043957	42.0365130736685	209.719579153636	141.578262351529	8	11	10
368	1	11	84.7511164043957	42.0365130736685	209.719579153636	182.046647347827	9	11	11
369	1	11	84.7511164043957	42.0365130736685	209.719579153636	156.502061196756	12	11	10
370	1	11	84.7511164043957	42.0365130736685	209.719579153636	176.476628194558	8	11	12
371	1	11	84.7511164043957	42.0365130736685	209.719579153636	132.84958789888	13	11	13
372	1	11	84.7511164043957	42.0365130736685	209.719579153636	148.257257108059	12	11	9
373	1	11	84.7511164043957	42.0365130736685	209.719579153636	186.657380482336	11	11	11
374	1	11	84.7511164043957	42.0365130736685	209.719579153636	151.319866474689	11	11	11
375	1	11	84.7511164043957	42.0365130736685	209.719579153636	154.351848641371	8	11	11
376	1	11	84.7511164043957	42.0365130736685	209.719579153636	182.999606136367	15	11	15
377	1	11	84.7511164043957	42.0365130736685	209.719579153636	155.012404545316	9	11	9
378	1	11	84.7511164043957	42.0365130736685	209.719579153636	142.916462700071	8	11	12
379	1	11	84.7511164043957	42.0365130736685	209.719579153636	187.94181766359	10	11	15
380	1	11	84.7511164043957	42.0365130736685	209.719579153636	166.796813365703	14	11	13
381	1	11	84.7511164043957	42.0365130736685	209.719579153636	147.058003715542	11	11	13
382	1	11	84.7511164043957	42.0365130736685	209.719579153636	169.541111805214	14	11	15
383	1	11	84.7511164043957	42.0365130736685	209.719579153636	169.450807852952	11	11	12
384	1	11	84.7511164043957	42.0365130736685	209.719579153636	167.915678380908	12	11	10
385	1	11	84.7511164043957	42.0365130736685	209.719579153636	154.692279815494	11	11	12
386	1	11	84.7511164043957	42.0365130736685	209.719579153636	191.097323761061	9	11	12
387	1	11	84.7511164043957	42.0365130736685	209.719579153636	202.344724618199	13	11	8
388	1	11	84.7511164043957	42.0365130736685	209.719579153636	173.264976515161	8	11	12
389	1	11	84.7511164043957	42.0365130736685	209.719579153636	145.298286291563	10	11	8
390	1	11	84.7511164043957	42.0365130736685	209.719579153636	157.634292061568	11	11	12
391	1	11	84.7511164043957	42.0365130736685	209.719579153636	161.509939762707	11	11	8
392	1	11	84.7511164043957	42.0365130736685	209.719579153636	170.359052507518	15	11	9
393	1	11	84.7511164043957	42.0365130736685	209.719579153636	154.543427035427	6	11	11
394	1	11	84.7511164043957	42.0365130736685	209.719579153636	142.648721904688	10	11	9
395	1	11	84.7511164043957	42.0365130736685	209.719579153636	140.277847106858	8	11	12
396	1	11	84.7511164043957	42.0365130736685	209.719579153636	168.049664160888	14	11	10
397	1	11	84.7511164043957	42.0365130736685	209.719579153636	152.593155234169	9	11	10
398	1	11	84.7511164043957	42.0365130736685	209.719579153636	165.396672497972	11	11	11
399	1	11	84.7511164043957	42.0365130736685	209.719579153636	185.985361551043	11	11	6
400	1	11	84.7511164043957	42.0365130736685	209.719579153636	181.971052792227	15	11	10
401	1	11	84.7511164043957	42.0365130736685	209.719579153636	166.030124436589	9	11	8
402	1	11	84.7511164043957	42.0365130736685	209.719579153636	157.008624244334	10	11	10
403	1	11	84.7511164043957	42.0365130736685	209.719579153636	126.114378336903	9	11	10
404	1	11	84.7511164043957	42.0365130736685	209.719579153636	159.134882670415	7	11	7
405	1	11	84.7511164043957	42.0365130736685	209.719579153636	182.528328310041	10	11	6
406	1	11	84.7511164043957	42.0365130736685	209.719579153636	173.314039983904	11	11	10
407	1	11	84.7511164043957	42.0365130736685	209.719579153636	192.489325220764	12	11	11
408	1	11	84.7511164043957	42.0365130736685	209.719579153636	168.449724610701	12	11	11
409	1	11	84.7511164043957	42.0365130736685	209.719579153636	151.711529355575	10	11	10
410	1	11	84.7511164043957	42.0365130736685	209.719579153636	143.245490245191	5	11	6
411	1	11	84.7511164043957	42.0365130736685	209.719579153636	150.374087233163	10	11	10
412	1	11	84.7511164043957	42.0365130736685	209.719579153636	135.903748951312	13	11	9
413	1	11	84.7511164043957	42.0365130736685	209.719579153636	170.837572582328	10	11	10
414	1	11	84.7511164043957	42.0365130736685	209.719579153636	161.992380644537	12	11	11
415	1	11	84.7511164043957	42.0365130736685	209.719579153636	131.009997755779	10	11	12
416	1	11	84.7511164043957	42.0365130736685	209.719579153636	149.479797082336	11	11	11
417	1	11	84.7511164043957	42.0365130736685	209.719579153636	144.158546034925	10	11	10
418	1	11	84.7511164043957	42.0365130736685	209.719579153636	176.419218298635	10	11	11
419	1	11	84.7511164043957	42.0365130736685	209.719579153636	150.681618456384	11	11	8
420	1	11	84.7511164043957	42.0365130736685	209.719579153636	169.28664381741	10	11	11
421	1	11	84.7511164043957	42.0365130736685	209.719579153636	169.873564896064	11	11	8
422	1	11	84.7511164043957	42.0365130736685	209.719579153636	172.069005674869	11	11	8
423	1	11	84.7511164043957	42.0365130736685	209.719579153636	189.060407935873	12	11	9
424	1	10	84.119569103936	41.8181466915878	211.507112061741	211.507112061741	11	10	10
425	1	10	84.119569103936	41.8181466915878	211.507112061741	158.711213298229	7	10	11
426	1	10	84.119569103936	41.8181466915878	211.507112061741	181.230287786017	8	10	9
427	1	10	84.119569103936	41.8181466915878	211.507112061741	148.613644968168	16	10	10
428	1	10	84.119569103936	41.8181466915878	211.507112061741	143.132441082295	9	10	9
429	1	10	84.119569103936	41.8181466915878	211.507112061741	194.224310107369	9	10	7
430	1	10	84.119569103936	41.8181466915878	211.507112061741	143.3131546644	6	10	9
431	1	10	84.119569103936	41.8181466915878	211.507112061741	154.6274278685	11	10	11
432	1	10	84.119569103936	41.8181466915878	211.507112061741	153.352200020779	10	10	7
433	1	10	84.119569103936	41.8181466915878	211.507112061741	152.387301680109	8	10	11
434	1	10	84.119569103936	41.8181466915878	211.507112061741	169.672056640583	9	10	12
435	1	10	84.119569103936	41.8181466915878	211.507112061741	152.122014521569	13	10	9
436	1	10	84.119569103936	41.8181466915878	211.507112061741	153.464612314136	8	10	12
437	1	10	84.119569103936	41.8181466915878	211.507112061741	160.522714793635	10	10	12
438	1	10	84.119569103936	41.8181466915878	211.507112061741	162.521973057456	10	10	11
439	1	10	84.119569103936	41.8181466915878	211.507112061741	144.154379589399	9	10	10
440	1	10	84.119569103936	41.8181466915878	211.507112061741	140.599677658074	8	10	11
441	1	10	84.119569103936	41.8181466915878	211.507112061741	165.051578658358	9	10	10
442	1	10	84.119569103936	41.8181466915878	211.507112061741	138.858929705522	7	10	13
443	1	10	84.119569103936	41.8181466915878	211.507112061741	149.719104860884	10	10	9
444	1	10	84.119569103936	41.8181466915878	211.507112061741	159.775051991222	8	10	12
445	1	10	84.119569103936	41.8181466915878	211.507112061741	164.455601689938	12	10	12
446	1	10	84.119569103936	41.8181466915878	211.507112061741	147.539627371173	14	10	9
447	1	10	84.119569103936	41.8181466915878	211.507112061741	137.43122905087	11	10	10
448	1	10	84.119569103936	41.8181466915878	211.507112061741	149.723804757045	10	10	11
449	1	10	84.119569103936	41.8181466915878	211.507112061741	146.275599403729	9	10	12
450	1	10	84.119569103936	41.8181466915878	211.507112061741	149.518843656008	12	10	11
451	1	10	84.119569103936	41.8181466915878	211.507112061741	155.913974776982	7	10	10
452	1	10	84.119569103936	41.8181466915878	211.507112061741	184.517774450219	9	10	7
453	1	10	84.119569103936	41.8181466915878	211.507112061741	159.031387792815	8	10	9
454	1	10	84.119569103936	41.8181466915878	211.507112061741	175.883743200311	14	10	10
455	1	10	84.119569103936	41.8181466915878	211.507112061741	201.977610294411	8	10	9
456	1	10	84.119569103936	41.8181466915878	211.507112061741	188.690648780081	11	10	8
457	1	10	84.119569103936	41.8181466915878	211.507112061741	175.408693881717	7	10	10
458	1	10	84.119569103936	41.8181466915878	211.507112061741	144.670430810668	11	10	11
459	1	10	84.119569103936	41.8181466915878	211.507112061741	187.359793663008	13	10	5
460	1	10	84.119569103936	41.8181466915878	211.507112061741	155.871214367583	7	10	11
461	1	10	84.119569103936	41.8181466915878	211.507112061741	161.066982361728	9	10	11
462	1	10	84.119569103936	41.8181466915878	211.507112061741	185.573698623267	7	10	9
463	1	10	84.119569103936	41.8181466915878	211.507112061741	184.622886579398	5	10	8
464	1	10	84.119569103936	41.8181466915878	211.507112061741	172.562101280243	13	10	7
465	1	10	84.119569103936	41.8181466915878	211.507112061741	149.175622704049	11	10	8
466	1	10	84.119569103936	41.8181466915878	211.507112061741	176.538951793787	11	10	9
467	1	10	84.119569103936	41.8181466915878	211.507112061741	175.522406518939	10	10	9
468	1	10	84.119569103936	41.8181466915878	211.507112061741	159.45759150266	12	10	7
469	1	10	84.119569103936	41.8181466915878	211.507112061741	158.384056059308	7	10	10
470	1	10	84.119569103936	41.8181466915878	211.507112061741	159.386388353647	10	10	9
471	1	10	84.119569103936	41.8181466915878	211.507112061741	173.422140881651	13	10	11
472	1	10	84.119569103936	41.8181466915878	211.507112061741	138.867907660801	7	10	11
473	1	10	84.119569103936	41.8181466915878	211.507112061741	147.054381823101	13	10	9
474	1	10	84.119569103936	41.8181466915878	211.507112061741	182.561312026235	11	10	7
475	1	10	84.119569103936	41.8181466915878	211.507112061741	164.713513381979	7	10	12
476	1	10	84.119569103936	41.8181466915878	211.507112061741	163.318706456857	11	10	11
477	1	10	84.119569103936	41.8181466915878	211.507112061741	148.680624959354	11	10	11
478	1	10	84.119569103936	41.8181466915878	211.507112061741	177.691043197723	11	10	7
479	1	10	84.119569103936	41.8181466915878	211.507112061741	147.237301760952	11	10	11
480	1	10	84.119569103936	41.8181466915878	211.507112061741	144.783236645691	10	10	12
481	1	10	84.119569103936	41.8181466915878	211.507112061741	150.004508411388	10	10	8
482	1	10	84.119569103936	41.8181466915878	211.507112061741	146.03321018898	9	10	10
483	1	10	84.119569103936	41.8181466915878	211.507112061741	158.250040305143	16	10	9
484	1	10	84.119569103936	41.8181466915878	211.507112061741	156.997132947564	12	10	11
485	1	10	84.119569103936	41.8181466915878	211.507112061741	153.385640304913	7	10	9
486	1	10	84.119569103936	41.8181466915878	211.507112061741	162.087552478518	12	10	12
487	1	10	84.119569103936	41.8181466915878	211.507112061741	170.544811433221	7	10	9
488	1	10	84.119569103936	41.8181466915878	211.507112061741	189.752923351539	9	10	7
489	1	10	84.119569103936	41.8181466915878	211.507112061741	189.073894037892	12	10	8
490	1	10	84.119569103936	41.8181466915878	211.507112061741	147.079233210475	13	10	11
491	1	10	84.119569103936	41.8181466915878	211.507112061741	161.479796851294	10	10	7
492	1	10	84.119569103936	41.8181466915878	211.507112061741	185.085914080503	11	10	10
493	1	10	84.119569103936	41.8181466915878	211.507112061741	164.011339273247	10	10	7
494	1	10	84.119569103936	41.8181466915878	211.507112061741	164.144598953481	11	10	12
495	1	10	84.119569103936	41.8181466915878	211.507112061741	164.742468809405	8	10	12
496	1	10	84.119569103936	41.8181466915878	211.507112061741	172.834523255688	7	10	10
497	1	10	84.119569103936	41.8181466915878	211.507112061741	180.991851113847	9	10	9
498	1	10	84.119569103936	41.8181466915878	211.507112061741	142.666421647286	10	10	12
499	1	10	84.119569103936	41.8181466915878	211.507112061741	178.009958326291	7	10	10
500	1	10	84.119569103936	41.8181466915878	211.507112061741	133.053814607037	13	10	12
501	1	10	84.119569103936	41.8181466915878	211.507112061741	181.32170591959	11	10	10
502	1	10	84.119569103936	41.8181466915878	211.507112061741	146.759496686358	8	10	7
503	1	10	84.119569103936	41.8181466915878	211.507112061741	158.903278659482	11	10	10
504	1	10	84.119569103936	41.8181466915878	211.507112061741	140.984101269301	8	10	10
505	1	10	84.119569103936	41.8181466915878	211.507112061741	157.439525751472	7	10	15
506	1	10	84.119569103936	41.8181466915878	211.507112061741	164.247836315786	7	10	8
507	1	10	84.119569103936	41.8181466915878	211.507112061741	187.850668918976	8	10	9
508	1	10	84.119569103936	41.8181466915878	211.507112061741	166.783510476901	10	10	14
509	1	10	84.119569103936	41.8181466915878	211.507112061741	159.429489567126	8	10	7
510	1	10	84.119569103936	41.8181466915878	211.507112061741	174.581192425742	14	10	7
511	1	10	84.119569103936	41.8181466915878	211.507112061741	182.76297662236	13	10	9
512	1	10	84.119569103936	41.8181466915878	211.507112061741	185.438815343147	10	10	14
513	1	10	84.119569103936	41.8181466915878	211.507112061741	168.219619739871	8	10	6
514	1	10	84.119569103936	41.8181466915878	211.507112061741	172.954140811954	6	10	9
515	1	10	84.119569103936	41.8181466915878	211.507112061741	144.879466976422	12	10	9
516	1	10	84.119569103936	41.8181466915878	211.507112061741	174.297488970492	11	10	10
517	1	10	84.119569103936	41.8181466915878	211.507112061741	191.402827562622	10	10	9
518	1	10	84.119569103936	41.8181466915878	211.507112061741	202.677700305596	12	10	9
519	1	10	84.119569103936	41.8181466915878	211.507112061741	163.446307638123	13	10	10
520	1	10	84.119569103936	41.8181466915878	211.507112061741	158.366279437689	9	10	9
521	1	10	84.119569103936	41.8181466915878	211.507112061741	159.810568009733	9	10	11
522	1	10	84.119569103936	41.8181466915878	211.507112061741	156.538954769301	7	10	9
523	1	10	84.119569103936	41.8181466915878	211.507112061741	183.609106283425	8	10	9
524	1	10	84.119569103936	41.8181466915878	211.507112061741	155.049878228602	10	10	10
525	1	10	84.119569103936	41.8181466915878	211.507112061741	172.536323607415	8	10	9
526	1	10	84.119569103936	41.8181466915878	211.507112061741	152.569984563091	11	10	10
527	1	10	84.119569103936	41.8181466915878	211.507112061741	164.86050778071	13	10	15
528	1	10	84.119569103936	41.8181466915878	211.507112061741	159.938512368047	11	10	15
529	1	10	84.119569103936	41.8181466915878	211.507112061741	177.646939517104	10	10	10
530	1	10	84.119569103936	41.8181466915878	211.507112061741	182.252873149808	10	10	10
531	1	10	84.119569103936	41.8181466915878	211.507112061741	145.626847721543	8	10	11
532	1	10	84.119569103936	41.8181466915878	211.507112061741	161.376565930328	8	10	11
533	1	10	84.119569103936	41.8181466915878	211.507112061741	169.248124429387	12	10	10
534	1	10	84.119569103936	41.8181466915878	211.507112061741	160.256301307963	11	10	10
535	1	10	84.119569103936	41.8181466915878	211.507112061741	152.993570688265	11	10	10
536	1	10	84.119569103936	41.8181466915878	211.507112061741	147.595398124545	14	10	10
537	1	10	84.119569103936	41.8181466915878	211.507112061741	186.460057206415	13	10	10
538	1	10	84.119569103936	41.8181466915878	211.507112061741	139.30070131275	9	10	11
539	1	10	84.119569103936	41.8181466915878	211.507112061741	167.113124925101	9	10	10
540	1	10	84.119569103936	41.8181466915878	211.507112061741	162.292312275268	11	10	10
541	1	10	84.119569103936	41.8181466915878	211.507112061741	166.797249801109	14	10	10
542	1	10	84.119569103936	41.8181466915878	211.507112061741	167.423108989241	7	10	13
543	1	10	84.119569103936	41.8181466915878	211.507112061741	163.820643783354	12	10	13
544	1	10	84.119569103936	41.8181466915878	211.507112061741	175.244260526997	10	10	8
545	1	10	84.119569103936	41.8181466915878	211.507112061741	163.695770031876	11	10	10
546	1	10	84.119569103936	41.8181466915878	211.507112061741	171.960994910997	11	10	14
547	1	10	84.119569103936	41.8181466915878	211.507112061741	153.733563578747	10	10	8
548	1	10	84.119569103936	41.8181466915878	211.507112061741	187.599135910561	8	10	10
549	1	10	84.119569103936	41.8181466915878	211.507112061741	157.25654411034	10	10	10
550	1	10	84.119569103936	41.8181466915878	211.507112061741	147.449885151936	5	10	10
551	1	10	84.119569103936	41.8181466915878	211.507112061741	154.936257300824	9	10	12
552	1	10	84.119569103936	41.8181466915878	211.507112061741	176.93740250922	10	10	10
553	1	10	84.119569103936	41.8181466915878	211.507112061741	166.378836035939	8	10	10
554	1	10	84.119569103936	41.8181466915878	211.507112061741	148.037001754926	14	10	8
555	1	10	84.119569103936	41.8181466915878	211.507112061741	166.086728816975	10	10	14
556	1	10	84.119569103936	41.8181466915878	211.507112061741	191.447002757323	6	10	7
557	1	10	84.119569103936	41.8181466915878	211.507112061741	147.888004122897	12	10	11
558	1	10	84.119569103936	41.8181466915878	211.507112061741	195.936077211786	7	10	12
559	1	10	84.119569103936	41.8181466915878	211.507112061741	156.68729998262	11	10	7
560	1	10	84.119569103936	41.8181466915878	211.507112061741	190.941429093424	13	10	15
561	1	10	84.119569103936	41.8181466915878	211.507112061741	149.087848871347	11	10	11
562	1	10	84.119569103936	41.8181466915878	211.507112061741	156.346747334862	7	10	11
563	1	10	84.119569103936	41.8181466915878	211.507112061741	185.1332738833	10	10	12
564	1	10	84.119569103936	41.8181466915878	211.507112061741	166.730472734542	15	10	15
565	1	10	84.119569103936	41.8181466915878	211.507112061741	151.498439831174	9	10	12
566	1	10	84.119569103936	41.8181466915878	211.507112061741	160.424086272223	7	10	14
567	1	10	84.119569103936	41.8181466915878	211.507112061741	163.53840116857	11	10	12
568	1	10	84.119569103936	41.8181466915878	211.507112061741	172.930645496621	9	10	11
569	1	10	84.119569103936	41.8181466915878	211.507112061741	158.144139401047	11	10	11
570	1	10	84.119569103936	41.8181466915878	211.507112061741	150.267104659488	9	10	10
571	1	10	84.119569103936	41.8181466915878	211.507112061741	151.189933492842	9	10	12
572	1	10	84.119569103936	41.8181466915878	211.507112061741	168.71010643601	9	10	11
573	1	10	84.119569103936	41.8181466915878	211.507112061741	159.277621313102	10	10	14
574	1	10	84.119569103936	41.8181466915878	211.507112061741	175.875042014334	11	10	10
575	1	10	84.119569103936	41.8181466915878	211.507112061741	153.375998336376	10	10	10
576	1	10	84.119569103936	41.8181466915878	211.507112061741	187.385774767534	9	10	10
577	1	10	84.119569103936	41.8181466915878	211.507112061741	179.608849112048	8	10	12
578	1	10	84.119569103936	41.8181466915878	211.507112061741	160.800355988117	10	10	12
579	1	10	84.119569103936	41.8181466915878	211.507112061741	142.692539086418	13	10	12
580	1	10	84.119569103936	41.8181466915878	211.507112061741	173.684533393249	8	10	10
581	1	10	84.119569103936	41.8181466915878	211.507112061741	150.944912907995	8	10	8
582	1	10	84.119569103936	41.8181466915878	211.507112061741	170.277912967613	6	10	10
583	1	10	84.119569103936	41.8181466915878	211.507112061741	161.639644538917	8	10	12
584	1	10	84.119569103936	41.8181466915878	211.507112061741	147.99722105112	14	10	13
585	1	10	84.119569103936	41.8181466915878	211.507112061741	155.739134105854	9	10	9
586	1	10	84.119569103936	41.8181466915878	211.507112061741	146.50590972068	10	10	13
587	1	10	84.119569103936	41.8181466915878	211.507112061741	184.485805431679	10	10	6
588	1	10	84.119569103936	41.8181466915878	211.507112061741	173.479877799923	12	10	10
589	1	10	84.119569103936	41.8181466915878	211.507112061741	150.03843545994	8	10	9
590	1	10	84.119569103936	41.8181466915878	211.507112061741	165.093806192378	15	10	10
591	1	10	84.119569103936	41.8181466915878	211.507112061741	144.136484072232	10	10	14
592	1	10	84.119569103936	41.8181466915878	211.507112061741	182.595639221519	9	10	10
593	1	10	84.119569103936	41.8181466915878	211.507112061741	155.87215223875	6	10	10
594	1	10	84.119569103936	41.8181466915878	211.507112061741	145.069592512048	7	10	7
595	1	10	84.119569103936	41.8181466915878	211.507112061741	152.271484837644	10	10	11
596	1	10	84.119569103936	41.8181466915878	211.507112061741	160.965576286567	12	10	14
597	1	10	84.119569103936	41.8181466915878	211.507112061741	170.693690640265	7	10	10
598	1	10	84.119569103936	41.8181466915878	211.507112061741	175.072644471377	9	10	8
599	1	10	84.119569103936	41.8181466915878	211.507112061741	150.845283949026	8	10	9
600	1	10	84.119569103936	41.8181466915878	211.507112061741	142.05092036564	11	10	10
601	1	10	84.119569103936	41.8181466915878	211.507112061741	155.952219226969	7	10	8
602	1	10	84.119569103936	41.8181466915878	211.507112061741	134.412340073291	13	10	12
603	1	10	84.119569103936	41.8181466915878	211.507112061741	159.838048982851	10	10	11
604	1	10	84.119569103936	41.8181466915878	211.507112061741	157.458244601521	8	10	11
605	1	10	84.119569103936	41.8181466915878	211.507112061741	125.439530884396	6	10	8
606	1	10	84.119569103936	41.8181466915878	211.507112061741	147.945482339583	13	10	10
607	1	10	84.119569103936	41.8181466915878	211.507112061741	190.319256153032	12	10	10
608	1	10	84.119569103936	41.8181466915878	211.507112061741	167.920786807813	10	10	12
609	1	10	84.119569103936	41.8181466915878	211.507112061741	160.105886670575	8	10	12
610	1	10	84.119569103936	41.8181466915878	211.507112061741	151.707487986608	7	10	12
611	1	10	84.119569103936	41.8181466915878	211.507112061741	197.496176901748	6	10	9
612	1	10	84.119569103936	41.8181466915878	211.507112061741	176.225057031677	8	10	6
613	1	10	84.119569103936	41.8181466915878	211.507112061741	178.430219238319	9	10	10
614	1	10	84.119569103936	41.8181466915878	211.507112061741	150.528657230175	13	10	13
615	1	10	84.119569103936	41.8181466915878	211.507112061741	142.12527277132	8	10	11
616	1	10	84.119569103936	41.8181466915878	211.507112061741	172.680736115935	7	10	11
617	1	10	84.119569103936	41.8181466915878	211.507112061741	173.288833133597	7	10	6
618	1	10	84.119569103936	41.8181466915878	211.507112061741	164.187302220496	8	10	10
619	1	10	84.119569103936	41.8181466915878	211.507112061741	172.887290157335	12	10	8
620	1	10	84.119569103936	41.8181466915878	211.507112061741	156.647573566145	12	10	9
621	1	10	84.119569103936	41.8181466915878	211.507112061741	174.648655062396	9	10	10
622	1	10	84.119569103936	41.8181466915878	211.507112061741	164.355922699956	9	10	7
623	1	10	84.119569103936	41.8181466915878	211.507112061741	143.493746404738	14	10	12
624	1	10	84.119569103936	41.8181466915878	211.507112061741	165.16361798052	10	10	12
625	1	10	84.119569103936	41.8181466915878	211.507112061741	151.426061054933	12	10	10
626	1	10	84.119569103936	41.8181466915878	211.507112061741	173.514993426722	12	10	8
627	1	10	84.119569103936	41.8181466915878	211.507112061741	170.259014011244	10	10	8
628	1	10	84.119569103936	41.8181466915878	211.507112061741	125.245683278166	12	10	9
629	1	10	84.119569103936	41.8181466915878	211.507112061741	132.781387921812	9	10	7
630	1	10	84.119569103936	41.8181466915878	211.507112061741	180.292866182015	11	10	9
631	1	10	84.119569103936	41.8181466915878	211.507112061741	160.252167684134	12	10	12
632	1	10	84.119569103936	41.8181466915878	211.507112061741	165.381239545061	10	10	9
633	1	10	84.119569103936	41.8181466915878	211.507112061741	150.531748520979	10	10	10
634	1	10	84.119569103936	41.8181466915878	211.507112061741	152.108445225744	12	10	9
635	1	10	84.119569103936	41.8181466915878	211.507112061741	168.981589020826	9	10	10
636	1	10	84.119569103936	41.8181466915878	211.507112061741	171.233092973657	10	10	8
637	1	10	84.119569103936	41.8181466915878	211.507112061741	185.016513575155	10	10	8
638	1	10	84.119569103936	41.8181466915878	211.507112061741	170.255331123928	4	10	9
639	1	10	84.119569103936	41.8181466915878	211.507112061741	145.018642375217	12	10	8
640	1	10	84.119569103936	41.8181466915878	211.507112061741	172.109339267679	17	10	11
641	1	10	84.119569103936	41.8181466915878	211.507112061741	174.089531864979	10	10	11
642	1	10	84.119569103936	41.8181466915878	211.507112061741	149.098185998805	6	10	12
643	1	10	84.119569103936	41.8181466915878	211.507112061741	179.992499484255	11	10	11
644	1	10	84.119569103936	41.8181466915878	211.507112061741	174.537556051348	10	10	10
645	1	10	84.119569103936	41.8181466915878	211.507112061741	158.51103193411	14	10	8
646	1	10	84.119569103936	41.8181466915878	211.507112061741	174.53966666142	6	10	9
647	1	10	84.119569103936	41.8181466915878	211.507112061741	171.834120688751	9	10	10
648	1	10	84.119569103936	41.8181466915878	211.507112061741	159.630639200143	9	10	11
649	1	10	84.119569103936	41.8181466915878	211.507112061741	164.577299148681	8	10	10
650	1	10	84.119569103936	41.8181466915878	211.507112061741	171.16548736903	8	10	9
651	1	10	84.119569103936	41.8181466915878	211.507112061741	157.212106241069	13	10	10
652	1	10	84.119569103936	41.8181466915878	211.507112061741	151.596399075351	12	10	12
653	1	10	84.119569103936	41.8181466915878	211.507112061741	156.903112921334	11	10	9
654	1	10	84.119569103936	41.8181466915878	211.507112061741	169.593051164357	12	10	10
655	1	10	84.119569103936	41.8181466915878	211.507112061741	162.379304614126	8	10	9
656	1	10	84.119569103936	41.8181466915878	211.507112061741	165.109766907014	11	10	13
657	1	10	84.119569103936	41.8181466915878	211.507112061741	148.449058202951	11	10	10
658	1	10	84.119569103936	41.8181466915878	211.507112061741	137.536273519546	9	10	13
659	1	10	84.119569103936	41.8181466915878	211.507112061741	174.179844116238	6	10	11
660	1	10	84.119569103936	41.8181466915878	211.507112061741	174.138450294682	13	10	5
661	1	10	84.119569103936	41.8181466915878	211.507112061741	143.544695967042	9	10	11
662	1	10	84.119569103936	41.8181466915878	211.507112061741	161.888462458789	9	10	5
663	1	10	84.119569103936	41.8181466915878	211.507112061741	128.407162936879	11	10	12
664	1	10	84.119569103936	41.8181466915878	211.507112061741	171.075486002562	11	10	11
665	1	10	84.119569103936	41.8181466915878	211.507112061741	161.845038832277	13	10	13
666	1	10	84.119569103936	41.8181466915878	211.507112061741	145.45503342827	9	10	11
667	1	10	84.119569103936	41.8181466915878	211.507112061741	161.175704801191	11	10	9
668	1	10	84.119569103936	41.8181466915878	211.507112061741	163.412234582807	11	10	7
669	1	10	84.119569103936	41.8181466915878	211.507112061741	147.542192890063	11	10	14
670	1	10	84.119569103936	41.8181466915878	211.507112061741	167.914960885759	9	10	7
671	1	10	84.119569103936	41.8181466915878	211.507112061741	172.024646994248	6	10	8
672	1	10	84.119569103936	41.8181466915878	211.507112061741	155.895519323054	10	10	9
673	1	10	84.119569103936	41.8181466915878	211.507112061741	150.765778625545	9	10	11
674	1	10	84.119569103936	41.8181466915878	211.507112061741	158.51882897907	10	10	9
675	1	10	84.119569103936	41.8181466915878	211.507112061741	150.740920548994	8	10	9
676	1	10	84.119569103936	41.8181466915878	211.507112061741	147.578388361141	8	10	9
677	1	10	84.119569103936	41.8181466915878	211.507112061741	161.697046921157	12	10	9
678	1	10	84.119569103936	41.8181466915878	211.507112061741	185.391505040878	6	10	10
679	1	10	84.119569103936	41.8181466915878	211.507112061741	157.289008581164	9	10	10
680	1	10	84.119569103936	41.8181466915878	211.507112061741	147.557012949024	14	10	10
681	1	10	84.119569103936	41.8181466915878	211.507112061741	163.866756037181	12	10	12
682	1	10	84.119569103936	41.8181466915878	211.507112061741	151.728901275982	8	10	9
683	1	10	84.119569103936	41.8181466915878	211.507112061741	155.933749597606	13	10	8
684	1	10	84.119569103936	41.8181466915878	211.507112061741	162.583497931725	7	10	10
685	1	10	84.119569103936	41.8181466915878	211.507112061741	164.807403257416	8	10	10
686	1	10	84.119569103936	41.8181466915878	211.507112061741	162.099135283687	10	10	8
687	1	10	84.119569103936	41.8181466915878	211.507112061741	160.59399440835	7	10	7
688	1	10	84.119569103936	41.8181466915878	211.507112061741	148.936420991616	10	10	12
689	1	10	84.119569103936	41.8181466915878	211.507112061741	194.168714080722	7	10	12
690	1	10	84.119569103936	41.8181466915878	211.507112061741	167.659996519503	6	10	9
691	1	10	84.119569103936	41.8181466915878	211.507112061741	155.549732628856	10	10	15
692	1	10	84.119569103936	41.8181466915878	211.507112061741	194.632770214194	9	10	11
693	1	10	84.119569103936	41.8181466915878	211.507112061741	145.723706956633	11	10	9
694	1	10	84.119569103936	41.8181466915878	211.507112061741	135.703891968686	7	10	8
695	1	10	84.119569103936	41.8181466915878	211.507112061741	163.733716062949	10	10	10
696	1	10	84.119569103936	41.8181466915878	211.507112061741	164.629842614674	12	10	12
697	1	10	84.119569103936	41.8181466915878	211.507112061741	155.409236954535	9	10	9
698	1	10	84.119569103936	41.8181466915878	211.507112061741	177.135644045714	7	10	9
699	1	10	84.119569103936	41.8181466915878	211.507112061741	145.490979012236	7	10	8
700	1	10	84.119569103936	41.8181466915878	211.507112061741	157.992583112951	9	10	12
701	1	10	84.119569103936	41.8181466915878	211.507112061741	150.408895281371	11	10	13
702	1	10	84.119569103936	41.8181466915878	211.507112061741	163.342148162476	13	10	10
703	1	10	84.119569103936	41.8181466915878	211.507112061741	182.4793537174	9	10	11
704	1	10	84.119569103936	41.8181466915878	211.507112061741	152.354096294449	7	10	11
705	1	10	84.119569103936	41.8181466915878	211.507112061741	165.159508196957	10	10	14
706	1	10	84.119569103936	41.8181466915878	211.507112061741	155.38904010937	10	10	10
707	1	10	84.119569103936	41.8181466915878	211.507112061741	159.31986438689	11	10	14
708	1	10	84.119569103936	41.8181466915878	211.507112061741	188.228833544216	9	10	9
709	1	10	84.119569103936	41.8181466915878	211.507112061741	168.76049444569	9	10	10
710	1	10	84.119569103936	41.8181466915878	211.507112061741	157.642574709772	15	10	14
711	1	10	84.119569103936	41.8181466915878	211.507112061741	134.96057442109	13	10	13
712	1	10	84.119569103936	41.8181466915878	211.507112061741	158.391164441738	11	10	15
713	1	10	84.119569103936	41.8181466915878	211.507112061741	151.899402410603	7	10	14
714	1	10	84.119569103936	41.8181466915878	211.507112061741	130.612235893868	11	10	11
715	1	10	84.119569103936	41.8181466915878	211.507112061741	153.179602142223	11	10	15
716	1	10	84.119569103936	41.8181466915878	211.507112061741	154.011017249342	8	10	11
717	1	10	84.119569103936	41.8181466915878	211.507112061741	159.141610784579	11	10	10
718	1	10	84.119569103936	41.8181466915878	211.507112061741	148.341132791964	12	10	11
719	1	10	84.119569103936	41.8181466915878	211.507112061741	167.068682502868	11	10	14
720	1	10	84.119569103936	41.8181466915878	211.507112061741	162.019204937249	11	10	8
721	1	10	84.119569103936	41.8181466915878	211.507112061741	155.603600137077	6	10	9
722	1	10	84.119569103936	41.8181466915878	211.507112061741	145.467750420202	9	10	6
723	1	10	84.119569103936	41.8181466915878	211.507112061741	161.734183279689	5	10	14
724	1	10	84.119569103936	41.8181466915878	211.507112061741	166.980368995957	13	10	8
725	1	10	84.119569103936	41.8181466915878	211.507112061741	153.281107112383	6	10	8
726	1	10	84.119569103936	41.8181466915878	211.507112061741	174.875283549849	10	10	10
727	1	10	84.119569103936	41.8181466915878	211.507112061741	167.645782117113	12	10	11
728	1	10	84.119569103936	41.8181466915878	211.507112061741	182.815659937213	11	10	12
729	1	10	84.119569103936	41.8181466915878	211.507112061741	153.098519945979	10	10	9
730	1	10	84.119569103936	41.8181466915878	211.507112061741	159.849181631413	8	10	8
731	1	10	84.119569103936	41.8181466915878	211.507112061741	189.915077502396	10	10	8
732	1	10	84.119569103936	41.8181466915878	211.507112061741	168.239094875465	7	10	9
733	1	10	84.119569103936	41.8181466915878	211.507112061741	138.563168009003	10	10	11
734	1	10	84.119569103936	41.8181466915878	211.507112061741	195.105318710033	10	10	5
735	1	10	84.119569103936	41.8181466915878	211.507112061741	159.586551952645	12	10	6
736	1	10	84.119569103936	41.8181466915878	211.507112061741	164.816906859006	11	10	12
737	1	10	84.119569103936	41.8181466915878	211.507112061741	139.872780679037	9	10	11
738	1	10	84.119569103936	41.8181466915878	211.507112061741	172.060091821803	12	10	11
739	1	10	84.119569103936	41.8181466915878	211.507112061741	151.154957678237	10	10	7
740	1	10	84.119569103936	41.8181466915878	211.507112061741	160.240721826413	10	10	12
741	1	10	84.119569103936	41.8181466915878	211.507112061741	156.738860122923	11	10	5
742	1	10	84.119569103936	41.8181466915878	211.507112061741	176.468775760867	8	10	13
743	1	10	84.119569103936	41.8181466915878	211.507112061741	168.283228106336	7	10	11
744	1	10	84.119569103936	41.8181466915878	211.507112061741	146.520116722554	13	10	14
745	1	10	84.119569103936	41.8181466915878	211.507112061741	144.185894608619	8	10	9
746	1	10	84.119569103936	41.8181466915878	211.507112061741	152.771178824045	12	10	12
747	1	10	84.119569103936	41.8181466915878	211.507112061741	178.561078758724	9	10	14
748	1	10	84.119569103936	41.8181466915878	211.507112061741	176.363614321949	8	10	7
749	1	10	84.119569103936	41.8181466915878	211.507112061741	163.817864162417	8	10	12
750	1	10	84.119569103936	41.8181466915878	211.507112061741	146.513290595386	12	10	12
751	1	10	84.119569103936	41.8181466915878	211.507112061741	171.111887293582	12	10	10
752	1	10	84.119569103936	41.8181466915878	211.507112061741	141.564280137582	9	10	9
753	1	10	84.119569103936	41.8181466915878	211.507112061741	161.919253650092	10	10	8
754	1	10	84.119569103936	41.8181466915878	211.507112061741	151.693703927744	10	10	12
755	1	10	84.119569103936	41.8181466915878	211.507112061741	152.006115798561	11	10	9
756	1	10	84.119569103936	41.8181466915878	211.507112061741	161.018438741775	8	10	8
757	1	10	84.119569103936	41.8181466915878	211.507112061741	139.493592294481	9	10	9
758	1	10	84.119569103936	41.8181466915878	211.507112061741	147.261383014669	10	10	11
759	1	10	84.119569103936	41.8181466915878	211.507112061741	168.397724512813	10	10	11
760	1	10	84.119569103936	41.8181466915878	211.507112061741	195.300570930675	12	10	8
761	1	10	84.119569103936	41.8181466915878	211.507112061741	179.687184494224	8	10	12
762	1	10	84.119569103936	41.8181466915878	211.507112061741	185.44449605133	11	10	11
763	1	10	84.119569103936	41.8181466915878	211.507112061741	169.326270374328	10	10	12
764	1	10	84.119569103936	41.8181466915878	211.507112061741	156.588198359568	13	10	11
