"Iteration #"	"Inertia"	"Number of features"	"CV best"	"Permuted CV best"	"Global best fitness"	"Current best fitness"	"Number of features in current best agent"	"Number of features in global best"	"Number of features in local best"
1	1	40	75.2518635415469	46.6832519024508	44.3578435466669	44.3578435466669	15	40	800
2	1	16	74.4640193227302	43.7103803437832	47.6535260291772	47.6535260291772	23	15	15
3	1	33	73.143898023341	38.1091501438721	48.8509628612397	48.8509628612397	31	26	26
4	1	32	81.2176076725968	41.778230226958	53.6823334844659	53.6823334844659	25	25	25
5	1	32	81.2176076725968	41.778230226958	53.6823334844659	53.6823334844659	24	25	25
6	1	32	81.2176076725968	41.778230226958	53.6823334844659	52.431023096089	26	25	23
7	1	32	81.2176076725968	41.778230226958	53.6823334844659	52.8919626350566	17	25	18
8	1	32	81.2176076725968	41.778230226958	53.6823334844659	53.0088920342301	18	25	17
9	1	32	81.2176076725968	41.778230226958	53.6823334844659	51.2216537799065	26	25	25
10	1	32	81.2176076725968	41.778230226958	53.6823334844659	51.2216537799065	21	25	25
11	1	32	81.2176076725968	41.778230226958	53.6823334844659	52.4669845889565	21	25	20
12	1	24	82.3654949077088	42.6453425622356	53.9612702761056	53.9612702761056	24	24	24
13	1	24	82.3654949077088	42.6453425622356	53.9612702761056	54.0525221323615	23	24	22
14	1	24	82.3654949077088	42.6453425622356	53.9612702761056	53.9612702761056	24	24	24
15	1	24	82.3654949077088	42.6453425622356	53.9612702761056	53.9612702761056	30	24	24
16	1	24	82.3654949077088	42.6453425622356	53.9612702761056	53.4471851057075	20	24	25
17	1	24	82.3654949077088	42.6453425622356	53.9612702761056	52.6559703663464	21	24	25
18	1	27	81.0935329098589	35.0901940593996	57.2292360630367	57.2292360630367	25	25	25
19	1	27	81.0935329098589	35.0901940593996	57.2292360630367	57.2292360630367	25	25	25
20	1	27	81.0935329098589	35.0901940593996	57.2292360630367	57.2292360630367	22	25	25
21	1	27	81.0935329098589	35.0901940593996	57.2292360630367	53.9612702761056	24	25	24
22	1	27	81.0935329098589	35.0901940593996	57.2292360630367	53.9612702761056	24	25	24
23	1	27	81.0935329098589	35.0901940593996	57.2292360630367	54.5135388038962	28	25	30
24	1	15	82.4190101201212	37.8198764974835	57.4181218196303	57.4181218196303	29	28	28
25	1	28	82.4978521447072	37.3940565520084	57.866993966569	57.866993966569	21	16	16
26	1	28	82.4978521447072	37.3940565520084	57.866993966569	55.2417484703491	20	16	19
27	1	17	79.0684037059891	34.1369825889974	58.8693038560825	58.8693038560825	17	17	17
28	1	17	79.0684037059891	34.1369825889974	58.8693038560825	58.8693038560825	17	17	17
29	1	17	79.0684037059891	34.1369825889974	58.8693038560825	58.8693038560825	17	17	17
30	1	17	79.0684037059891	34.1369825889974	58.8693038560825	58.8693038560825	18	17	17
31	1	17	79.0684037059891	34.1369825889974	58.8693038560825	55.2268459798707	18	17	28
32	1	17	79.0684037059891	34.1369825889974	58.8693038560825	58.5795539132578	16	17	17
33	1	17	79.0684037059891	34.1369825889974	58.8693038560825	58.3729707385809	16	17	17
34	1	17	79.0684037059891	34.1369825889974	58.8693038560825	58.3729707385809	16	17	17
35	1	17	79.0684037059891	34.1369825889974	58.8693038560825	58.3729707385809	13	17	17
36	1	17	79.0684037059891	34.1369825889974	58.8693038560825	53.6522406495297	21	17	19
37	1	17	79.0684037059891	34.1369825889974	58.8693038560825	54.5864528608208	17	17	18
38	1	17	79.0684037059891	34.1369825889974	58.8693038560825	54.2999153536019	18	17	19
39	1	17	79.0684037059891	34.1369825889974	58.8693038560825	57.3116233250147	24	17	24
40	1	17	79.0684037059891	34.1369825889974	58.8693038560825	56.8841755371954	23	17	18
41	1	17	79.0684037059891	34.1369825889974	58.8693038560825	56.4024668211099	12	17	12
42	1	17	79.0684037059891	34.1369825889974	58.8693038560825	57.0075782220878	16	17	15
43	1	15	82.197982673071	36.0246028375314	59.7312650185313	59.7312650185313	20	18	18
44	1	15	82.197982673071	36.0246028375314	59.7312650185313	58.8693038560825	16	18	17
45	1	15	82.197982673071	36.0246028375314	59.7312650185313	58.6193613431784	18	18	18
46	1	15	82.197982673071	36.0246028375314	59.7312650185313	57.9978619068013	20	18	20
47	1	15	82.197982673071	36.0246028375314	59.7312650185313	58.5795539132578	15	18	15
48	1	15	82.197982673071	36.0246028375314	59.7312650185313	59.6371653136416	20	18	20
49	1	15	82.197982673071	36.0246028375314	59.7312650185313	59.6371653136416	20	18	20
50	1	15	82.197982673071	36.0246028375314	59.7312650185313	59.6371653136416	23	18	20
51	1	15	82.197982673071	36.0246028375314	59.7312650185313	56.8166550320572	19	18	20
52	1	15	82.197982673071	36.0246028375314	59.7312650185313	59.7312650185313	18	18	18
53	1	15	82.197982673071	36.0246028375314	59.7312650185313	59.7312650185313	18	18	18
54	1	15	82.197982673071	36.0246028375314	59.7312650185313	59.7312650185313	18	18	18
55	1	15	82.197982673071	36.0246028375314	59.7312650185313	59.6371653136416	19	18	20
56	1	15	82.197982673071	36.0246028375314	59.7312650185313	59.7312650185313	18	18	18
57	1	13	78.731688561797	29.8963116645093	61.5213482561912	61.5213482561912	14	14	14
58	1	13	78.731688561797	29.8963116645093	61.5213482561912	61.5213482561912	14	14	14
59	1	13	78.731688561797	29.8963116645093	61.5213482561912	61.5213482561912	14	14	14
60	1	13	78.731688561797	29.8963116645093	61.5213482561912	61.5213482561912	10	14	14
61	1	20	82.230140058734	30.7167527704535	62.4097669936219	62.4097669936219	17	16	16
62	1	20	82.230140058734	30.7167527704535	62.4097669936219	61.3736158778193	17	16	16
63	1	20	82.230140058734	30.7167527704535	62.4097669936219	61.3736158778193	17	16	16
64	1	20	82.230140058734	30.7167527704535	62.4097669936219	61.3736158778193	16	16	16
65	1	20	82.230140058734	30.7167527704535	62.4097669936219	62.4097669936219	17	16	16
66	1	20	82.230140058734	30.7167527704535	62.4097669936219	61.3736158778193	17	16	17
67	1	20	82.230140058734	30.7167527704535	62.4097669936219	61.5894630643409	16	16	18
68	1	20	82.230140058734	30.7167527704535	62.4097669936219	62.504406474636	16	16	16
69	1	20	82.230140058734	30.7167527704535	62.4097669936219	62.504406474636	16	16	16
70	1	20	82.230140058734	30.7167527704535	62.4097669936219	62.504406474636	17	16	16
71	1	20	82.230140058734	30.7167527704535	62.4097669936219	62.4868625677782	17	16	17
72	1	20	82.230140058734	30.7167527704535	62.4097669936219	62.4868625677782	17	16	17
73	1	20	82.230140058734	30.7167527704535	62.4097669936219	62.4868625677782	17	16	17
74	1	20	82.230140058734	30.7167527704535	62.4097669936219	62.4868625677782	17	16	17
75	1	20	82.230140058734	30.7167527704535	62.4097669936219	62.4868625677782	17	16	17
76	1	20	82.230140058734	30.7167527704535	62.4097669936219	62.4097669936219	16	16	16
77	1	20	82.230140058734	30.7167527704535	62.4097669936219	62.4097669936219	16	16	16
78	1	20	82.230140058734	30.7167527704535	62.4097669936219	62.4097669936219	16	16	16
79	1	20	82.230140058734	30.7167527704535	62.4097669936219	62.4097669936219	16	16	16
80	1	20	82.230140058734	30.7167527704535	62.4097669936219	62.4097669936219	18	16	32
81	1	20	82.230140058734	30.7167527704535	62.4097669936219	62.4097669936219	16	16	32
82	1	20	82.230140058734	30.7167527704535	62.4097669936219	62.4097669936219	16	16	32
83	1	20	82.230140058734	30.7167527704535	62.4097669936219	62.4097669936219	16	16	32
84	1	20	82.230140058734	30.7167527704535	62.4097669936219	62.4097669936219	16	16	32
85	1	20	82.230140058734	30.7167527704535	62.4097669936219	62.4097669936219	15	16	32
86	1	20	82.230140058734	30.7167527704535	62.4097669936219	61.8227925229067	14	16	14
87	1	20	82.230140058734	30.7167527704535	62.4097669936219	62.4097669936219	16	16	16
88	1	20	82.230140058734	30.7167527704535	62.4097669936219	62.4097669936219	16	16	16
89	1	20	82.230140058734	30.7167527704535	62.4097669936219	62.4097669936219	16	16	16
90	1	20	82.230140058734	30.7167527704535	62.4097669936219	62.4097669936219	17	16	16
91	1	12	83.8317987989873	27.7880480613325	64.5055487896411	64.5055487896411	15	15	15
92	1	12	83.8317987989873	27.7880480613325	64.5055487896411	64.5055487896411	15	15	15
93	1	12	83.8317987989873	27.7880480613325	64.5055487896411	64.5055487896411	15	15	15
94	1	12	83.8317987989873	27.7880480613325	64.5055487896411	64.5055487896411	15	15	15
95	1	12	83.8317987989873	27.7880480613325	64.5055487896411	64.5055487896411	15	15	15
96	1	12	83.8317987989873	27.7880480613325	64.5055487896411	62.4097669936219	16	15	16
97	1	12	83.8317987989873	27.7880480613325	64.5055487896411	62.4097669936219	16	15	16
98	1	12	83.8317987989873	27.7880480613325	64.5055487896411	62.4097669936219	16	15	32
99	1	12	83.8317987989873	27.7880480613325	64.5055487896411	62.4097669936219	16	15	32
100	1	12	83.8317987989873	27.7880480613325	64.5055487896411	62.4097669936219	18	15	32
101	1	12	83.8317987989873	27.7880480613325	64.5055487896411	62.4097669936219	15	15	16
102	1	12	83.8317987989873	27.7880480613325	64.5055487896411	63.7608839089941	16	15	16
103	1	12	83.8317987989873	27.7880480613325	64.5055487896411	63.7608839089941	15	15	16
104	1	12	83.8317987989873	27.7880480613325	64.5055487896411	64.5055487896411	15	15	15
105	1	12	83.8317987989873	27.7880480613325	64.5055487896411	64.5055487896411	15	15	30
106	1	12	83.8317987989873	27.7880480613325	64.5055487896411	64.5055487896411	15	15	30
107	1	12	83.8317987989873	27.7880480613325	64.5055487896411	64.5055487896411	15	15	30
108	1	13	85.5830342891721	30.0780634894983	65.4659646075637	65.4659646075637	15	15	15
109	1	13	85.5830342891721	30.0780634894983	65.4659646075637	65.4659646075637	15	15	15
110	1	13	85.5830342891721	30.0780634894983	65.4659646075637	65.4659646075637	16	15	15
111	1	13	85.5830342891721	30.0780634894983	65.4659646075637	63.650558669208	16	15	16
112	1	13	85.5830342891721	30.0780634894983	65.4659646075637	65.4659646075637	15	15	15
113	1	13	85.5830342891721	30.0780634894983	65.4659646075637	65.4659646075637	15	15	15
114	1	13	85.5830342891721	30.0780634894983	65.4659646075637	65.4659646075637	15	15	30
115	1	13	85.5830342891721	30.0780634894983	65.4659646075637	65.4659646075637	15	15	30
116	1	13	85.5830342891721	30.0780634894983	65.4659646075637	65.4659646075637	14	15	15
117	1	13	85.5830342891721	30.0780634894983	65.4659646075637	64.5055487896411	15	15	30
118	1	13	85.5830342891721	30.0780634894983	65.4659646075637	65.4659646075637	14	15	15
119	1	13	85.5830342891721	30.0780634894983	65.4659646075637	64.5055487896411	14	15	15
120	1	13	85.5830342891721	30.0780634894983	65.4659646075637	63.650558669208	16	15	16
121	1	13	85.5830342891721	30.0780634894983	65.4659646075637	65.4659646075637	15	15	15
122	1	13	85.5830342891721	30.0780634894983	65.4659646075637	65.4659646075637	15	15	15
123	1	13	85.5830342891721	30.0780634894983	65.4659646075637	65.4659646075637	15	15	15
124	1	13	85.5830342891721	30.0780634894983	65.4659646075637	65.4659646075637	15	15	15
125	1	13	85.5830342891721	30.0780634894983	65.4659646075637	65.4659646075637	15	15	15
126	1	13	85.5830342891721	30.0780634894983	65.4659646075637	65.4659646075637	15	15	30
127	1	13	85.5830342891721	30.0780634894983	65.4659646075637	65.4659646075637	15	15	30
128	1	13	85.5830342891721	30.0780634894983	65.4659646075637	65.4659646075637	15	15	30
129	1	13	85.5830342891721	30.0780634894983	65.4659646075637	65.4659646075637	15	15	30
130	1	13	85.5830342891721	30.0780634894983	65.4659646075637	65.4659646075637	15	15	30
131	1	13	85.5830342891721	30.0780634894983	65.4659646075637	65.4659646075637	15	15	15
132	1	13	85.5830342891721	30.0780634894983	65.4659646075637	65.4659646075637	15	15	15
133	1	13	85.5830342891721	30.0780634894983	65.4659646075637	65.4659646075637	15	15	15
134	1	13	85.5830342891721	30.0780634894983	65.4659646075637	65.4659646075637	15	15	15
135	1	13	85.5830342891721	30.0780634894983	65.4659646075637	65.4659646075637	16	15	15
136	1	13	85.5830342891721	30.0780634894983	65.4659646075637	65.4659646075637	15	15	30
137	1	13	85.5830342891721	30.0780634894983	65.4659646075637	65.4659646075637	15	15	45
138	1	13	85.5830342891721	30.0780634894983	65.4659646075637	65.4659646075637	15	15	45
139	1	13	85.5830342891721	30.0780634894983	65.4659646075637	65.4659646075637	15	15	45
140	1	13	85.5830342891721	30.0780634894983	65.4659646075637	65.4659646075637	15	15	45
141	1	13	85.5830342891721	30.0780634894983	65.4659646075637	65.4659646075637	15	15	45
142	1	13	85.5830342891721	30.0780634894983	65.4659646075637	65.4659646075637	15	15	45
143	1	13	85.5830342891721	30.0780634894983	65.4659646075637	65.4659646075637	15	15	45
144	1	13	85.5830342891721	30.0780634894983	65.4659646075637	65.4659646075637	15	15	45
145	1	13	85.5830342891721	30.0780634894983	65.4659646075637	65.4659646075637	13	15	60
146	1	13	85.5830342891721	30.0780634894983	65.4659646075637	65.4659646075637	15	15	45
147	1	13	85.5830342891721	30.0780634894983	65.4659646075637	65.4659646075637	15	15	60
148	1	13	85.5830342891721	30.0780634894983	65.4659646075637	65.4659646075637	15	15	60
149	1	13	85.5830342891721	30.0780634894983	65.4659646075637	65.4659646075637	15	15	60
150	1	13	85.5830342891721	30.0780634894983	65.4659646075637	65.4659646075637	15	15	60
151	1	13	85.5830342891721	30.0780634894983	65.4659646075637	65.4659646075637	15	15	60
152	1	13	85.5830342891721	30.0780634894983	65.4659646075637	65.4659646075637	14	15	60
153	1	13	85.5830342891721	30.0780634894983	65.4659646075637	65.4659646075637	15	15	45
154	1	13	85.5830342891721	30.0780634894983	65.4659646075637	65.4659646075637	15	15	45
155	1	13	85.5830342891721	30.0780634894983	65.4659646075637	65.4659646075637	15	15	45
156	1	13	85.5830342891721	30.0780634894983	65.4659646075637	65.4659646075637	15	15	60
157	1	13	85.5830342891721	30.0780634894983	65.4659646075637	65.4659646075637	15	15	75
158	1	13	85.5830342891721	30.0780634894983	65.4659646075637	65.4659646075637	15	15	75
159	1	13	85.5830342891721	30.0780634894983	65.4659646075637	65.4659646075637	15	15	75
160	1	13	85.5830342891721	30.0780634894983	65.4659646075637	65.4659646075637	13	15	75
161	1	13	85.5830342891721	30.0780634894983	65.4659646075637	65.4659646075637	15	15	45
162	1	13	85.5830342891721	30.0780634894983	65.4659646075637	65.4659646075637	15	15	45
163	1	13	85.5830342891721	30.0780634894983	65.4659646075637	65.4659646075637	15	15	60
164	1	13	85.5830342891721	30.0780634894983	65.4659646075637	65.4659646075637	15	15	60
165	1	13	85.5830342891721	30.0780634894983	65.4659646075637	65.4659646075637	15	15	90
166	1	13	85.5830342891721	30.0780634894983	65.4659646075637	65.4659646075637	10	15	75
167	1	13	85.5830342891721	30.0780634894983	65.4659646075637	65.4659646075637	15	15	75
168	1	13	85.5830342891721	30.0780634894983	65.4659646075637	65.4659646075637	15	15	75
169	1	13	85.5830342891721	30.0780634894983	65.4659646075637	65.4659646075637	15	15	75
170	1	13	85.5830342891721	30.0780634894983	65.4659646075637	65.4659646075637	15	15	75
171	1	13	85.5830342891721	30.0780634894983	65.4659646075637	65.4659646075637	15	15	75
172	1	13	85.5830342891721	30.0780634894983	65.4659646075637	65.4659646075637	15	15	75
173	1	13	85.5830342891721	30.0780634894983	65.4659646075637	65.4659646075637	15	15	90
174	1	13	85.5830342891721	30.0780634894983	65.4659646075637	65.4659646075637	15	15	90
175	1	13	85.5830342891721	30.0780634894983	65.4659646075637	65.4659646075637	12	15	75
176	1	13	85.5830342891721	30.0780634894983	65.4659646075637	65.4659646075637	15	15	60
177	1	13	85.5830342891721	30.0780634894983	65.4659646075637	65.4659646075637	15	15	60
178	1	13	85.5830342891721	30.0780634894983	65.4659646075637	65.4659646075637	15	15	60
179	1	13	85.5830342891721	30.0780634894983	65.4659646075637	65.4659646075637	15	15	75
180	1	13	85.5830342891721	30.0780634894983	65.4659646075637	65.4659646075637	11	15	75
181	1	13	85.5830342891721	30.0780634894983	65.4659646075637	65.4659646075637	15	15	75
182	1	13	85.5830342891721	30.0780634894983	65.4659646075637	65.4659646075637	15	15	75
183	1	13	85.5830342891721	30.0780634894983	65.4659646075637	65.4659646075637	15	15	90
184	1	13	85.5830342891721	30.0780634894983	65.4659646075637	65.4659646075637	15	15	90
185	1	13	85.5830342891721	30.0780634894983	65.4659646075637	65.4659646075637	14	15	90
186	1	13	85.5830342891721	30.0780634894983	65.4659646075637	65.4659646075637	10	15	75
187	1	13	85.5830342891721	30.0780634894983	65.4659646075637	65.4659646075637	15	15	60
188	1	13	85.5830342891721	30.0780634894983	65.4659646075637	65.4659646075637	15	15	60
189	1	13	85.5830342891721	30.0780634894983	65.4659646075637	65.4659646075637	15	15	60
190	1	13	85.5830342891721	30.0780634894983	65.4659646075637	65.4659646075637	15	15	60
191	1	13	85.5830342891721	30.0780634894983	65.4659646075637	65.4659646075637	15	15	75
192	1	13	85.5830342891721	30.0780634894983	65.4659646075637	65.4659646075637	15	15	75
193	1	13	85.5830342891721	30.0780634894983	65.4659646075637	65.4659646075637	15	15	90
194	1	13	85.5830342891721	30.0780634894983	65.4659646075637	65.4659646075637	15	15	90
195	1	13	85.5830342891721	30.0780634894983	65.4659646075637	65.4659646075637	15	15	120
196	1	13	85.5830342891721	30.0780634894983	65.4659646075637	65.4659646075637	15	15	75
197	1	13	85.5830342891721	30.0780634894983	65.4659646075637	65.4659646075637	15	15	75
198	1	13	85.5830342891721	30.0780634894983	65.4659646075637	65.4659646075637	15	15	75
199	1	13	85.5830342891721	30.0780634894983	65.4659646075637	65.4659646075637	15	15	90
200	1	13	85.5830342891721	30.0780634894983	65.4659646075637	65.4659646075637	15	15	105
201	1	13	85.5830342891721	30.0780634894983	65.4659646075637	65.4659646075637	15	15	105
202	1	13	85.5830342891721	30.0780634894983	65.4659646075637	65.4659646075637	15	15	105
203	1	13	85.5830342891721	30.0780634894983	65.4659646075637	65.4659646075637	15	15	105
204	1	13	85.5830342891721	30.0780634894983	65.4659646075637	65.4659646075637	15	15	105
205	1	13	85.5830342891721	30.0780634894983	65.4659646075637	65.4659646075637	16	15	105
206	1	13	85.5830342891721	30.0780634894983	65.4659646075637	65.4659646075637	15	15	90
207	1	13	85.5830342891721	30.0780634894983	65.4659646075637	65.4659646075637	15	15	105
208	1	13	85.5830342891721	30.0780634894983	65.4659646075637	65.4659646075637	14	15	105
209	1	13	85.5830342891721	30.0780634894983	65.4659646075637	65.4659646075637	15	15	90
210	1	13	85.5830342891721	30.0780634894983	65.4659646075637	65.4659646075637	13	15	90
211	1	13	85.5830342891721	30.0780634894983	65.4659646075637	65.4659646075637	15	15	75
212	1	13	85.5830342891721	30.0780634894983	65.4659646075637	65.4659646075637	15	15	90
213	1	13	85.5830342891721	30.0780634894983	65.4659646075637	65.4659646075637	15	15	90
214	1	13	85.5830342891721	30.0780634894983	65.4659646075637	65.4659646075637	15	15	90
215	1	13	85.5830342891721	30.0780634894983	65.4659646075637	65.4659646075637	12	15	105
216	1	13	85.5830342891721	30.0780634894983	65.4659646075637	65.4659646075637	15	15	60
217	1	13	85.5830342891721	30.0780634894983	65.4659646075637	65.4659646075637	15	15	60
218	1	13	85.5830342891721	30.0780634894983	65.4659646075637	65.4659646075637	15	15	90
219	1	13	85.5830342891721	30.0780634894983	65.4659646075637	65.4659646075637	15	15	90
220	1	13	85.5830342891721	30.0780634894983	65.4659646075637	65.4659646075637	13	15	90
221	1	13	85.5830342891721	30.0780634894983	65.4659646075637	65.4659646075637	15	15	75
222	1	13	85.5830342891721	30.0780634894983	65.4659646075637	65.4659646075637	15	15	75
223	1	13	85.5830342891721	30.0780634894983	65.4659646075637	65.4659646075637	15	15	75
224	1	13	85.5830342891721	30.0780634894983	65.4659646075637	65.4659646075637	15	15	75
225	1	13	85.5830342891721	30.0780634894983	65.4659646075637	65.4659646075637	15	15	75
226	1	13	85.5830342891721	30.0780634894983	65.4659646075637	65.4659646075637	15	15	90
227	1	13	85.5830342891721	30.0780634894983	65.4659646075637	65.4659646075637	15	15	90
228	1	13	85.5830342891721	30.0780634894983	65.4659646075637	65.4659646075637	15	15	105
229	1	13	85.5830342891721	30.0780634894983	65.4659646075637	65.4659646075637	15	15	135
230	1	13	85.5830342891721	30.0780634894983	65.4659646075637	65.4659646075637	13	15	105
231	1	13	85.5830342891721	30.0780634894983	65.4659646075637	65.4659646075637	15	15	90
232	1	13	85.5830342891721	30.0780634894983	65.4659646075637	65.4659646075637	15	15	105
233	1	13	85.5830342891721	30.0780634894983	65.4659646075637	65.4659646075637	15	15	105
234	1	13	85.5830342891721	30.0780634894983	65.4659646075637	65.4659646075637	15	15	105
235	1	13	85.5830342891721	30.0780634894983	65.4659646075637	65.4659646075637	12	15	105
236	1	13	85.5830342891721	30.0780634894983	65.4659646075637	65.4659646075637	15	15	60
237	1	13	85.5830342891721	30.0780634894983	65.4659646075637	65.4659646075637	15	15	90
238	1	13	85.5830342891721	30.0780634894983	65.4659646075637	65.4659646075637	15	15	90
239	1	13	85.5830342891721	30.0780634894983	65.4659646075637	65.4659646075637	15	15	90
240	1	13	85.5830342891721	30.0780634894983	65.4659646075637	65.4659646075637	15	15	90
241	1	13	85.5830342891721	30.0780634894983	65.4659646075637	65.4659646075637	10	15	90
242	1	13	85.5830342891721	30.0780634894983	65.4659646075637	65.4659646075637	15	15	75
243	1	13	85.5830342891721	30.0780634894983	65.4659646075637	65.4659646075637	15	15	75
244	1	13	85.5830342891721	30.0780634894983	65.4659646075637	65.4659646075637	15	15	75
245	1	13	85.5830342891721	30.0780634894983	65.4659646075637	65.4659646075637	15	15	75
246	1	13	85.5830342891721	30.0780634894983	65.4659646075637	65.4659646075637	15	15	90
247	1	13	85.5830342891721	30.0780634894983	65.4659646075637	65.4659646075637	15	15	90
248	1	13	85.5830342891721	30.0780634894983	65.4659646075637	65.4659646075637	15	15	120
249	1	13	85.5830342891721	30.0780634894983	65.4659646075637	65.4659646075637	15	15	120
250	1	13	85.5830342891721	30.0780634894983	65.4659646075637	65.4659646075637	15	15	120
251	1	13	85.5830342891721	30.0780634894983	65.4659646075637	65.4659646075637	15	15	75
252	1	13	85.5830342891721	30.0780634894983	65.4659646075637	65.4659646075637	15	15	75
253	1	13	85.5830342891721	30.0780634894983	65.4659646075637	65.4659646075637	15	15	75
254	1	13	85.5830342891721	30.0780634894983	65.4659646075637	65.4659646075637	15	15	90
255	1	13	85.5830342891721	30.0780634894983	65.4659646075637	65.4659646075637	15	15	105
256	1	13	85.5830342891721	30.0780634894983	65.4659646075637	65.4659646075637	15	15	120
257	1	13	85.5830342891721	30.0780634894983	65.4659646075637	65.4659646075637	15	15	105
258	1	13	85.5830342891721	30.0780634894983	65.4659646075637	65.4659646075637	15	15	105
259	1	13	85.5830342891721	30.0780634894983	65.4659646075637	65.4659646075637	15	15	105
260	1	13	85.5830342891721	30.0780634894983	65.4659646075637	65.4659646075637	16	15	105
261	1	13	85.5830342891721	30.0780634894983	65.4659646075637	65.4659646075637	15	15	90
262	1	13	85.5830342891721	30.0780634894983	65.4659646075637	65.4659646075637	15	15	105
263	1	13	85.5830342891721	30.0780634894983	65.4659646075637	65.4659646075637	14	15	90
264	1	13	85.5830342891721	30.0780634894983	65.4659646075637	65.4659646075637	15	15	75
265	1	13	85.5830342891721	30.0780634894983	65.4659646075637	65.4659646075637	15	15	90
266	1	13	85.5830342891721	30.0780634894983	65.4659646075637	65.4659646075637	11	15	105
267	1	13	85.5830342891721	30.0780634894983	65.4659646075637	65.4659646075637	15	15	90
268	1	13	85.5830342891721	30.0780634894983	65.4659646075637	65.4659646075637	15	15	90
269	1	13	85.5830342891721	30.0780634894983	65.4659646075637	65.4659646075637	15	15	90
270	1	13	85.5830342891721	30.0780634894983	65.4659646075637	65.4659646075637	13	15	90
271	1	13	85.5830342891721	30.0780634894983	65.4659646075637	65.4659646075637	15	15	60
272	1	13	85.5830342891721	30.0780634894983	65.4659646075637	65.4659646075637	15	15	60
273	1	13	85.5830342891721	30.0780634894983	65.4659646075637	65.4659646075637	15	15	90
274	1	13	85.5830342891721	30.0780634894983	65.4659646075637	65.4659646075637	15	15	90
275	1	13	85.5830342891721	30.0780634894983	65.4659646075637	65.4659646075637	12	15	90
276	1	13	85.5830342891721	30.0780634894983	65.4659646075637	65.4659646075637	15	15	75
277	1	13	85.5830342891721	30.0780634894983	65.4659646075637	65.4659646075637	15	15	75
278	1	13	85.5830342891721	30.0780634894983	65.4659646075637	65.4659646075637	15	15	75
279	1	13	85.5830342891721	30.0780634894983	65.4659646075637	65.4659646075637	15	15	75
280	1	13	85.5830342891721	30.0780634894983	65.4659646075637	65.4659646075637	15	15	75
281	1	13	85.5830342891721	30.0780634894983	65.4659646075637	65.4659646075637	15	15	90
282	1	13	85.5830342891721	30.0780634894983	65.4659646075637	65.4659646075637	15	15	90
283	1	13	85.5830342891721	30.0780634894983	65.4659646075637	65.4659646075637	15	15	105
284	1	13	85.5830342891721	30.0780634894983	65.4659646075637	65.4659646075637	15	15	135
285	1	13	85.5830342891721	30.0780634894983	65.4659646075637	65.4659646075637	12	15	105
286	1	13	85.5830342891721	30.0780634894983	65.4659646075637	65.4659646075637	15	15	90
287	1	13	85.5830342891721	30.0780634894983	65.4659646075637	65.4659646075637	15	15	105
288	1	13	85.5830342891721	30.0780634894983	65.4659646075637	65.4659646075637	15	15	105
289	1	13	85.5830342891721	30.0780634894983	65.4659646075637	65.4659646075637	15	15	105
290	1	13	85.5830342891721	30.0780634894983	65.4659646075637	65.4659646075637	13	15	105
291	1	13	85.5830342891721	30.0780634894983	65.4659646075637	65.4659646075637	15	15	60
292	1	13	85.5830342891721	30.0780634894983	65.4659646075637	65.4659646075637	15	15	90
293	1	13	85.5830342891721	30.0780634894983	65.4659646075637	65.4659646075637	15	15	90
294	1	13	85.5830342891721	30.0780634894983	65.4659646075637	65.4659646075637	15	15	90
295	1	13	85.5830342891721	30.0780634894983	65.4659646075637	65.4659646075637	13	15	90
296	1	13	85.5830342891721	30.0780634894983	65.4659646075637	65.4659646075637	15	15	75
297	1	13	85.5830342891721	30.0780634894983	65.4659646075637	65.4659646075637	15	15	75
298	1	13	85.5830342891721	30.0780634894983	65.4659646075637	65.4659646075637	15	15	75
299	1	13	85.5830342891721	30.0780634894983	65.4659646075637	65.4659646075637	15	15	75
300	1	13	85.5830342891721	30.0780634894983	65.4659646075637	65.4659646075637	16	15	90
301	1	13	85.5830342891721	30.0780634894983	65.4659646075637	65.4659646075637	15	15	90
302	1	13	85.5830342891721	30.0780634894983	65.4659646075637	65.4659646075637	15	15	90
303	1	13	85.5830342891721	30.0780634894983	65.4659646075637	65.4659646075637	15	15	105
304	1	13	85.5830342891721	30.0780634894983	65.4659646075637	65.4659646075637	15	15	105
305	1	13	85.5830342891721	30.0780634894983	65.4659646075637	65.4659646075637	14	15	105
306	1	13	85.5830342891721	30.0780634894983	65.4659646075637	65.4659646075637	15	15	60
307	1	13	85.5830342891721	30.0780634894983	65.4659646075637	65.4659646075637	15	15	90
308	1	13	85.5830342891721	30.0780634894983	65.4659646075637	65.4659646075637	15	15	90
309	1	13	85.5830342891721	30.0780634894983	65.4659646075637	65.4659646075637	15	15	120
310	1	13	85.5830342891721	30.0780634894983	65.4659646075637	65.4659646075637	15	15	120
311	1	13	85.5830342891721	30.0780634894983	65.4659646075637	65.4659646075637	15	15	90
312	1	13	85.5830342891721	30.0780634894983	65.4659646075637	65.4659646075637	15	15	90
313	1	13	85.5830342891721	30.0780634894983	65.4659646075637	65.4659646075637	15	15	90
314	1	13	85.5830342891721	30.0780634894983	65.4659646075637	65.4659646075637	15	15	105
315	1	13	85.5830342891721	30.0780634894983	65.4659646075637	65.4659646075637	16	15	105
316	1	13	85.5830342891721	30.0780634894983	65.4659646075637	65.4659646075637	15	15	90
317	1	13	85.5830342891721	30.0780634894983	65.4659646075637	65.4659646075637	15	15	105
318	1	13	85.5830342891721	30.0780634894983	65.4659646075637	65.4659646075637	14	15	90
319	1	13	85.5830342891721	30.0780634894983	65.4659646075637	65.4659646075637	15	15	75
320	1	13	85.5830342891721	30.0780634894983	65.4659646075637	65.4659646075637	14	15	90
321	1	13	85.5830342891721	30.0780634894983	65.4659646075637	65.4659646075637	15	15	75
322	1	13	85.5830342891721	30.0780634894983	65.4659646075637	65.4659646075637	15	15	75
323	1	13	85.5830342891721	30.0780634894983	65.4659646075637	65.4659646075637	15	15	75
324	1	13	85.5830342891721	30.0780634894983	65.4659646075637	65.4659646075637	15	15	75
325	1	13	85.5830342891721	30.0780634894983	65.4659646075637	65.4659646075637	15	15	75
326	1	13	85.5830342891721	30.0780634894983	65.4659646075637	65.4659646075637	15	15	60
327	1	13	85.5830342891721	30.0780634894983	65.4659646075637	65.4659646075637	15	15	60
328	1	13	85.5830342891721	30.0780634894983	65.4659646075637	65.4659646075637	15	15	75
329	1	13	85.5830342891721	30.0780634894983	65.4659646075637	65.4659646075637	15	15	75
330	1	13	85.5830342891721	30.0780634894983	65.4659646075637	65.4659646075637	15	15	90
331	1	13	85.5830342891721	30.0780634894983	65.4659646075637	65.4659646075637	15	15	105
332	1	13	85.5830342891721	30.0780634894983	65.4659646075637	65.4659646075637	15	15	105
333	1	13	85.5830342891721	30.0780634894983	65.4659646075637	65.4659646075637	15	15	105
334	1	13	85.5830342891721	30.0780634894983	65.4659646075637	65.4659646075637	15	15	105
335	1	13	85.5830342891721	30.0780634894983	65.4659646075637	65.4659646075637	16	15	105
336	1	13	85.5830342891721	30.0780634894983	65.4659646075637	65.4659646075637	15	15	90
337	1	13	85.5830342891721	30.0780634894983	65.4659646075637	65.4659646075637	15	15	90
338	1	13	85.5830342891721	30.0780634894983	65.4659646075637	65.4659646075637	15	15	105
339	1	13	85.5830342891721	30.0780634894983	65.4659646075637	65.4659646075637	15	15	120
340	1	13	85.5830342891721	30.0780634894983	65.4659646075637	65.4659646075637	13	15	120
341	1	13	85.5830342891721	30.0780634894983	65.4659646075637	65.4659646075637	15	15	75
342	1	13	85.5830342891721	30.0780634894983	65.4659646075637	65.4659646075637	15	15	90
343	1	13	85.5830342891721	30.0780634894983	65.4659646075637	65.4659646075637	15	15	90
344	1	13	85.5830342891721	30.0780634894983	65.4659646075637	65.4659646075637	15	15	90
345	1	13	85.5830342891721	30.0780634894983	65.4659646075637	65.4659646075637	15	15	90
346	1	13	85.5830342891721	30.0780634894983	65.4659646075637	65.4659646075637	15	15	60
347	1	13	85.5830342891721	30.0780634894983	65.4659646075637	65.4659646075637	15	15	75
348	1	13	85.5830342891721	30.0780634894983	65.4659646075637	65.4659646075637	15	15	75
349	1	13	85.5830342891721	30.0780634894983	65.4659646075637	65.4659646075637	15	15	75
350	1	13	85.5830342891721	30.0780634894983	65.4659646075637	65.4659646075637	15	15	90
351	1	13	85.5830342891721	30.0780634894983	65.4659646075637	65.4659646075637	15	15	90
352	1	13	85.5830342891721	30.0780634894983	65.4659646075637	65.4659646075637	15	15	90
353	1	13	85.5830342891721	30.0780634894983	65.4659646075637	65.4659646075637	15	15	90
354	1	13	85.5830342891721	30.0780634894983	65.4659646075637	65.4659646075637	15	15	90
355	1	13	85.5830342891721	30.0780634894983	65.4659646075637	65.4659646075637	16	15	90
356	1	13	85.5830342891721	30.0780634894983	65.4659646075637	65.4659646075637	15	15	90
357	1	13	85.5830342891721	30.0780634894983	65.4659646075637	65.4659646075637	15	15	90
358	1	13	85.5830342891721	30.0780634894983	65.4659646075637	65.4659646075637	15	15	105
359	1	13	85.5830342891721	30.0780634894983	65.4659646075637	65.4659646075637	15	15	105
360	1	13	85.5830342891721	30.0780634894983	65.4659646075637	65.4659646075637	15	15	105
361	1	13	85.5830342891721	30.0780634894983	65.4659646075637	65.4659646075637	15	15	75
362	1	13	85.5830342891721	30.0780634894983	65.4659646075637	65.4659646075637	15	15	90
363	1	13	85.5830342891721	30.0780634894983	65.4659646075637	65.4659646075637	15	15	90
364	1	13	85.5830342891721	30.0780634894983	65.4659646075637	65.4659646075637	15	15	105
365	1	13	85.5830342891721	30.0780634894983	65.4659646075637	65.4659646075637	15	15	120
366	1	13	85.5830342891721	30.0780634894983	65.4659646075637	65.4659646075637	15	15	105
367	1	13	85.5830342891721	30.0780634894983	65.4659646075637	65.4659646075637	15	15	105
368	1	13	85.5830342891721	30.0780634894983	65.4659646075637	65.4659646075637	15	15	105
369	1	13	85.5830342891721	30.0780634894983	65.4659646075637	65.4659646075637	15	15	105
370	1	13	85.5830342891721	30.0780634894983	65.4659646075637	65.4659646075637	16	15	105
371	1	13	85.5830342891721	30.0780634894983	65.4659646075637	65.4659646075637	15	15	90
372	1	13	85.5830342891721	30.0780634894983	65.4659646075637	65.4659646075637	15	15	105
373	1	13	85.5830342891721	30.0780634894983	65.4659646075637	65.4659646075637	14	15	105
374	1	13	85.5830342891721	30.0780634894983	65.4659646075637	65.4659646075637	15	15	75
375	1	13	85.5830342891721	30.0780634894983	65.4659646075637	65.4659646075637	15	15	90
376	1	13	85.5830342891721	30.0780634894983	65.4659646075637	65.4659646075637	11	15	90
377	1	13	85.5830342891721	30.0780634894983	65.4659646075637	65.4659646075637	15	15	75
378	1	13	85.5830342891721	30.0780634894983	65.4659646075637	65.4659646075637	15	15	75
379	1	13	85.5830342891721	30.0780634894983	65.4659646075637	65.4659646075637	15	15	75
380	1	13	85.5830342891721	30.0780634894983	65.4659646075637	65.4659646075637	15	15	75
381	1	13	85.5830342891721	30.0780634894983	65.4659646075637	65.4659646075637	15	15	60
382	1	13	85.5830342891721	30.0780634894983	65.4659646075637	65.4659646075637	15	15	60
383	1	13	85.5830342891721	30.0780634894983	65.4659646075637	65.4659646075637	15	15	90
384	1	13	85.5830342891721	30.0780634894983	65.4659646075637	65.4659646075637	15	15	90
385	1	13	85.5830342891721	30.0780634894983	65.4659646075637	65.4659646075637	15	15	90
386	1	13	85.5830342891721	30.0780634894983	65.4659646075637	65.4659646075637	15	15	90
387	1	13	85.5830342891721	30.0780634894983	65.4659646075637	65.4659646075637	15	15	90
388	1	13	85.5830342891721	30.0780634894983	65.4659646075637	65.4659646075637	15	15	90
389	1	13	85.5830342891721	30.0780634894983	65.4659646075637	65.4659646075637	15	15	90
390	1	13	85.5830342891721	30.0780634894983	65.4659646075637	65.4659646075637	15	15	90
391	1	13	85.5830342891721	30.0780634894983	65.4659646075637	65.4659646075637	15	15	90
392	1	13	85.5830342891721	30.0780634894983	65.4659646075637	65.4659646075637	15	15	90
393	1	13	85.5830342891721	30.0780634894983	65.4659646075637	65.4659646075637	15	15	90
394	1	13	85.5830342891721	30.0780634894983	65.4659646075637	65.4659646075637	15	15	120
395	1	13	85.5830342891721	30.0780634894983	65.4659646075637	65.4659646075637	13	15	120
396	1	13	85.5830342891721	30.0780634894983	65.4659646075637	65.4659646075637	15	15	75
397	1	13	85.5830342891721	30.0780634894983	65.4659646075637	65.4659646075637	15	15	90
398	1	13	85.5830342891721	30.0780634894983	65.4659646075637	65.4659646075637	15	15	90
399	1	13	85.5830342891721	30.0780634894983	65.4659646075637	65.4659646075637	15	15	90
400	1	13	85.5830342891721	30.0780634894983	65.4659646075637	65.4659646075637	15	15	90
401	1	13	85.5830342891721	30.0780634894983	65.4659646075637	65.4659646075637	15	15	60
402	1	13	85.5830342891721	30.0780634894983	65.4659646075637	65.4659646075637	15	15	75
403	1	13	85.5830342891721	30.0780634894983	65.4659646075637	65.4659646075637	15	15	75
404	1	13	85.5830342891721	30.0780634894983	65.4659646075637	65.4659646075637	15	15	75
405	1	13	85.5830342891721	30.0780634894983	65.4659646075637	65.4659646075637	14	15	90
406	1	13	85.5830342891721	30.0780634894983	65.4659646075637	65.4659646075637	15	15	75
407	1	13	85.5830342891721	30.0780634894983	65.4659646075637	65.4659646075637	15	15	90
408	1	13	85.5830342891721	30.0780634894983	65.4659646075637	65.4659646075637	15	15	90
409	1	13	85.5830342891721	30.0780634894983	65.4659646075637	65.4659646075637	15	15	90
410	1	13	85.5830342891721	30.0780634894983	65.4659646075637	65.4659646075637	16	15	90
411	1	13	85.5830342891721	30.0780634894983	65.4659646075637	65.4659646075637	15	15	90
412	1	13	85.5830342891721	30.0780634894983	65.4659646075637	65.4659646075637	15	15	90
413	1	13	85.5830342891721	30.0780634894983	65.4659646075637	65.4659646075637	15	15	105
414	1	13	85.5830342891721	30.0780634894983	65.4659646075637	65.4659646075637	15	15	105
415	1	13	85.5830342891721	30.0780634894983	65.4659646075637	65.4659646075637	15	15	105
416	1	13	85.5830342891721	30.0780634894983	65.4659646075637	65.4659646075637	15	15	75
417	1	13	85.5830342891721	30.0780634894983	65.4659646075637	65.4659646075637	15	15	75
418	1	13	85.5830342891721	30.0780634894983	65.4659646075637	65.4659646075637	15	15	75
419	1	13	85.5830342891721	30.0780634894983	65.4659646075637	65.4659646075637	15	15	90
420	1	13	85.5830342891721	30.0780634894983	65.4659646075637	65.4659646075637	15	15	105
421	1	13	85.5830342891721	30.0780634894983	65.4659646075637	65.4659646075637	15	15	90
422	1	13	85.5830342891721	30.0780634894983	65.4659646075637	65.4659646075637	15	15	105
423	1	13	85.5830342891721	30.0780634894983	65.4659646075637	65.4659646075637	15	15	105
424	1	13	85.5830342891721	30.0780634894983	65.4659646075637	65.4659646075637	15	15	105
425	1	13	85.5830342891721	30.0780634894983	65.4659646075637	65.4659646075637	16	15	105
426	1	13	85.5830342891721	30.0780634894983	65.4659646075637	65.4659646075637	15	15	90
427	1	13	85.5830342891721	30.0780634894983	65.4659646075637	65.4659646075637	15	15	105
428	1	13	85.5830342891721	30.0780634894983	65.4659646075637	65.4659646075637	14	15	105
429	1	13	85.5830342891721	30.0780634894983	65.4659646075637	65.4659646075637	15	15	75
430	1	13	85.5830342891721	30.0780634894983	65.4659646075637	65.4659646075637	14	15	90
431	1	13	85.5830342891721	30.0780634894983	65.4659646075637	65.4659646075637	15	15	75
432	1	13	85.5830342891721	30.0780634894983	65.4659646075637	65.4659646075637	15	15	75
433	1	13	85.5830342891721	30.0780634894983	65.4659646075637	65.4659646075637	15	15	75
434	1	13	85.5830342891721	30.0780634894983	65.4659646075637	65.4659646075637	15	15	75
435	1	13	85.5830342891721	30.0780634894983	65.4659646075637	65.4659646075637	15	15	75
436	1	13	85.5830342891721	30.0780634894983	65.4659646075637	65.4659646075637	15	15	60
437	1	13	85.5830342891721	30.0780634894983	65.4659646075637	65.4659646075637	15	15	60
438	1	13	85.5830342891721	30.0780634894983	65.4659646075637	65.4659646075637	15	15	75
439	1	13	85.5830342891721	30.0780634894983	65.4659646075637	65.4659646075637	15	15	75
440	1	13	85.5830342891721	30.0780634894983	65.4659646075637	65.4659646075637	15	15	90
441	1	13	85.5830342891721	30.0780634894983	65.4659646075637	65.4659646075637	15	15	90
442	1	13	85.5830342891721	30.0780634894983	65.4659646075637	65.4659646075637	15	15	90
443	1	13	85.5830342891721	30.0780634894983	65.4659646075637	65.4659646075637	15	15	90
444	1	13	85.5830342891721	30.0780634894983	65.4659646075637	65.4659646075637	15	15	90
445	1	13	85.5830342891721	30.0780634894983	65.4659646075637	65.4659646075637	16	15	105
446	1	13	85.5830342891721	30.0780634894983	65.4659646075637	65.4659646075637	15	15	90
447	1	13	85.5830342891721	30.0780634894983	65.4659646075637	65.4659646075637	15	15	90
448	1	13	85.5830342891721	30.0780634894983	65.4659646075637	65.4659646075637	15	15	105
