"Iteration #"	"Inertia"	"Number of features"	"CV best"	"Permuted CV best"	"Global best fitness"	"Current best fitness"	"Number of features in current best agent"	"Number of features in global best"	"Number of features in local best"
1	1	40	73.1182984539329	49.6100075468816	36.2644963354103	36.2644963354103	15	40	800
2	1	16	80.9450120985236	46.585114105226	47.693623644679	47.693623644679	19	19	19
3	1	27	80.6004044895481	43.4177189112145	50.7884556848665	50.7884556848665	18	18	18
4	1	27	80.6004044895481	43.4177189112145	50.7884556848665	50.7884556848665	18	18	18
5	1	25	81.3001418242502	38.7604552390166	53.5400099230983	53.5400099230983	23	26	26
6	1	25	81.3001418242502	38.7604552390166	53.5400099230983	50.1617817276043	23	26	29
7	1	25	81.3001418242502	38.7604552390166	53.5400099230983	49.7104242499293	17	26	20
8	1	25	81.3001418242502	38.7604552390166	53.5400099230983	52.2910501482691	28	26	29
9	1	25	81.3001418242502	38.7604552390166	53.5400099230983	53.5400099230983	26	26	26
10	1	28	86.0022542348118	43.0054128902242	55.2256794307297	55.2256794307297	27	28	28
11	1	28	86.0022542348118	43.0054128902242	55.2256794307297	50.5831471670141	22	28	21
12	1	28	88.7961376111791	41.7861325100218	55.4829215624801	55.4829215624801	22	19	19
13	1	28	88.7961376111791	41.7861325100218	55.4829215624801	51.7763495193954	20	19	19
14	1	28	88.7961376111791	41.7861325100218	55.4829215624801	55.4829215624801	19	19	19
15	1	28	88.7961376111791	41.7861325100218	55.4829215624801	55.4829215624801	25	19	19
16	1	28	88.7961376111791	41.7861325100218	55.4829215624801	50.855082600554	20	19	20
17	1	28	88.7961376111791	41.7861325100218	55.4829215624801	53.0348748066037	18	19	19
18	1	25	87.6286929401029	37.4843936193512	59.3102219493091	59.3102219493091	18	18	18
19	1	25	87.6286929401029	37.4843936193512	59.3102219493091	59.3102219493091	18	18	18
20	1	25	87.6286929401029	37.4843936193512	59.3102219493091	59.3102219493091	20	18	18
21	1	25	87.6286929401029	37.4843936193512	59.3102219493091	58.045944258353	11	18	10
22	1	25	87.6286929401029	37.4843936193512	59.3102219493091	56.651979460419	15	18	15
23	1	25	87.6286929401029	37.4843936193512	59.3102219493091	56.651979460419	15	18	15
24	1	25	87.6286929401029	37.4843936193512	59.3102219493091	57.3408006549075	9	18	10
25	1	25	87.6286929401029	37.4843936193512	59.3102219493091	55.7380743013626	18	18	10
26	1	25	87.6286929401029	37.4843936193512	59.3102219493091	54.0603676593535	21	18	20
27	1	25	87.6286929401029	37.4843936193512	59.3102219493091	57.7891486584243	21	18	21
28	1	25	87.6286929401029	37.4843936193512	59.3102219493091	59.1927606258454	19	18	18
29	1	25	87.6286929401029	37.4843936193512	59.3102219493091	59.1927606258454	19	18	18
30	1	25	87.6286929401029	37.4843936193512	59.3102219493091	59.1927606258454	16	18	19
31	1	18	87.0099164939552	37.3107519882223	59.4343554231553	59.4343554231553	13	16	16
32	1	21	85.1500459927959	36.3815138776276	60.5788081135909	60.5788081135909	21	21	21
33	1	21	85.1500459927959	36.3815138776276	60.5788081135909	60.5788081135909	21	21	21
34	1	21	85.1500459927959	36.3815138776276	60.5788081135909	60.5788081135909	21	21	21
35	1	21	85.1500459927959	36.3815138776276	60.5788081135909	60.5788081135909	22	21	21
36	1	21	85.1500459927959	36.3815138776276	60.5788081135909	52.988800466341	22	21	21
37	1	21	85.1500459927959	36.3815138776276	60.5788081135909	60.6479409084198	10	21	10
38	1	21	85.1500459927959	36.3815138776276	60.5788081135909	60.6479409084198	10	21	10
39	1	21	85.1500459927959	36.3815138776276	60.5788081135909	60.6479409084198	10	21	10
40	1	21	85.1500459927959	36.3815138776276	60.5788081135909	60.6479409084198	13	21	10
41	1	21	85.1500459927959	36.3815138776276	60.5788081135909	59.5408742729151	15	21	14
42	1	21	85.1500459927959	36.3815138776276	60.5788081135909	59.708164239682	14	21	15
43	1	17	89.188812808703	37.7130091906031	61.6647253953273	61.6647253953273	17	17	17
44	1	17	89.188812808703	37.7130091906031	61.6647253953273	61.6647253953273	17	17	17
45	1	17	89.188812808703	37.7130091906031	61.6647253953273	61.6647253953273	12	17	17
46	1	17	89.188812808703	37.7130091906031	61.6647253953273	60.5788081135909	21	17	21
47	1	17	89.188812808703	37.7130091906031	61.6647253953273	60.5788081135909	21	17	21
48	1	17	89.188812808703	37.7130091906031	61.6647253953273	61.2166367625485	18	17	17
49	1	17	89.188812808703	37.7130091906031	61.6647253953273	61.5482431669922	18	17	18
50	1	17	89.188812808703	37.7130091906031	61.6647253953273	61.5482431669922	15	17	18
51	1	17	87.4517074409437	34.4637016881687	61.8086338434341	61.8086338434341	15	14	14
52	1	17	87.4517074409437	34.4637016881687	61.8086338434341	60.6479409084198	10	14	10
53	1	17	87.4517074409437	34.4637016881687	61.8086338434341	61.6647253953273	15	14	17
54	1	17	87.4517074409437	34.4637016881687	61.8086338434341	61.8086338434341	14	14	14
55	1	16	90.884748396618	38.1074868947115	62.6160982489433	62.6160982489433	15	16	16
56	1	16	90.884748396618	38.1074868947115	62.6160982489433	62.0254708026231	15	16	16
57	1	16	90.884748396618	38.1074868947115	62.6160982489433	62.0254708026231	16	16	16
58	1	16	90.884748396618	38.1074868947115	62.6160982489433	62.6160982489433	16	16	16
59	1	16	90.884748396618	38.1074868947115	62.6160982489433	62.6160982489433	16	16	32
60	1	16	90.884748396618	38.1074868947115	62.6160982489433	62.6160982489433	16	16	32
61	1	16	90.884748396618	38.1074868947115	62.6160982489433	60.5788081135909	21	16	21
62	1	16	90.884748396618	38.1074868947115	62.6160982489433	62.0523863081896	17	16	17
63	1	16	90.884748396618	38.1074868947115	62.6160982489433	62.0523863081896	17	16	17
64	1	16	90.884748396618	38.1074868947115	62.6160982489433	62.0523863081896	17	16	17
65	1	16	90.884748396618	38.1074868947115	62.6160982489433	62.6160982489433	15	16	16
66	1	16	90.884748396618	38.1074868947115	62.6160982489433	59.4343554231553	16	16	17
67	1	16	90.884748396618	38.1074868947115	62.6160982489433	59.2448357663362	10	16	8
68	1	16	90.884748396618	38.1074868947115	62.6160982489433	62.6160982489433	16	16	16
69	1	16	90.884748396618	38.1074868947115	62.6160982489433	62.6160982489433	16	16	16
70	1	16	90.884748396618	38.1074868947115	62.6160982489433	62.6160982489433	16	16	16
71	1	16	90.884748396618	38.1074868947115	62.6160982489433	62.6160982489433	16	16	16
72	1	10	91.1570866158671	35.4231088819442	64.5160831889839	64.5160831889839	15	15	15
73	1	10	91.1570866158671	35.4231088819442	64.5160831889839	64.5160831889839	15	15	15
74	1	10	91.1570866158671	35.4231088819442	64.5160831889839	64.5160831889839	15	15	15
75	1	10	91.1570866158671	35.4231088819442	64.5160831889839	64.5160831889839	17	15	30
76	1	10	91.1570866158671	35.4231088819442	64.5160831889839	62.6160982489433	16	15	16
77	1	10	91.1570866158671	35.4231088819442	64.5160831889839	62.6160982489433	16	15	16
78	1	10	91.1570866158671	35.4231088819442	64.5160831889839	64.5160831889839	15	15	15
79	1	10	91.1570866158671	35.4231088819442	64.5160831889839	64.5160831889839	15	15	15
80	1	10	91.1570866158671	35.4231088819442	64.5160831889839	64.5160831889839	17	15	15
81	1	10	91.1570866158671	35.4231088819442	64.5160831889839	60.4496959439693	18	15	17
82	1	10	91.1570866158671	35.4231088819442	64.5160831889839	64.5160831889839	15	15	15
83	1	10	91.1570866158671	35.4231088819442	64.5160831889839	64.5160831889839	15	15	15
84	1	10	91.1570866158671	35.4231088819442	64.5160831889839	64.5160831889839	16	15	30
85	1	10	91.1570866158671	35.4231088819442	64.5160831889839	64.5160831889839	15	15	30
86	1	10	91.1570866158671	35.4231088819442	64.5160831889839	64.5160831889839	15	15	30
87	1	10	91.1570866158671	35.4231088819442	64.5160831889839	64.5160831889839	15	15	45
88	1	10	91.1570866158671	35.4231088819442	64.5160831889839	64.5160831889839	15	15	45
89	1	10	91.1570866158671	35.4231088819442	64.5160831889839	64.5160831889839	15	15	45
90	1	10	91.1570866158671	35.4231088819442	64.5160831889839	64.5160831889839	16	15	45
91	1	10	91.1570866158671	35.4231088819442	64.5160831889839	64.5160831889839	15	15	15
92	1	10	91.1570866158671	35.4231088819442	64.5160831889839	64.5160831889839	15	15	30
93	1	10	91.1570866158671	35.4231088819442	64.5160831889839	64.5160831889839	15	15	30
94	1	10	91.1570866158671	35.4231088819442	64.5160831889839	64.5160831889839	15	15	30
95	1	10	91.1570866158671	35.4231088819442	64.5160831889839	64.5160831889839	16	15	30
96	1	10	91.1570866158671	35.4231088819442	64.5160831889839	64.5160831889839	16	15	15
97	1	10	91.1570866158671	35.4231088819442	64.5160831889839	64.5160831889839	15	15	15
98	1	10	91.1570866158671	35.4231088819442	64.5160831889839	64.5160831889839	15	15	15
99	1	10	91.1570866158671	35.4231088819442	64.5160831889839	64.5160831889839	15	15	15
100	1	10	91.1570866158671	35.4231088819442	64.5160831889839	64.5160831889839	15	15	15
101	1	10	91.1570866158671	35.4231088819442	64.5160831889839	64.5160831889839	15	15	30
102	1	10	91.1570866158671	35.4231088819442	64.5160831889839	64.5160831889839	15	15	30
103	1	10	91.1570866158671	35.4231088819442	64.5160831889839	64.5160831889839	15	15	45
104	1	10	91.1570866158671	35.4231088819442	64.5160831889839	64.5160831889839	15	15	45
105	1	10	91.1570866158671	35.4231088819442	64.5160831889839	64.5160831889839	15	15	45
106	1	10	91.1570866158671	35.4231088819442	64.5160831889839	64.5160831889839	15	15	30
107	1	10	91.1570866158671	35.4231088819442	64.5160831889839	64.5160831889839	15	15	30
108	1	10	91.1570866158671	35.4231088819442	64.5160831889839	64.5160831889839	15	15	30
109	1	10	91.1570866158671	35.4231088819442	64.5160831889839	64.5160831889839	15	15	30
110	1	10	91.1570866158671	35.4231088819442	64.5160831889839	64.5160831889839	15	15	30
111	1	10	91.1570866158671	35.4231088819442	64.5160831889839	64.5160831889839	15	15	30
112	1	10	91.1570866158671	35.4231088819442	64.5160831889839	64.5160831889839	15	15	30
113	1	10	91.1570866158671	35.4231088819442	64.5160831889839	64.5160831889839	15	15	30
114	1	10	91.1570866158671	35.4231088819442	64.5160831889839	64.5160831889839	15	15	30
115	1	10	91.1570866158671	35.4231088819442	64.5160831889839	64.5160831889839	15	15	30
116	1	10	91.1570866158671	35.4231088819442	64.5160831889839	64.5160831889839	15	15	30
117	1	10	91.1570866158671	35.4231088819442	64.5160831889839	64.5160831889839	15	15	30
118	1	10	91.1570866158671	35.4231088819442	64.5160831889839	64.5160831889839	15	15	45
119	1	10	91.1570866158671	35.4231088819442	64.5160831889839	64.5160831889839	15	15	45
120	1	10	91.1570866158671	35.4231088819442	64.5160831889839	64.5160831889839	15	15	45
121	1	10	91.1570866158671	35.4231088819442	64.5160831889839	64.5160831889839	15	15	30
122	1	10	91.1570866158671	35.4231088819442	64.5160831889839	64.5160831889839	15	15	30
123	1	10	91.1570866158671	35.4231088819442	64.5160831889839	64.5160831889839	15	15	30
124	1	10	91.1570866158671	35.4231088819442	64.5160831889839	64.5160831889839	15	15	45
125	1	10	91.1570866158671	35.4231088819442	64.5160831889839	64.5160831889839	15	15	45
126	1	10	91.1570866158671	35.4231088819442	64.5160831889839	64.5160831889839	15	15	30
127	1	10	88.3211650840336	34.6605285226746	65.0618371804863	65.0618371804863	10	10	10
128	1	10	88.3211650840336	34.6605285226746	65.0618371804863	65.0618371804863	10	10	10
129	1	10	88.3211650840336	34.6605285226746	65.0618371804863	65.0618371804863	10	10	10
130	1	10	88.3211650840336	34.6605285226746	65.0618371804863	65.0618371804863	8	10	10
131	1	10	88.3211650840336	34.6605285226746	65.0618371804863	64.5160831889839	15	10	15
132	1	10	88.3211650840336	34.6605285226746	65.0618371804863	64.5160831889839	15	10	15
133	1	10	88.3211650840336	34.6605285226746	65.0618371804863	64.5160831889839	13	10	30
134	1	10	88.3211650840336	34.6605285226746	65.0618371804863	64.5160831889839	15	10	30
135	1	10	88.3211650840336	34.6605285226746	65.0618371804863	65.0618371804863	10	10	10
136	1	10	88.3211650840336	34.6605285226746	65.0618371804863	64.5160831889839	15	10	45
137	1	10	88.3211650840336	34.6605285226746	65.0618371804863	64.5160831889839	15	10	45
138	1	10	88.3211650840336	34.6605285226746	65.0618371804863	64.5160831889839	15	10	60
139	1	10	88.3211650840336	34.6605285226746	65.0618371804863	64.5160831889839	15	10	60
140	1	10	88.3211650840336	34.6605285226746	65.0618371804863	64.5160831889839	15	10	60
141	1	10	88.3211650840336	34.6605285226746	65.0618371804863	64.5160831889839	14	10	30
142	1	10	88.3211650840336	34.6605285226746	65.0618371804863	65.0618371804863	10	10	10
143	1	10	88.3211650840336	34.6605285226746	65.0618371804863	65.0618371804863	10	10	10
144	1	10	88.3211650840336	34.6605285226746	65.0618371804863	65.0618371804863	10	10	10
145	1	10	88.3211650840336	34.6605285226746	65.0618371804863	65.0618371804863	5	10	10
146	1	10	88.3211650840336	34.6605285226746	65.0618371804863	62.6210138298404	14	10	15
147	1	10	88.3211650840336	34.6605285226746	65.0618371804863	65.0618371804863	10	10	10
148	1	10	88.3211650840336	34.6605285226746	65.0618371804863	65.0618371804863	10	10	10
149	1	10	88.3211650840336	34.6605285226746	65.0618371804863	65.0618371804863	10	10	10
150	1	10	88.3211650840336	34.6605285226746	65.0618371804863	65.0618371804863	8	10	10
151	1	10	88.3211650840336	34.6605285226746	65.0618371804863	64.5160831889839	15	10	30
152	1	10	88.3211650840336	34.6605285226746	65.0618371804863	64.5160831889839	15	10	30
153	1	10	88.3211650840336	34.6605285226746	65.0618371804863	64.5160831889839	15	10	30
154	1	10	88.3211650840336	34.6605285226746	65.0618371804863	64.5160831889839	15	10	30
155	1	10	88.3211650840336	34.6605285226746	65.0618371804863	64.5160831889839	15	10	30
156	1	10	88.3211650840336	34.6605285226746	65.0618371804863	64.5160831889839	12	10	30
157	1	10	88.3211650840336	34.6605285226746	65.0618371804863	65.0618371804863	10	10	20
158	1	10	88.3211650840336	34.6605285226746	65.0618371804863	65.0618371804863	10	10	30
159	1	10	88.3211650840336	34.6605285226746	65.0618371804863	65.0618371804863	10	10	30
160	1	10	88.3211650840336	34.6605285226746	65.0618371804863	65.0618371804863	10	10	30
161	1	10	88.3211650840336	34.6605285226746	65.0618371804863	65.0618371804863	10	10	10
162	1	10	88.3211650840336	34.6605285226746	65.0618371804863	65.0618371804863	10	10	10
163	1	10	88.3211650840336	34.6605285226746	65.0618371804863	65.0618371804863	10	10	10
164	1	10	88.3211650840336	34.6605285226746	65.0618371804863	65.0618371804863	10	10	10
165	1	10	88.3211650840336	34.6605285226746	65.0618371804863	65.0618371804863	7	10	10
166	1	10	88.3211650840336	34.6605285226746	65.0618371804863	64.5160831889839	15	10	15
167	1	10	88.3211650840336	34.6605285226746	65.0618371804863	64.5160831889839	15	10	15
168	1	10	88.3211650840336	34.6605285226746	65.0618371804863	64.5160831889839	14	10	15
169	1	10	88.3211650840336	34.6605285226746	65.0618371804863	63.8111885190024	14	10	29
170	1	10	88.3211650840336	34.6605285226746	65.0618371804863	64.0729642412291	9	10	10
171	1	10	88.3211650840336	34.6605285226746	65.0618371804863	65.0618371804863	10	10	10
172	1	10	88.3211650840336	34.6605285226746	65.0618371804863	65.0618371804863	10	10	20
173	1	10	88.3211650840336	34.6605285226746	65.0618371804863	65.0618371804863	10	10	40
174	1	10	88.3211650840336	34.6605285226746	65.0618371804863	65.0618371804863	10	10	40
175	1	10	88.3211650840336	34.6605285226746	65.0618371804863	65.0618371804863	10	10	40
176	1	10	88.3211650840336	34.6605285226746	65.0618371804863	65.0618371804863	10	10	10
177	1	10	88.3211650840336	34.6605285226746	65.0618371804863	65.0618371804863	10	10	20
178	1	10	88.3211650840336	34.6605285226746	65.0618371804863	65.0618371804863	10	10	20
179	1	10	88.3211650840336	34.6605285226746	65.0618371804863	65.0618371804863	10	10	20
180	1	10	88.3211650840336	34.6605285226746	65.0618371804863	65.0618371804863	11	10	30
181	1	10	88.3211650840336	34.6605285226746	65.0618371804863	65.0618371804863	10	10	10
182	1	10	88.3211650840336	34.6605285226746	65.0618371804863	65.0618371804863	10	10	10
183	1	10	88.3211650840336	34.6605285226746	65.0618371804863	65.0618371804863	10	10	10
184	1	10	88.3211650840336	34.6605285226746	65.0618371804863	65.0618371804863	10	10	10
185	1	10	88.3211650840336	34.6605285226746	65.0618371804863	65.0618371804863	11	10	10
186	1	10	88.3211650840336	34.6605285226746	65.0618371804863	65.0618371804863	10	10	20
187	1	10	88.3211650840336	34.6605285226746	65.0618371804863	65.0618371804863	10	10	30
188	1	10	88.3211650840336	34.6605285226746	65.0618371804863	65.0618371804863	10	10	30
189	1	10	88.3211650840336	34.6605285226746	65.0618371804863	65.0618371804863	10	10	30
190	1	10	88.3211650840336	34.6605285226746	65.0618371804863	65.0618371804863	10	10	30
191	1	10	88.3211650840336	34.6605285226746	65.0618371804863	65.0618371804863	10	10	30
192	1	10	88.3211650840336	34.6605285226746	65.0618371804863	65.0618371804863	10	10	30
193	1	10	88.3211650840336	34.6605285226746	65.0618371804863	65.0618371804863	10	10	30
194	1	10	88.3211650840336	34.6605285226746	65.0618371804863	65.0618371804863	10	10	30
195	1	10	88.3211650840336	34.6605285226746	65.0618371804863	65.0618371804863	10	10	30
196	1	10	88.3211650840336	34.6605285226746	65.0618371804863	65.0618371804863	10	10	30
197	1	10	88.3211650840336	34.6605285226746	65.0618371804863	65.0618371804863	10	10	40
198	1	10	88.3211650840336	34.6605285226746	65.0618371804863	65.0618371804863	10	10	50
199	1	10	88.3211650840336	34.6605285226746	65.0618371804863	65.0618371804863	10	10	60
200	1	10	88.3211650840336	34.6605285226746	65.0618371804863	65.0618371804863	10	10	60
201	1	10	88.3211650840336	34.6605285226746	65.0618371804863	65.0618371804863	10	10	20
202	1	10	88.3211650840336	34.6605285226746	65.0618371804863	65.0618371804863	10	10	30
203	1	10	88.3211650840336	34.6605285226746	65.0618371804863	65.0618371804863	10	10	40
204	1	10	88.3211650840336	34.6605285226746	65.0618371804863	65.0618371804863	10	10	40
205	1	10	88.3211650840336	34.6605285226746	65.0618371804863	65.0618371804863	10	10	40
206	1	10	88.3211650840336	34.6605285226746	65.0618371804863	65.0618371804863	10	10	40
207	1	10	88.3211650840336	34.6605285226746	65.0618371804863	65.0618371804863	10	10	40
208	1	10	88.3211650840336	34.6605285226746	65.0618371804863	65.0618371804863	10	10	40
209	1	10	88.3211650840336	34.6605285226746	65.0618371804863	65.0618371804863	10	10	40
210	1	10	88.3211650840336	34.6605285226746	65.0618371804863	65.0618371804863	10	10	40
211	1	10	88.3211650840336	34.6605285226746	65.0618371804863	65.0618371804863	10	10	40
212	1	10	88.3211650840336	34.6605285226746	65.0618371804863	65.0618371804863	10	10	60
213	1	10	88.3211650840336	34.6605285226746	65.0618371804863	65.0618371804863	10	10	60
214	1	10	88.3211650840336	34.6605285226746	65.0618371804863	65.0618371804863	10	10	70
215	1	10	88.3211650840336	34.6605285226746	65.0618371804863	65.0618371804863	10	10	70
216	1	10	88.3211650840336	34.6605285226746	65.0618371804863	65.0618371804863	10	10	50
217	1	10	88.3211650840336	34.6605285226746	65.0618371804863	65.0618371804863	10	10	50
218	1	10	88.3211650840336	34.6605285226746	65.0618371804863	65.0618371804863	10	10	50
219	1	10	88.3211650840336	34.6605285226746	65.0618371804863	65.0618371804863	10	10	50
220	1	10	88.3211650840336	34.6605285226746	65.0618371804863	65.0618371804863	10	10	50
221	1	10	88.3211650840336	34.6605285226746	65.0618371804863	65.0618371804863	10	10	40
222	1	10	88.3211650840336	34.6605285226746	65.0618371804863	65.0618371804863	10	10	40
223	1	10	88.3211650840336	34.6605285226746	65.0618371804863	65.0618371804863	10	10	40
224	1	10	88.3211650840336	34.6605285226746	65.0618371804863	65.0618371804863	10	10	40
225	1	10	88.3211650840336	34.6605285226746	65.0618371804863	65.0618371804863	10	10	40
226	1	10	88.3211650840336	34.6605285226746	65.0618371804863	65.0618371804863	11	10	50
227	1	8	87.3942282990992	32.1526411517202	65.9582668625647	65.9582668625647	11	11	11
228	1	8	87.3942282990992	32.1526411517202	65.9582668625647	65.0618371804863	10	11	60
229	1	8	87.3942282990992	32.1526411517202	65.9582668625647	65.0618371804863	10	11	60
230	1	8	87.3942282990992	32.1526411517202	65.9582668625647	65.0618371804863	9	11	60
231	1	8	87.3942282990992	32.1526411517202	65.9582668625647	65.9582668625647	10	11	11
232	1	8	87.3942282990992	32.1526411517202	65.9582668625647	65.0618371804863	7	11	51
233	1	8	87.3942282990992	32.1526411517202	65.9582668625647	65.0618371804863	10	11	50
234	1	8	87.3942282990992	32.1526411517202	65.9582668625647	65.0618371804863	10	11	50
235	1	8	87.3942282990992	32.1526411517202	65.9582668625647	65.0618371804863	9	11	50
236	1	8	87.3942282990992	32.1526411517202	65.9582668625647	65.0618371804863	10	11	30
237	1	8	87.3942282990992	32.1526411517202	65.9582668625647	65.9582668625647	11	11	11
238	1	8	87.3942282990992	32.1526411517202	65.9582668625647	65.9582668625647	11	11	22
239	1	8	87.3942282990992	32.1526411517202	65.9582668625647	65.9582668625647	11	11	22
240	1	8	87.3942282990992	32.1526411517202	65.9582668625647	65.9582668625647	8	11	22
241	1	8	87.3942282990992	32.1526411517202	65.9582668625647	65.9582668625647	11	11	22
242	1	8	87.3942282990992	32.1526411517202	65.9582668625647	65.9582668625647	11	11	22
243	1	8	87.3942282990992	32.1526411517202	65.9582668625647	65.9582668625647	11	11	22
244	1	8	87.3942282990992	32.1526411517202	65.9582668625647	65.9582668625647	11	11	22
245	1	8	87.3942282990992	32.1526411517202	65.9582668625647	65.9582668625647	11	11	22
246	1	8	87.3942282990992	32.1526411517202	65.9582668625647	65.9582668625647	10	11	22
247	1	8	87.3942282990992	32.1526411517202	65.9582668625647	65.9582668625647	11	11	11
248	1	8	87.3942282990992	32.1526411517202	65.9582668625647	65.9582668625647	11	11	33
249	1	8	87.3942282990992	32.1526411517202	65.9582668625647	65.9582668625647	10	11	55
250	1	8	87.3942282990992	32.1526411517202	65.9582668625647	65.9582668625647	10	11	44
251	1	8	87.3942282990992	32.1526411517202	65.9582668625647	65.9582668625647	7	11	44
252	1	8	87.3942282990992	32.1526411517202	65.9582668625647	65.9582668625647	11	11	44
253	1	8	87.3942282990992	32.1526411517202	65.9582668625647	65.9582668625647	11	11	44
254	1	8	87.3942282990992	32.1526411517202	65.9582668625647	65.9582668625647	11	11	44
255	1	8	87.3942282990992	32.1526411517202	65.9582668625647	65.9582668625647	11	11	44
256	1	8	87.3942282990992	32.1526411517202	65.9582668625647	65.9582668625647	11	11	33
257	1	8	87.3942282990992	32.1526411517202	65.9582668625647	65.9582668625647	11	11	44
258	1	8	87.3942282990992	32.1526411517202	65.9582668625647	65.9582668625647	11	11	44
259	1	8	87.3942282990992	32.1526411517202	65.9582668625647	65.9582668625647	11	11	44
260	1	8	87.3942282990992	32.1526411517202	65.9582668625647	65.9582668625647	11	11	44
261	1	8	87.3942282990992	32.1526411517202	65.9582668625647	65.9582668625647	9	11	33
262	1	8	87.3942282990992	32.1526411517202	65.9582668625647	65.9582668625647	11	11	22
263	1	8	87.3942282990992	32.1526411517202	65.9582668625647	65.9582668625647	11	11	22
264	1	8	87.3942282990992	32.1526411517202	65.9582668625647	65.9582668625647	11	11	22
265	1	8	87.3942282990992	32.1526411517202	65.9582668625647	65.9582668625647	11	11	22
266	1	8	87.3942282990992	32.1526411517202	65.9582668625647	65.9582668625647	11	11	22
267	1	8	87.3942282990992	32.1526411517202	65.9582668625647	65.9582668625647	11	11	33
268	1	8	87.3942282990992	32.1526411517202	65.9582668625647	65.9582668625647	11	11	44
269	1	8	87.3942282990992	32.1526411517202	65.9582668625647	65.9582668625647	11	11	44
270	1	8	87.3942282990992	32.1526411517202	65.9582668625647	65.9582668625647	11	11	55
271	1	8	87.3942282990992	32.1526411517202	65.9582668625647	65.9582668625647	11	11	33
272	1	8	87.3942282990992	32.1526411517202	65.9582668625647	65.9582668625647	11	11	44
273	1	8	87.3942282990992	32.1526411517202	65.9582668625647	65.9582668625647	11	11	44
274	1	8	87.3942282990992	32.1526411517202	65.9582668625647	65.9582668625647	11	11	44
275	1	8	87.3942282990992	32.1526411517202	65.9582668625647	65.9582668625647	11	11	44
276	1	8	87.3942282990992	32.1526411517202	65.9582668625647	65.9582668625647	11	11	33
277	1	8	87.3942282990992	32.1526411517202	65.9582668625647	65.9582668625647	11	11	33
278	1	8	87.3942282990992	32.1526411517202	65.9582668625647	65.9582668625647	11	11	33
279	1	8	87.3942282990992	32.1526411517202	65.9582668625647	65.9582668625647	11	11	33
280	1	8	87.3942282990992	32.1526411517202	65.9582668625647	65.9582668625647	11	11	44
281	1	8	87.3942282990992	32.1526411517202	65.9582668625647	65.9582668625647	11	11	33
282	1	8	87.3942282990992	32.1526411517202	65.9582668625647	65.9582668625647	10	11	55
283	1	8	87.3942282990992	32.1526411517202	65.9582668625647	65.9582668625647	11	11	44
284	1	8	87.3942282990992	32.1526411517202	65.9582668625647	65.9582668625647	11	11	44
285	1	8	87.3942282990992	32.1526411517202	65.9582668625647	65.9582668625647	10	11	44
286	1	8	87.3942282990992	32.1526411517202	65.9582668625647	65.9582668625647	11	11	22
287	1	8	87.3942282990992	32.1526411517202	65.9582668625647	65.9582668625647	11	11	33
288	1	8	87.3942282990992	32.1526411517202	65.9582668625647	65.9582668625647	11	11	44
289	1	8	87.3942282990992	32.1526411517202	65.9582668625647	65.9582668625647	11	11	55
290	1	8	87.3942282990992	32.1526411517202	65.9582668625647	65.9582668625647	14	11	55
291	1	8	87.3942282990992	32.1526411517202	65.9582668625647	65.9582668625647	11	11	22
292	1	8	87.3942282990992	32.1526411517202	65.9582668625647	65.9582668625647	11	11	44
293	1	8	87.3942282990992	32.1526411517202	65.9582668625647	65.9582668625647	11	11	44
294	1	8	87.3942282990992	32.1526411517202	65.9582668625647	65.9582668625647	11	11	44
295	1	8	87.3942282990992	32.1526411517202	65.9582668625647	65.9582668625647	10	11	44
296	1	8	87.3942282990992	32.1526411517202	65.9582668625647	65.9582668625647	11	11	33
297	1	8	87.3942282990992	32.1526411517202	65.9582668625647	65.9582668625647	11	11	44
298	1	8	87.3942282990992	32.1526411517202	65.9582668625647	65.9582668625647	11	11	44
299	1	8	87.3942282990992	32.1526411517202	65.9582668625647	65.9582668625647	11	11	44
300	1	8	87.3942282990992	32.1526411517202	65.9582668625647	65.9582668625647	8	11	55
301	1	8	87.3942282990992	32.1526411517202	65.9582668625647	65.9582668625647	12	11	44
302	1	8	87.3942282990992	32.1526411517202	65.9582668625647	65.9582668625647	11	11	44
303	1	8	87.3942282990992	32.1526411517202	65.9582668625647	65.9582668625647	11	11	55
304	1	8	87.3942282990992	32.1526411517202	65.9582668625647	65.9582668625647	11	11	55
305	1	8	87.3942282990992	32.1526411517202	65.9582668625647	65.9582668625647	11	11	66
306	1	8	87.3942282990992	32.1526411517202	65.9582668625647	65.9582668625647	11	11	44
307	1	8	87.3942282990992	32.1526411517202	65.9582668625647	65.9582668625647	11	11	66
308	1	8	87.3942282990992	32.1526411517202	65.9582668625647	65.9582668625647	11	11	66
309	1	8	87.3942282990992	32.1526411517202	65.9582668625647	65.9582668625647	11	11	66
310	1	8	87.3942282990992	32.1526411517202	65.9582668625647	65.9582668625647	11	11	66
311	1	8	87.3942282990992	32.1526411517202	65.9582668625647	65.9582668625647	11	11	55
312	1	8	87.3942282990992	32.1526411517202	65.9582668625647	65.9582668625647	11	11	66
313	1	8	87.3942282990992	32.1526411517202	65.9582668625647	65.9582668625647	11	11	66
314	1	8	87.3942282990992	32.1526411517202	65.9582668625647	65.9582668625647	11	11	66
315	1	8	87.3942282990992	32.1526411517202	65.9582668625647	65.9582668625647	11	11	66
316	1	8	87.3942282990992	32.1526411517202	65.9582668625647	65.9582668625647	11	11	55
317	1	8	87.3942282990992	32.1526411517202	65.9582668625647	65.9582668625647	11	11	44
318	1	8	87.3942282990992	32.1526411517202	65.9582668625647	65.9582668625647	11	11	44
319	1	8	87.3942282990992	32.1526411517202	65.9582668625647	65.9582668625647	11	11	44
320	1	8	87.3942282990992	32.1526411517202	65.9582668625647	65.9582668625647	11	11	44
321	1	8	87.3942282990992	32.1526411517202	65.9582668625647	65.9582668625647	11	11	55
322	1	8	87.3942282990992	32.1526411517202	65.9582668625647	65.9582668625647	11	11	66
323	1	8	87.3942282990992	32.1526411517202	65.9582668625647	65.9582668625647	11	11	66
324	1	8	87.3942282990992	32.1526411517202	65.9582668625647	65.9582668625647	11	11	66
325	1	8	87.3942282990992	32.1526411517202	65.9582668625647	65.9582668625647	11	11	77
326	1	8	87.3942282990992	32.1526411517202	65.9582668625647	65.9582668625647	11	11	55
327	1	8	87.3942282990992	32.1526411517202	65.9582668625647	65.9582668625647	11	11	55
328	1	8	87.3942282990992	32.1526411517202	65.9582668625647	65.9582668625647	11	11	66
329	1	8	87.3942282990992	32.1526411517202	65.9582668625647	65.9582668625647	11	11	66
330	1	8	87.3942282990992	32.1526411517202	65.9582668625647	65.9582668625647	11	11	66
331	1	8	87.3942282990992	32.1526411517202	65.9582668625647	65.9582668625647	11	11	55
332	1	8	87.3942282990992	32.1526411517202	65.9582668625647	65.9582668625647	11	11	66
333	1	8	87.3942282990992	32.1526411517202	65.9582668625647	65.9582668625647	11	11	66
334	1	8	87.3942282990992	32.1526411517202	65.9582668625647	65.9582668625647	11	11	66
335	1	8	87.3942282990992	32.1526411517202	65.9582668625647	65.9582668625647	10	11	66
336	1	8	87.3942282990992	32.1526411517202	65.9582668625647	65.9582668625647	11	11	55
337	1	8	87.3942282990992	32.1526411517202	65.9582668625647	65.9582668625647	10	11	66
338	1	8	87.3942282990992	32.1526411517202	65.9582668625647	65.9582668625647	11	11	55
339	1	8	87.3942282990992	32.1526411517202	65.9582668625647	65.9582668625647	11	11	66
340	1	8	87.3942282990992	32.1526411517202	65.9582668625647	65.9582668625647	11	11	77
341	1	8	87.3942282990992	32.1526411517202	65.9582668625647	65.9582668625647	11	11	55
342	1	8	87.3942282990992	32.1526411517202	65.9582668625647	65.9582668625647	11	11	77
343	1	8	87.3942282990992	32.1526411517202	65.9582668625647	65.9582668625647	11	11	88
344	1	8	87.3942282990992	32.1526411517202	65.9582668625647	65.9582668625647	11	11	88
345	1	8	87.3942282990992	32.1526411517202	65.9582668625647	65.9582668625647	11	11	88
346	1	8	87.3942282990992	32.1526411517202	65.9582668625647	65.9582668625647	11	11	44
347	1	8	87.3942282990992	32.1526411517202	65.9582668625647	65.9582668625647	11	11	66
348	1	8	87.3942282990992	32.1526411517202	65.9582668625647	65.9582668625647	11	11	66
349	1	8	87.3942282990992	32.1526411517202	65.9582668625647	65.9582668625647	11	11	66
350	1	8	87.3942282990992	32.1526411517202	65.9582668625647	65.9582668625647	11	11	66
351	1	8	87.3942282990992	32.1526411517202	65.9582668625647	65.9582668625647	11	11	55
352	1	9	90.3770923730598	32.6027298945407	67.9997972425053	67.9997972425053	9	9	9
353	1	9	90.3770923730598	32.6027298945407	67.9997972425053	67.9997972425053	9	9	9
354	1	9	90.3770923730598	32.6027298945407	67.9997972425053	67.9997972425053	9	9	9
355	1	9	90.3770923730598	32.6027298945407	67.9997972425053	67.9997972425053	8	9	9
356	1	9	90.3770923730598	32.6027298945407	67.9997972425053	65.9582668625647	11	9	66
357	1	9	90.3770923730598	32.6027298945407	67.9997972425053	65.9582668625647	11	9	77
358	1	9	90.3770923730598	32.6027298945407	67.9997972425053	67.9997972425053	9	9	9
359	1	9	90.3770923730598	32.6027298945407	67.9997972425053	67.9997972425053	9	9	9
360	1	9	90.3770923730598	32.6027298945407	67.9997972425053	67.9997972425053	6	9	9
361	1	9	90.3770923730598	32.6027298945407	67.9997972425053	65.9582668625647	11	9	66
362	1	9	90.3770923730598	32.6027298945407	67.9997972425053	67.9997972425053	9	9	9
363	1	9	90.3770923730598	32.6027298945407	67.9997972425053	67.9997972425053	9	9	9
364	1	9	90.3770923730598	32.6027298945407	67.9997972425053	67.9997972425053	9	9	9
365	1	9	90.3770923730598	32.6027298945407	67.9997972425053	67.9997972425053	8	9	9
366	1	9	90.3770923730598	32.6027298945407	67.9997972425053	65.9582668625647	11	9	55
367	1	9	90.3770923730598	32.6027298945407	67.9997972425053	67.9997972425053	9	9	9
368	1	9	90.3770923730598	32.6027298945407	67.9997972425053	67.9997972425053	9	9	9
369	1	9	90.3770923730598	32.6027298945407	67.9997972425053	67.9997972425053	9	9	9
370	1	9	90.3770923730598	32.6027298945407	67.9997972425053	67.9997972425053	8	9	9
371	1	9	90.3770923730598	32.6027298945407	67.9997972425053	65.9582668625647	10	9	66
372	1	9	90.3770923730598	32.6027298945407	67.9997972425053	67.9997972425053	9	9	9
373	1	9	90.3770923730598	32.6027298945407	67.9997972425053	67.9997972425053	9	9	18
374	1	9	90.3770923730598	32.6027298945407	67.9997972425053	67.9997972425053	9	9	27
375	1	9	90.3770923730598	32.6027298945407	67.9997972425053	67.9997972425053	7	9	18
376	1	9	90.3770923730598	32.6027298945407	67.9997972425053	67.9997972425053	7	9	9
377	1	9	90.3770923730598	32.6027298945407	67.9997972425053	65.9582668625647	11	9	44
378	1	9	90.3770923730598	32.6027298945407	67.9997972425053	67.9997972425053	9	9	9
379	1	9	90.3770923730598	32.6027298945407	67.9997972425053	67.9997972425053	10	9	9
380	1	9	90.3770923730598	32.6027298945407	67.9997972425053	65.9582668625647	11	9	44
381	1	9	90.3770923730598	32.6027298945407	67.9997972425053	65.9582668625647	10	9	44
382	1	9	90.3770923730598	32.6027298945407	67.9997972425053	67.9997972425053	9	9	18
383	1	9	90.3770923730598	32.6027298945407	67.9997972425053	67.9997972425053	9	9	27
384	1	9	90.3770923730598	32.6027298945407	67.9997972425053	67.9997972425053	9	9	36
385	1	9	90.3770923730598	32.6027298945407	67.9997972425053	67.9997972425053	9	9	36
386	1	9	90.3770923730598	32.6027298945407	67.9997972425053	67.9997972425053	9	9	9
387	1	9	90.3770923730598	32.6027298945407	67.9997972425053	67.9997972425053	9	9	9
388	1	9	90.3770923730598	32.6027298945407	67.9997972425053	67.9997972425053	9	9	18
389	1	9	90.3770923730598	32.6027298945407	67.9997972425053	67.9997972425053	9	9	18
390	1	9	90.3770923730598	32.6027298945407	67.9997972425053	67.9997972425053	8	9	18
391	1	9	90.3770923730598	32.6027298945407	67.9997972425053	67.9997972425053	10	9	18
392	1	9	90.3770923730598	32.6027298945407	67.9997972425053	67.9997972425053	9	9	9
393	1	9	90.3770923730598	32.6027298945407	67.9997972425053	67.9997972425053	8	9	18
394	1	9	90.3770923730598	32.6027298945407	67.9997972425053	67.9997972425053	9	9	9
395	1	9	90.3770923730598	32.6027298945407	67.9997972425053	67.9997972425053	8	9	27
396	1	9	90.3770923730598	32.6027298945407	67.9997972425053	67.9997972425053	9	9	9
397	1	9	90.3770923730598	32.6027298945407	67.9997972425053	67.9997972425053	9	9	18
398	1	9	90.3770923730598	32.6027298945407	67.9997972425053	67.9997972425053	9	9	18
399	1	9	90.3770923730598	32.6027298945407	67.9997972425053	67.9997972425053	9	9	18
400	1	9	90.3770923730598	32.6027298945407	67.9997972425053	67.9997972425053	9	9	36
401	1	9	90.3770923730598	32.6027298945407	67.9997972425053	67.9997972425053	9	9	18
402	1	9	90.3770923730598	32.6027298945407	67.9997972425053	67.9997972425053	9	9	18
403	1	9	90.3770923730598	32.6027298945407	67.9997972425053	67.9997972425053	9	9	27
404	1	9	90.3770923730598	32.6027298945407	67.9997972425053	67.9997972425053	9	9	27
405	1	9	90.3770923730598	32.6027298945407	67.9997972425053	67.9997972425053	9	9	27
406	1	9	90.3770923730598	32.6027298945407	67.9997972425053	67.9997972425053	9	9	27
407	1	9	90.3770923730598	32.6027298945407	67.9997972425053	67.9997972425053	8	9	45
408	1	9	90.3770923730598	32.6027298945407	67.9997972425053	67.9997972425053	10	9	36
409	1	9	90.3770923730598	32.6027298945407	67.9997972425053	67.9997972425053	9	9	27
410	1	9	90.3770923730598	32.6027298945407	67.9997972425053	67.9997972425053	9	9	36
411	1	9	90.3770923730598	32.6027298945407	67.9997972425053	67.9997972425053	9	9	18
412	1	9	90.3770923730598	32.6027298945407	67.9997972425053	67.9997972425053	9	9	27
413	1	9	90.3770923730598	32.6027298945407	67.9997972425053	67.9997972425053	9	9	36
414	1	9	90.3770923730598	32.6027298945407	67.9997972425053	67.9997972425053	9	9	36
415	1	9	90.3770923730598	32.6027298945407	67.9997972425053	67.9997972425053	9	9	36
416	1	9	90.3770923730598	32.6027298945407	67.9997972425053	67.9997972425053	9	9	27
417	1	9	90.3770923730598	32.6027298945407	67.9997972425053	67.9997972425053	9	9	45
418	1	9	90.3770923730598	32.6027298945407	67.9997972425053	67.9997972425053	9	9	54
419	1	9	90.3770923730598	32.6027298945407	67.9997972425053	67.9997972425053	9	9	54
420	1	9	90.3770923730598	32.6027298945407	67.9997972425053	67.9997972425053	9	9	54
421	1	9	90.3770923730598	32.6027298945407	67.9997972425053	67.9997972425053	9	9	36
422	1	9	90.3770923730598	32.6027298945407	67.9997972425053	67.9997972425053	9	9	45
423	1	9	90.3770923730598	32.6027298945407	67.9997972425053	67.9997972425053	9	9	45
424	1	9	90.3770923730598	32.6027298945407	67.9997972425053	67.9997972425053	9	9	45
425	1	9	90.3770923730598	32.6027298945407	67.9997972425053	67.9997972425053	8	9	45
426	1	9	90.3770923730598	32.6027298945407	67.9997972425053	67.9997972425053	9	9	27
427	1	9	90.3770923730598	32.6027298945407	67.9997972425053	67.9997972425053	9	9	45
428	1	9	90.3770923730598	32.6027298945407	67.9997972425053	67.9997972425053	9	9	54
429	1	9	90.3770923730598	32.6027298945407	67.9997972425053	67.9997972425053	8	9	54
430	1	9	90.3770923730598	32.6027298945407	67.9997972425053	67.9997972425053	9	9	45
431	1	9	90.3770923730598	32.6027298945407	67.9997972425053	67.9997972425053	9	9	27
432	1	9	90.3770923730598	32.6027298945407	67.9997972425053	67.9997972425053	9	9	36
433	1	9	90.3770923730598	32.6027298945407	67.9997972425053	67.9997972425053	9	9	36
434	1	9	90.3770923730598	32.6027298945407	67.9997972425053	67.9997972425053	9	9	36
435	1	9	90.3770923730598	32.6027298945407	67.9997972425053	67.9997972425053	9	9	36
436	1	9	90.3770923730598	32.6027298945407	67.9997972425053	67.9997972425053	9	9	27
437	1	9	90.3770923730598	32.6027298945407	67.9997972425053	67.9997972425053	9	9	45
438	1	9	90.3770923730598	32.6027298945407	67.9997972425053	67.9997972425053	9	9	54
439	1	9	90.3770923730598	32.6027298945407	67.9997972425053	67.9997972425053	9	9	54
440	1	9	90.3770923730598	32.6027298945407	67.9997972425053	67.9997972425053	8	9	54
441	1	9	90.3770923730598	32.6027298945407	67.9997972425053	67.9997972425053	9	9	45
442	1	9	90.3770923730598	32.6027298945407	67.9997972425053	67.9997972425053	9	9	45
443	1	9	90.3770923730598	32.6027298945407	67.9997972425053	67.9997972425053	9	9	45
444	1	9	90.3770923730598	32.6027298945407	67.9997972425053	67.9997972425053	9	9	45
445	1	9	90.3770923730598	32.6027298945407	67.9997972425053	67.9997972425053	9	9	45
446	1	9	90.3770923730598	32.6027298945407	67.9997972425053	67.9997972425053	7	9	45
447	1	9	90.3770923730598	32.6027298945407	67.9997972425053	67.9997972425053	9	9	36
448	1	9	90.3770923730598	32.6027298945407	67.9997972425053	67.9997972425053	9	9	45
449	1	9	90.3770923730598	32.6027298945407	67.9997972425053	67.9997972425053	9	9	45
450	1	9	90.3770923730598	32.6027298945407	67.9997972425053	67.9997972425053	9	9	45
451	1	9	90.3770923730598	32.6027298945407	67.9997972425053	67.9997972425053	8	9	27
452	1	9	90.3770923730598	32.6027298945407	67.9997972425053	67.9997972425053	9	9	27
453	1	9	90.3770923730598	32.6027298945407	67.9997972425053	67.9997972425053	9	9	45
454	1	9	90.3770923730598	32.6027298945407	67.9997972425053	67.9997972425053	9	9	45
455	1	9	90.3770923730598	32.6027298945407	67.9997972425053	67.9997972425053	9	9	45
456	1	9	90.3770923730598	32.6027298945407	67.9997972425053	67.9997972425053	9	9	45
457	1	9	90.3770923730598	32.6027298945407	67.9997972425053	67.9997972425053	9	9	45
458	1	9	90.3770923730598	32.6027298945407	67.9997972425053	67.9997972425053	9	9	45
459	1	9	90.3770923730598	32.6027298945407	67.9997972425053	67.9997972425053	9	9	45
460	1	9	90.3770923730598	32.6027298945407	67.9997972425053	67.9997972425053	8	9	45
461	1	9	90.3770923730598	32.6027298945407	67.9997972425053	67.9997972425053	9	9	27
462	1	9	90.3770923730598	32.6027298945407	67.9997972425053	67.9997972425053	8	9	45
463	1	9	90.3770923730598	32.6027298945407	67.9997972425053	67.9997972425053	9	9	45
464	1	9	90.3770923730598	32.6027298945407	67.9997972425053	67.9997972425053	9	9	45
465	1	9	90.3770923730598	32.6027298945407	67.9997972425053	67.9997972425053	9	9	45
466	1	9	90.3770923730598	32.6027298945407	67.9997972425053	67.9997972425053	9	9	27
467	1	9	90.3770923730598	32.6027298945407	67.9997972425053	67.9997972425053	9	9	36
468	1	9	90.3770923730598	32.6027298945407	67.9997972425053	67.9997972425053	9	9	36
469	1	9	90.3770923730598	32.6027298945407	67.9997972425053	67.9997972425053	9	9	36
470	1	9	90.3770923730598	32.6027298945407	67.9997972425053	67.9997972425053	9	9	36
471	1	9	90.3770923730598	32.6027298945407	67.9997972425053	67.9997972425053	9	9	27
472	1	9	90.3770923730598	32.6027298945407	67.9997972425053	67.9997972425053	9	9	45
473	1	9	90.3770923730598	32.6027298945407	67.9997972425053	67.9997972425053	8	9	54
474	1	9	90.3770923730598	32.6027298945407	67.9997972425053	67.9997972425053	9	9	45
475	1	9	90.3770923730598	32.6027298945407	67.9997972425053	67.9997972425053	9	9	54
476	1	9	90.3770923730598	32.6027298945407	67.9997972425053	67.9997972425053	9	9	36
477	1	9	90.3770923730598	32.6027298945407	67.9997972425053	67.9997972425053	9	9	45
478	1	9	90.3770923730598	32.6027298945407	67.9997972425053	67.9997972425053	9	9	45
479	1	9	90.3770923730598	32.6027298945407	67.9997972425053	67.9997972425053	9	9	45
480	1	9	90.3770923730598	32.6027298945407	67.9997972425053	67.9997972425053	8	9	45
481	1	9	90.3770923730598	32.6027298945407	67.9997972425053	67.9997972425053	9	9	45
482	1	9	90.3770923730598	32.6027298945407	67.9997972425053	67.9997972425053	9	9	45
483	1	9	90.3770923730598	32.6027298945407	67.9997972425053	67.9997972425053	9	9	54
484	1	9	90.3770923730598	32.6027298945407	67.9997972425053	67.9997972425053	8	9	54
485	1	9	90.3770923730598	32.6027298945407	67.9997972425053	67.9997972425053	9	9	45
486	1	9	90.3770923730598	32.6027298945407	67.9997972425053	67.9997972425053	9	9	27
487	1	9	90.3770923730598	32.6027298945407	67.9997972425053	67.9997972425053	9	9	36
488	1	9	90.3770923730598	32.6027298945407	67.9997972425053	67.9997972425053	9	9	36
489	1	9	90.3770923730598	32.6027298945407	67.9997972425053	67.9997972425053	9	9	36
490	1	9	90.3770923730598	32.6027298945407	67.9997972425053	67.9997972425053	9	9	36
491	1	9	90.3770923730598	32.6027298945407	67.9997972425053	67.9997972425053	9	9	36
492	1	9	90.3770923730598	32.6027298945407	67.9997972425053	67.9997972425053	9	9	45
493	1	9	90.3770923730598	32.6027298945407	67.9997972425053	67.9997972425053	9	9	45
494	1	9	90.3770923730598	32.6027298945407	67.9997972425053	67.9997972425053	9	9	45
495	1	9	90.3770923730598	32.6027298945407	67.9997972425053	67.9997972425053	9	9	45
496	1	9	90.3770923730598	32.6027298945407	67.9997972425053	67.9997972425053	9	9	27
497	1	9	90.3770923730598	32.6027298945407	67.9997972425053	67.9997972425053	9	9	36
498	1	9	90.3770923730598	32.6027298945407	67.9997972425053	67.9997972425053	9	9	45
499	1	9	90.3770923730598	32.6027298945407	67.9997972425053	67.9997972425053	9	9	45
500	1	9	90.3770923730598	32.6027298945407	67.9997972425053	67.9997972425053	8	9	45
501	1	9	90.3770923730598	32.6027298945407	67.9997972425053	67.9997972425053	9	9	36
502	1	9	90.3770923730598	32.6027298945407	67.9997972425053	67.9997972425053	9	9	45
503	1	9	90.3770923730598	32.6027298945407	67.9997972425053	67.9997972425053	9	9	45
504	1	9	90.3770923730598	32.6027298945407	67.9997972425053	67.9997972425053	9	9	54
505	1	9	90.3770923730598	32.6027298945407	67.9997972425053	67.9997972425053	10	9	54
506	1	9	90.3770923730598	32.6027298945407	67.9997972425053	67.9997972425053	9	9	18
507	1	9	90.3770923730598	32.6027298945407	67.9997972425053	67.9997972425053	9	9	45
508	1	9	90.3770923730598	32.6027298945407	67.9997972425053	67.9997972425053	9	9	54
509	1	9	90.3770923730598	32.6027298945407	67.9997972425053	67.9997972425053	9	9	54
510	1	9	90.3770923730598	32.6027298945407	67.9997972425053	67.9997972425053	9	9	54
511	1	9	90.3770923730598	32.6027298945407	67.9997972425053	67.9997972425053	9	9	45
512	1	9	90.3770923730598	32.6027298945407	67.9997972425053	67.9997972425053	9	9	45
513	1	9	90.3770923730598	32.6027298945407	67.9997972425053	67.9997972425053	9	9	45
514	1	9	90.3770923730598	32.6027298945407	67.9997972425053	67.9997972425053	9	9	45
515	1	9	90.3770923730598	32.6027298945407	67.9997972425053	67.9997972425053	9	9	45
516	1	9	90.3770923730598	32.6027298945407	67.9997972425053	67.9997972425053	9	9	45
517	1	9	90.3770923730598	32.6027298945407	67.9997972425053	67.9997972425053	8	9	54
518	1	9	90.3770923730598	32.6027298945407	67.9997972425053	67.9997972425053	9	9	54
519	1	9	90.3770923730598	32.6027298945407	67.9997972425053	67.9997972425053	9	9	54
520	1	9	90.3770923730598	32.6027298945407	67.9997972425053	67.9997972425053	9	9	54
521	1	9	90.3770923730598	32.6027298945407	67.9997972425053	67.9997972425053	9	9	27
522	1	9	90.3770923730598	32.6027298945407	67.9997972425053	67.9997972425053	9	9	36
523	1	9	90.3770923730598	32.6027298945407	67.9997972425053	67.9997972425053	9	9	36
524	1	9	90.3770923730598	32.6027298945407	67.9997972425053	67.9997972425053	9	9	36
525	1	9	90.3770923730598	32.6027298945407	67.9997972425053	67.9997972425053	9	9	36
526	1	9	90.3770923730598	32.6027298945407	67.9997972425053	67.9997972425053	9	9	18
527	1	9	90.3770923730598	32.6027298945407	67.9997972425053	67.9997972425053	9	9	36
528	1	9	90.3770923730598	32.6027298945407	67.9997972425053	67.9997972425053	9	9	45
529	1	9	90.3770923730598	32.6027298945407	67.9997972425053	67.9997972425053	9	9	45
530	1	9	90.3770923730598	32.6027298945407	67.9997972425053	67.9997972425053	9	9	45
531	1	9	90.3770923730598	32.6027298945407	67.9997972425053	67.9997972425053	9	9	36
532	1	9	90.3770923730598	32.6027298945407	67.9997972425053	67.9997972425053	9	9	45
533	1	9	90.3770923730598	32.6027298945407	67.9997972425053	67.9997972425053	9	9	45
534	1	9	90.3770923730598	32.6027298945407	67.9997972425053	67.9997972425053	9	9	45
535	1	9	90.3770923730598	32.6027298945407	67.9997972425053	67.9997972425053	9	9	45
536	1	9	90.3770923730598	32.6027298945407	67.9997972425053	67.9997972425053	8	9	36
537	1	9	90.3770923730598	32.6027298945407	67.9997972425053	67.9997972425053	9	9	45
538	1	9	90.3770923730598	32.6027298945407	67.9997972425053	67.9997972425053	9	9	45
539	1	9	90.3770923730598	32.6027298945407	67.9997972425053	67.9997972425053	9	9	45
540	1	9	90.3770923730598	32.6027298945407	67.9997972425053	67.9997972425053	6	9	54
541	1	9	90.3770923730598	32.6027298945407	67.9997972425053	67.9997972425053	9	9	27
542	1	9	90.3770923730598	32.6027298945407	67.9997972425053	67.9997972425053	9	9	36
543	1	9	90.3770923730598	32.6027298945407	67.9997972425053	67.9997972425053	9	9	36
544	1	9	90.3770923730598	32.6027298945407	67.9997972425053	67.9997972425053	9	9	36
545	1	9	90.3770923730598	32.6027298945407	67.9997972425053	67.9997972425053	9	9	36
546	1	9	90.3770923730598	32.6027298945407	67.9997972425053	67.9997972425053	9	9	18
547	1	9	90.3770923730598	32.6027298945407	67.9997972425053	67.9997972425053	9	9	45
548	1	9	90.3770923730598	32.6027298945407	67.9997972425053	67.9997972425053	9	9	54
549	1	9	90.3770923730598	32.6027298945407	67.9997972425053	67.9997972425053	9	9	54
550	1	9	90.3770923730598	32.6027298945407	67.9997972425053	67.9997972425053	8	9	54
551	1	9	90.3770923730598	32.6027298945407	67.9997972425053	67.9997972425053	9	9	27
552	1	9	90.3770923730598	32.6027298945407	67.9997972425053	67.9997972425053	9	9	36
553	1	9	90.3770923730598	32.6027298945407	67.9997972425053	67.9997972425053	9	9	45
554	1	9	90.3770923730598	32.6027298945407	67.9997972425053	67.9997972425053	9	9	45
555	1	9	90.3770923730598	32.6027298945407	67.9997972425053	67.9997972425053	9	9	45
556	1	9	90.3770923730598	32.6027298945407	67.9997972425053	67.9997972425053	8	9	45
557	1	9	90.3770923730598	32.6027298945407	67.9997972425053	67.9997972425053	9	9	36
558	1	9	90.3770923730598	32.6027298945407	67.9997972425053	67.9997972425053	9	9	54
559	1	9	90.3770923730598	32.6027298945407	67.9997972425053	67.9997972425053	9	9	54
560	1	9	90.3770923730598	32.6027298945407	67.9997972425053	67.9997972425053	9	9	54
561	1	9	90.3770923730598	32.6027298945407	67.9997972425053	67.9997972425053	9	9	27
562	1	9	90.3770923730598	32.6027298945407	67.9997972425053	67.9997972425053	9	9	45
563	1	9	90.3770923730598	32.6027298945407	67.9997972425053	67.9997972425053	9	9	45
564	1	9	90.3770923730598	32.6027298945407	67.9997972425053	67.9997972425053	9	9	45
565	1	9	90.3770923730598	32.6027298945407	67.9997972425053	67.9997972425053	9	9	45
566	1	9	90.3770923730598	32.6027298945407	67.9997972425053	67.9997972425053	9	9	45
567	1	9	90.3770923730598	32.6027298945407	67.9997972425053	67.9997972425053	9	9	45
568	1	9	90.3770923730598	32.6027298945407	67.9997972425053	67.9997972425053	9	9	45
569	1	9	90.3770923730598	32.6027298945407	67.9997972425053	67.9997972425053	9	9	45
570	1	9	90.3770923730598	32.6027298945407	67.9997972425053	67.9997972425053	9	9	45
571	1	9	90.3770923730598	32.6027298945407	67.9997972425053	67.9997972425053	9	9	36
572	1	9	90.3770923730598	32.6027298945407	67.9997972425053	67.9997972425053	8	9	45
573	1	9	90.3770923730598	32.6027298945407	67.9997972425053	67.9997972425053	9	9	36
574	1	9	90.3770923730598	32.6027298945407	67.9997972425053	67.9997972425053	9	9	45
575	1	9	90.3770923730598	32.6027298945407	67.9997972425053	67.9997972425053	9	9	45
576	1	9	90.3770923730598	32.6027298945407	67.9997972425053	67.9997972425053	9	9	27
577	1	9	90.3770923730598	32.6027298945407	67.9997972425053	67.9997972425053	9	9	36
578	1	9	90.3770923730598	32.6027298945407	67.9997972425053	67.9997972425053	9	9	36
579	1	9	90.3770923730598	32.6027298945407	67.9997972425053	67.9997972425053	9	9	36
580	1	9	90.3770923730598	32.6027298945407	67.9997972425053	67.9997972425053	9	9	36
581	1	9	90.3770923730598	32.6027298945407	67.9997972425053	67.9997972425053	9	9	18
582	1	9	90.3770923730598	32.6027298945407	67.9997972425053	67.9997972425053	9	9	36
583	1	9	90.3770923730598	32.6027298945407	67.9997972425053	67.9997972425053	8	9	54
584	1	9	90.3770923730598	32.6027298945407	67.9997972425053	67.9997972425053	9	9	45
585	1	9	90.3770923730598	32.6027298945407	67.9997972425053	67.9997972425053	9	9	54
586	1	9	90.3770923730598	32.6027298945407	67.9997972425053	67.9997972425053	9	9	45
587	1	9	90.3770923730598	32.6027298945407	67.9997972425053	67.9997972425053	9	9	45
588	1	9	90.3770923730598	32.6027298945407	67.9997972425053	67.9997972425053	9	9	45
589	1	9	90.3770923730598	32.6027298945407	67.9997972425053	67.9997972425053	9	9	45
590	1	9	90.3770923730598	32.6027298945407	67.9997972425053	67.9997972425053	9	9	45
591	1	9	90.3770923730598	32.6027298945407	67.9997972425053	67.9997972425053	8	9	45
592	1	9	90.3770923730598	32.6027298945407	67.9997972425053	67.9997972425053	9	9	45
593	1	9	90.3770923730598	32.6027298945407	67.9997972425053	67.9997972425053	9	9	45
594	1	9	90.3770923730598	32.6027298945407	67.9997972425053	67.9997972425053	9	9	45
595	1	9	90.3770923730598	32.6027298945407	67.9997972425053	67.9997972425053	9	9	45
596	1	9	90.3770923730598	32.6027298945407	67.9997972425053	67.9997972425053	9	9	27
597	1	9	90.3770923730598	32.6027298945407	67.9997972425053	67.9997972425053	9	9	36
598	1	9	90.3770923730598	32.6027298945407	67.9997972425053	67.9997972425053	9	9	36
599	1	9	90.3770923730598	32.6027298945407	67.9997972425053	67.9997972425053	9	9	36
600	1	9	90.3770923730598	32.6027298945407	67.9997972425053	67.9997972425053	9	9	36
601	1	9	90.3770923730598	32.6027298945407	67.9997972425053	67.9997972425053	9	9	27
602	1	9	90.3770923730598	32.6027298945407	67.9997972425053	67.9997972425053	9	9	45
603	1	9	90.3770923730598	32.6027298945407	67.9997972425053	67.9997972425053	9	9	45
604	1	9	90.3770923730598	32.6027298945407	67.9997972425053	67.9997972425053	9	9	45
605	1	9	90.3770923730598	32.6027298945407	67.9997972425053	67.9997972425053	9	9	45
606	1	9	90.3770923730598	32.6027298945407	67.9997972425053	67.9997972425053	9	9	45
607	1	9	90.3770923730598	32.6027298945407	67.9997972425053	67.9997972425053	9	9	45
608	1	9	90.3770923730598	32.6027298945407	67.9997972425053	67.9997972425053	9	9	45
609	1	9	90.3770923730598	32.6027298945407	67.9997972425053	67.9997972425053	9	9	45
610	1	9	90.3770923730598	32.6027298945407	67.9997972425053	67.9997972425053	8	9	45
611	1	9	90.3770923730598	32.6027298945407	67.9997972425053	67.9997972425053	9	9	27
612	1	9	90.3770923730598	32.6027298945407	67.9997972425053	67.9997972425053	9	9	36
613	1	9	90.3770923730598	32.6027298945407	67.9997972425053	67.9997972425053	9	9	36
614	1	9	90.3770923730598	32.6027298945407	67.9997972425053	67.9997972425053	9	9	45
615	1	9	90.3770923730598	32.6027298945407	67.9997972425053	67.9997972425053	9	9	54
616	1	9	90.3770923730598	32.6027298945407	67.9997972425053	67.9997972425053	9	9	18
617	1	9	90.3770923730598	32.6027298945407	67.9997972425053	67.9997972425053	9	9	36
618	1	9	90.3770923730598	32.6027298945407	67.9997972425053	67.9997972425053	9	9	45
619	1	9	90.3770923730598	32.6027298945407	67.9997972425053	67.9997972425053	9	9	45
620	1	9	90.3770923730598	32.6027298945407	67.9997972425053	67.9997972425053	9	9	45
621	1	9	90.3770923730598	32.6027298945407	67.9997972425053	67.9997972425053	9	9	36
622	1	9	90.3770923730598	32.6027298945407	67.9997972425053	67.9997972425053	9	9	45
623	1	9	90.3770923730598	32.6027298945407	67.9997972425053	67.9997972425053	9	9	45
624	1	9	90.3770923730598	32.6027298945407	67.9997972425053	67.9997972425053	9	9	45
625	1	9	90.3770923730598	32.6027298945407	67.9997972425053	67.9997972425053	9	9	45
626	1	9	90.3770923730598	32.6027298945407	67.9997972425053	67.9997972425053	9	9	36
627	1	9	90.3770923730598	32.6027298945407	67.9997972425053	67.9997972425053	8	9	54
628	1	9	90.3770923730598	32.6027298945407	67.9997972425053	67.9997972425053	9	9	45
629	1	9	90.3770923730598	32.6027298945407	67.9997972425053	67.9997972425053	9	9	45
630	1	9	90.3770923730598	32.6027298945407	67.9997972425053	67.9997972425053	9	9	45
631	1	9	90.3770923730598	32.6027298945407	67.9997972425053	67.9997972425053	9	9	45
632	1	9	90.3770923730598	32.6027298945407	67.9997972425053	67.9997972425053	9	9	45
633	1	9	90.3770923730598	32.6027298945407	67.9997972425053	67.9997972425053	9	9	45
634	1	9	90.3770923730598	32.6027298945407	67.9997972425053	67.9997972425053	9	9	45
635	1	9	90.3770923730598	32.6027298945407	67.9997972425053	67.9997972425053	9	9	45
636	1	9	90.3770923730598	32.6027298945407	67.9997972425053	67.9997972425053	9	9	27
637	1	9	90.3770923730598	32.6027298945407	67.9997972425053	67.9997972425053	9	9	36
638	1	9	90.3770923730598	32.6027298945407	67.9997972425053	67.9997972425053	9	9	45
639	1	9	90.3770923730598	32.6027298945407	67.9997972425053	67.9997972425053	9	9	45
640	1	9	90.3770923730598	32.6027298945407	67.9997972425053	67.9997972425053	9	9	54
641	1	9	90.3770923730598	32.6027298945407	67.9997972425053	67.9997972425053	9	9	45
642	1	9	90.3770923730598	32.6027298945407	67.9997972425053	67.9997972425053	9	9	45
643	1	9	90.3770923730598	32.6027298945407	67.9997972425053	67.9997972425053	9	9	45
644	1	9	90.3770923730598	32.6027298945407	67.9997972425053	67.9997972425053	9	9	45
645	1	9	90.3770923730598	32.6027298945407	67.9997972425053	67.9997972425053	9	9	45
646	1	9	90.3770923730598	32.6027298945407	67.9997972425053	67.9997972425053	8	9	45
647	1	9	90.3770923730598	32.6027298945407	67.9997972425053	67.9997972425053	9	9	45
648	1	9	90.3770923730598	32.6027298945407	67.9997972425053	67.9997972425053	9	9	54
649	1	9	90.3770923730598	32.6027298945407	67.9997972425053	67.9997972425053	9	9	54
650	1	9	90.3770923730598	32.6027298945407	67.9997972425053	67.9997972425053	9	9	54
651	1	9	90.3770923730598	32.6027298945407	67.9997972425053	67.9997972425053	9	9	36
652	1	9	90.3770923730598	32.6027298945407	67.9997972425053	67.9997972425053	9	9	45
653	1	9	90.3770923730598	32.6027298945407	67.9997972425053	67.9997972425053	9	9	45
654	1	9	90.3770923730598	32.6027298945407	67.9997972425053	67.9997972425053	9	9	45
655	1	9	90.3770923730598	32.6027298945407	67.9997972425053	67.9997972425053	9	9	45
656	1	9	90.3770923730598	32.6027298945407	67.9997972425053	67.9997972425053	9	9	18
657	1	9	90.3770923730598	32.6027298945407	67.9997972425053	67.9997972425053	9	9	45
658	1	9	90.3770923730598	32.6027298945407	67.9997972425053	67.9997972425053	9	9	45
659	1	9	90.3770923730598	32.6027298945407	67.9997972425053	67.9997972425053	9	9	54
660	1	9	90.3770923730598	32.6027298945407	67.9997972425053	67.9997972425053	8	9	54
661	1	9	90.3770923730598	32.6027298945407	67.9997972425053	67.9997972425053	9	9	27
662	1	9	90.3770923730598	32.6027298945407	67.9997972425053	67.9997972425053	9	9	36
663	1	9	90.3770923730598	32.6027298945407	67.9997972425053	67.9997972425053	9	9	45
664	1	9	90.3770923730598	32.6027298945407	67.9997972425053	67.9997972425053	9	9	45
665	1	9	90.3770923730598	32.6027298945407	67.9997972425053	67.9997972425053	8	9	45
666	1	9	90.3770923730598	32.6027298945407	67.9997972425053	67.9997972425053	9	9	45
667	1	9	90.3770923730598	32.6027298945407	67.9997972425053	67.9997972425053	9	9	45
668	1	9	90.3770923730598	32.6027298945407	67.9997972425053	67.9997972425053	9	9	45
669	1	9	90.3770923730598	32.6027298945407	67.9997972425053	67.9997972425053	9	9	45
670	1	9	90.3770923730598	32.6027298945407	67.9997972425053	67.9997972425053	9	9	54
671	1	9	90.3770923730598	32.6027298945407	67.9997972425053	67.9997972425053	8	9	27
672	1	9	90.3770923730598	32.6027298945407	67.9997972425053	67.9997972425053	9	9	36
673	1	9	90.3770923730598	32.6027298945407	67.9997972425053	67.9997972425053	9	9	45
674	1	9	90.3770923730598	32.6027298945407	67.9997972425053	67.9997972425053	9	9	45
675	1	9	90.3770923730598	32.6027298945407	67.9997972425053	67.9997972425053	9	9	45
676	1	9	90.3770923730598	32.6027298945407	67.9997972425053	67.9997972425053	9	9	45
677	1	9	90.3770923730598	32.6027298945407	67.9997972425053	67.9997972425053	9	9	45
678	1	9	90.3770923730598	32.6027298945407	67.9997972425053	67.9997972425053	9	9	45
679	1	9	90.3770923730598	32.6027298945407	67.9997972425053	67.9997972425053	9	9	45
680	1	9	90.3770923730598	32.6027298945407	67.9997972425053	67.9997972425053	8	9	45
681	1	9	90.3770923730598	32.6027298945407	67.9997972425053	67.9997972425053	9	9	36
682	1	9	90.3770923730598	32.6027298945407	67.9997972425053	67.9997972425053	8	9	45
683	1	9	90.3770923730598	32.6027298945407	67.9997972425053	67.9997972425053	9	9	45
684	1	9	90.3770923730598	32.6027298945407	67.9997972425053	67.9997972425053	9	9	45
685	1	9	90.3770923730598	32.6027298945407	67.9997972425053	67.9997972425053	9	9	54
686	1	9	90.3770923730598	32.6027298945407	67.9997972425053	67.9997972425053	9	9	36
687	1	9	90.3770923730598	32.6027298945407	67.9997972425053	67.9997972425053	9	9	36
688	1	9	90.3770923730598	32.6027298945407	67.9997972425053	67.9997972425053	9	9	45
689	1	9	90.3770923730598	32.6027298945407	67.9997972425053	67.9997972425053	9	9	45
690	1	9	90.3770923730598	32.6027298945407	67.9997972425053	67.9997972425053	9	9	45
691	1	9	90.3770923730598	32.6027298945407	67.9997972425053	67.9997972425053	9	9	36
692	1	9	90.3770923730598	32.6027298945407	67.9997972425053	67.9997972425053	9	9	45
693	1	9	90.3770923730598	32.6027298945407	67.9997972425053	67.9997972425053	9	9	54
694	1	9	90.3770923730598	32.6027298945407	67.9997972425053	67.9997972425053	9	9	45
695	1	9	90.3770923730598	32.6027298945407	67.9997972425053	67.9997972425053	9	9	45
696	1	9	90.3770923730598	32.6027298945407	67.9997972425053	67.9997972425053	9	9	45
697	1	9	90.3770923730598	32.6027298945407	67.9997972425053	67.9997972425053	9	9	45
698	1	9	90.3770923730598	32.6027298945407	67.9997972425053	67.9997972425053	9	9	45
699	1	9	90.3770923730598	32.6027298945407	67.9997972425053	67.9997972425053	9	9	45
700	1	9	90.3770923730598	32.6027298945407	67.9997972425053	67.9997972425053	9	9	45
701	1	9	90.3770923730598	32.6027298945407	67.9997972425053	67.9997972425053	9	9	36
702	1	9	90.3770923730598	32.6027298945407	67.9997972425053	67.9997972425053	9	9	36
703	1	9	90.3770923730598	32.6027298945407	67.9997972425053	67.9997972425053	9	9	36
704	1	9	90.3770923730598	32.6027298945407	67.9997972425053	67.9997972425053	9	9	36
705	1	9	90.3770923730598	32.6027298945407	67.9997972425053	67.9997972425053	9	9	36
706	1	9	90.3770923730598	32.6027298945407	67.9997972425053	67.9997972425053	9	9	27
707	1	9	90.3770923730598	32.6027298945407	67.9997972425053	67.9997972425053	9	9	36
708	1	9	90.3770923730598	32.6027298945407	67.9997972425053	67.9997972425053	9	9	36
709	1	9	90.3770923730598	32.6027298945407	67.9997972425053	67.9997972425053	9	9	36
710	1	9	90.3770923730598	32.6027298945407	67.9997972425053	67.9997972425053	9	9	36
711	1	9	90.3770923730598	32.6027298945407	67.9997972425053	67.9997972425053	9	9	36
712	1	9	90.3770923730598	32.6027298945407	67.9997972425053	67.9997972425053	9	9	36
713	1	9	90.3770923730598	32.6027298945407	67.9997972425053	67.9997972425053	9	9	36
714	1	9	90.3770923730598	32.6027298945407	67.9997972425053	67.9997972425053	9	9	36
715	1	9	90.3770923730598	32.6027298945407	67.9997972425053	67.9997972425053	9	9	36
716	1	9	90.3770923730598	32.6027298945407	67.9997972425053	67.9997972425053	9	9	36
717	1	9	90.3770923730598	32.6027298945407	67.9997972425053	67.9997972425053	9	9	36
718	1	9	90.3770923730598	32.6027298945407	67.9997972425053	67.9997972425053	9	9	36
719	1	9	90.3770923730598	32.6027298945407	67.9997972425053	67.9997972425053	9	9	45
720	1	9	90.3770923730598	32.6027298945407	67.9997972425053	67.9997972425053	9	9	54
721	1	9	90.3770923730598	32.6027298945407	67.9997972425053	67.9997972425053	9	9	27
722	1	9	90.3770923730598	32.6027298945407	67.9997972425053	67.9997972425053	9	9	36
723	1	9	90.3770923730598	32.6027298945407	67.9997972425053	67.9997972425053	9	9	36
724	1	9	90.3770923730598	32.6027298945407	67.9997972425053	67.9997972425053	9	9	36
725	1	9	90.3770923730598	32.6027298945407	67.9997972425053	67.9997972425053	9	9	45
726	1	9	90.3770923730598	32.6027298945407	67.9997972425053	67.9997972425053	9	9	36
727	1	9	90.3770923730598	32.6027298945407	67.9997972425053	67.9997972425053	9	9	36
728	1	9	90.3770923730598	32.6027298945407	67.9997972425053	67.9997972425053	9	9	36
729	1	9	90.3770923730598	32.6027298945407	67.9997972425053	67.9997972425053	9	9	36
730	1	9	90.3770923730598	32.6027298945407	67.9997972425053	67.9997972425053	9	9	36
731	1	9	90.3770923730598	32.6027298945407	67.9997972425053	67.9997972425053	9	9	36
732	1	9	90.3770923730598	32.6027298945407	67.9997972425053	67.9997972425053	9	9	36
733	1	9	90.3770923730598	32.6027298945407	67.9997972425053	67.9997972425053	9	9	45
734	1	9	90.3770923730598	32.6027298945407	67.9997972425053	67.9997972425053	9	9	45
735	1	9	90.3770923730598	32.6027298945407	67.9997972425053	67.9997972425053	9	9	45
736	1	9	90.3770923730598	32.6027298945407	67.9997972425053	67.9997972425053	9	9	36
737	1	9	90.3770923730598	32.6027298945407	67.9997972425053	67.9997972425053	9	9	36
738	1	9	90.3770923730598	32.6027298945407	67.9997972425053	67.9997972425053	9	9	36
739	1	9	90.3770923730598	32.6027298945407	67.9997972425053	67.9997972425053	9	9	36
740	1	9	90.3770923730598	32.6027298945407	67.9997972425053	67.9997972425053	9	9	36
741	1	9	90.3770923730598	32.6027298945407	67.9997972425053	67.9997972425053	9	9	36
742	1	9	90.3770923730598	32.6027298945407	67.9997972425053	67.9997972425053	9	9	45
743	1	9	90.3770923730598	32.6027298945407	67.9997972425053	67.9997972425053	9	9	45
744	1	9	90.3770923730598	32.6027298945407	67.9997972425053	67.9997972425053	9	9	45
745	1	9	90.3770923730598	32.6027298945407	67.9997972425053	67.9997972425053	9	9	45
746	1	9	90.3770923730598	32.6027298945407	67.9997972425053	67.9997972425053	9	9	36
747	1	9	90.3770923730598	32.6027298945407	67.9997972425053	67.9997972425053	9	9	36
748	1	9	90.3770923730598	32.6027298945407	67.9997972425053	67.9997972425053	9	9	36
749	1	9	90.3770923730598	32.6027298945407	67.9997972425053	67.9997972425053	9	9	36
750	1	9	90.3770923730598	32.6027298945407	67.9997972425053	67.9997972425053	9	9	36
751	1	9	90.3770923730598	32.6027298945407	67.9997972425053	67.9997972425053	9	9	36
752	1	9	90.3770923730598	32.6027298945407	67.9997972425053	67.9997972425053	9	9	45
753	1	9	90.3770923730598	32.6027298945407	67.9997972425053	67.9997972425053	9	9	45
754	1	9	90.3770923730598	32.6027298945407	67.9997972425053	67.9997972425053	9	9	45
755	1	9	90.3770923730598	32.6027298945407	67.9997972425053	67.9997972425053	9	9	45
756	1	9	90.3770923730598	32.6027298945407	67.9997972425053	67.9997972425053	9	9	36
757	1	9	90.3770923730598	32.6027298945407	67.9997972425053	67.9997972425053	9	9	36
758	1	9	90.3770923730598	32.6027298945407	67.9997972425053	67.9997972425053	9	9	36
759	1	9	90.3770923730598	32.6027298945407	67.9997972425053	67.9997972425053	9	9	36
760	1	9	90.3770923730598	32.6027298945407	67.9997972425053	67.9997972425053	9	9	36
761	1	9	90.3770923730598	32.6027298945407	67.9997972425053	67.9997972425053	9	9	36
762	1	9	90.3770923730598	32.6027298945407	67.9997972425053	67.9997972425053	9	9	45
763	1	9	90.3770923730598	32.6027298945407	67.9997972425053	67.9997972425053	9	9	45
764	1	9	90.3770923730598	32.6027298945407	67.9997972425053	67.9997972425053	9	9	45
765	1	9	90.3770923730598	32.6027298945407	67.9997972425053	67.9997972425053	9	9	45
766	1	9	90.3770923730598	32.6027298945407	67.9997972425053	67.9997972425053	9	9	36
767	1	9	90.3770923730598	32.6027298945407	67.9997972425053	67.9997972425053	9	9	36
768	1	9	90.3770923730598	32.6027298945407	67.9997972425053	67.9997972425053	9	9	36
769	1	9	90.3770923730598	32.6027298945407	67.9997972425053	67.9997972425053	9	9	36
770	1	9	90.3770923730598	32.6027298945407	67.9997972425053	67.9997972425053	9	9	36
771	1	9	90.3770923730598	32.6027298945407	67.9997972425053	67.9997972425053	9	9	45
772	1	9	90.3770923730598	32.6027298945407	67.9997972425053	67.9997972425053	9	9	45
773	1	9	90.3770923730598	32.6027298945407	67.9997972425053	67.9997972425053	9	9	45
774	1	9	90.3770923730598	32.6027298945407	67.9997972425053	67.9997972425053	9	9	45
775	1	9	90.3770923730598	32.6027298945407	67.9997972425053	67.9997972425053	9	9	45
776	1	9	90.3770923730598	32.6027298945407	67.9997972425053	67.9997972425053	9	9	36
777	1	9	90.3770923730598	32.6027298945407	67.9997972425053	67.9997972425053	9	9	45
778	1	9	90.3770923730598	32.6027298945407	67.9997972425053	67.9997972425053	9	9	45
779	1	9	90.3770923730598	32.6027298945407	67.9997972425053	67.9997972425053	9	9	45
780	1	9	90.3770923730598	32.6027298945407	67.9997972425053	67.9997972425053	9	9	45
781	1	9	90.3770923730598	32.6027298945407	67.9997972425053	67.9997972425053	9	9	36
782	1	9	90.3770923730598	32.6027298945407	67.9997972425053	67.9997972425053	9	9	36
783	1	9	90.3770923730598	32.6027298945407	67.9997972425053	67.9997972425053	9	9	36
784	1	9	90.3770923730598	32.6027298945407	67.9997972425053	67.9997972425053	9	9	36
785	1	9	90.3770923730598	32.6027298945407	67.9997972425053	67.9997972425053	9	9	36
786	1	9	90.3770923730598	32.6027298945407	67.9997972425053	67.9997972425053	9	9	36
787	1	9	90.3770923730598	32.6027298945407	67.9997972425053	67.9997972425053	9	9	36
788	1	9	90.3770923730598	32.6027298945407	67.9997972425053	67.9997972425053	9	9	45
789	1	9	90.3770923730598	32.6027298945407	67.9997972425053	67.9997972425053	9	9	45
790	1	9	90.3770923730598	32.6027298945407	67.9997972425053	67.9997972425053	9	9	45
791	1	9	90.3770923730598	32.6027298945407	67.9997972425053	67.9997972425053	9	9	36
792	1	9	90.3770923730598	32.6027298945407	67.9997972425053	67.9997972425053	9	9	36
793	1	9	90.3770923730598	32.6027298945407	67.9997972425053	67.9997972425053	9	9	36
794	1	9	90.3770923730598	32.6027298945407	67.9997972425053	67.9997972425053	9	9	36
795	1	9	90.3770923730598	32.6027298945407	67.9997972425053	67.9997972425053	9	9	36
796	1	9	90.3770923730598	32.6027298945407	67.9997972425053	67.9997972425053	9	9	36
797	1	9	90.3770923730598	32.6027298945407	67.9997972425053	67.9997972425053	9	9	45
798	1	9	90.3770923730598	32.6027298945407	67.9997972425053	67.9997972425053	9	9	45
799	1	9	90.3770923730598	32.6027298945407	67.9997972425053	67.9997972425053	9	9	45
800	1	9	90.3770923730598	32.6027298945407	67.9997972425053	67.9997972425053	9	9	45
801	1	9	90.3770923730598	32.6027298945407	67.9997972425053	67.9997972425053	9	9	36
802	1	9	90.3770923730598	32.6027298945407	67.9997972425053	67.9997972425053	9	9	36
803	1	9	90.3770923730598	32.6027298945407	67.9997972425053	67.9997972425053	9	9	36
804	1	9	90.3770923730598	32.6027298945407	67.9997972425053	67.9997972425053	9	9	36
805	1	9	90.3770923730598	32.6027298945407	67.9997972425053	67.9997972425053	9	9	36
806	1	9	90.3770923730598	32.6027298945407	67.9997972425053	67.9997972425053	9	9	36
807	1	9	90.3770923730598	32.6027298945407	67.9997972425053	67.9997972425053	9	9	36
808	1	9	90.3770923730598	32.6027298945407	67.9997972425053	67.9997972425053	9	9	45
809	1	9	90.3770923730598	32.6027298945407	67.9997972425053	67.9997972425053	9	9	45
810	1	9	90.3770923730598	32.6027298945407	67.9997972425053	67.9997972425053	9	9	45
811	1	9	90.3770923730598	32.6027298945407	67.9997972425053	67.9997972425053	9	9	36
812	1	9	90.3770923730598	32.6027298945407	67.9997972425053	67.9997972425053	9	9	36
813	1	9	90.3770923730598	32.6027298945407	67.9997972425053	67.9997972425053	9	9	36
814	1	9	90.3770923730598	32.6027298945407	67.9997972425053	67.9997972425053	9	9	36
815	1	9	90.3770923730598	32.6027298945407	67.9997972425053	67.9997972425053	9	9	36
816	1	9	90.3770923730598	32.6027298945407	67.9997972425053	67.9997972425053	9	9	36
817	1	9	90.3770923730598	32.6027298945407	67.9997972425053	67.9997972425053	9	9	45
818	1	9	90.3770923730598	32.6027298945407	67.9997972425053	67.9997972425053	9	9	45
819	1	9	90.3770923730598	32.6027298945407	67.9997972425053	67.9997972425053	9	9	45
820	1	9	90.3770923730598	32.6027298945407	67.9997972425053	67.9997972425053	9	9	45
821	1	9	90.3770923730598	32.6027298945407	67.9997972425053	67.9997972425053	9	9	36
822	1	9	90.3770923730598	32.6027298945407	67.9997972425053	67.9997972425053	9	9	36
823	1	9	90.3770923730598	32.6027298945407	67.9997972425053	67.9997972425053	9	9	36
824	1	9	90.3770923730598	32.6027298945407	67.9997972425053	67.9997972425053	9	9	36
825	1	9	90.3770923730598	32.6027298945407	67.9997972425053	67.9997972425053	9	9	36
826	1	9	90.3770923730598	32.6027298945407	67.9997972425053	67.9997972425053	9	9	54
827	1	9	90.3770923730598	32.6027298945407	67.9997972425053	67.9997972425053	9	9	54
828	1	9	90.3770923730598	32.6027298945407	67.9997972425053	67.9997972425053	9	9	54
829	1	9	90.3770923730598	32.6027298945407	67.9997972425053	67.9997972425053	9	9	54
830	1	9	90.3770923730598	32.6027298945407	67.9997972425053	67.9997972425053	9	9	54
831	1	9	90.3770923730598	32.6027298945407	67.9997972425053	67.9997972425053	9	9	36
832	1	9	90.3770923730598	32.6027298945407	67.9997972425053	67.9997972425053	9	9	45
833	1	9	90.3770923730598	32.6027298945407	67.9997972425053	67.9997972425053	9	9	45
834	1	9	90.3770923730598	32.6027298945407	67.9997972425053	67.9997972425053	9	9	45
835	1	9	90.3770923730598	32.6027298945407	67.9997972425053	67.9997972425053	9	9	45
836	1	9	90.3770923730598	32.6027298945407	67.9997972425053	67.9997972425053	9	9	36
837	1	9	90.3770923730598	32.6027298945407	67.9997972425053	67.9997972425053	9	9	36
838	1	9	90.3770923730598	32.6027298945407	67.9997972425053	67.9997972425053	9	9	36
839	1	9	90.3770923730598	32.6027298945407	67.9997972425053	67.9997972425053	9	9	36
840	1	9	90.3770923730598	32.6027298945407	67.9997972425053	67.9997972425053	9	9	36
841	1	9	90.3770923730598	32.6027298945407	67.9997972425053	67.9997972425053	9	9	36
842	1	9	90.3770923730598	32.6027298945407	67.9997972425053	67.9997972425053	9	9	36
843	1	9	90.3770923730598	32.6027298945407	67.9997972425053	67.9997972425053	9	9	45
844	1	9	90.3770923730598	32.6027298945407	67.9997972425053	67.9997972425053	9	9	45
845	1	9	90.3770923730598	32.6027298945407	67.9997972425053	67.9997972425053	9	9	45
846	1	9	90.3770923730598	32.6027298945407	67.9997972425053	67.9997972425053	9	9	36
847	1	9	90.3770923730598	32.6027298945407	67.9997972425053	67.9997972425053	9	9	36
848	1	9	90.3770923730598	32.6027298945407	67.9997972425053	67.9997972425053	9	9	36
849	1	9	90.3770923730598	32.6027298945407	67.9997972425053	67.9997972425053	9	9	36
850	1	9	90.3770923730598	32.6027298945407	67.9997972425053	67.9997972425053	9	9	36
851	1	9	90.3770923730598	32.6027298945407	67.9997972425053	67.9997972425053	9	9	36
852	1	9	90.3770923730598	32.6027298945407	67.9997972425053	67.9997972425053	9	9	45
853	1	9	90.3770923730598	32.6027298945407	67.9997972425053	67.9997972425053	9	9	45
854	1	9	90.3770923730598	32.6027298945407	67.9997972425053	67.9997972425053	9	9	45
855	1	9	90.3770923730598	32.6027298945407	67.9997972425053	67.9997972425053	9	9	45
856	1	9	90.3770923730598	32.6027298945407	67.9997972425053	67.9997972425053	9	9	36
857	1	9	90.3770923730598	32.6027298945407	67.9997972425053	67.9997972425053	9	9	36
