"Iteration #"	"Inertia"	"Number of features"	"CV best"	"Permuted CV best"	"Global best fitness"	"Current best fitness"	"Number of features in current best agent"	"Number of features in global best"	"Number of features in local best"
1	1	40	71.286072910865	45.0718624416363	40.3586954184478	40.3586954184478	15	40	800
2	1	16	87.4021415865311	38.1825351393769	56.40438714789	56.40438714789	20	19	19
3	1	16	87.4021415865311	38.1825351393769	56.40438714789	55.5169629464726	17	19	16
4	1	16	87.4021415865311	38.1825351393769	56.40438714789	55.8210599308182	23	19	29
5	1	16	87.4021415865311	38.1825351393769	56.40438714789	55.3934185466214	24	19	19
6	1	21	84.0442987888444	36.81375895779	57.3385928211803	57.3385928211803	22	22	22
7	1	21	84.0442987888444	36.81375895779	57.3385928211803	57.3385928211803	22	22	22
8	1	23	86.1047765006285	32.89011538025	60.5638349426298	60.5638349426298	23	23	23
9	1	23	86.1047765006285	32.89011538025	60.5638349426298	60.5638349426298	23	23	23
10	1	23	86.1047765006285	32.89011538025	60.5638349426298	60.5638349426298	16	23	23
11	1	23	86.1047765006285	32.89011538025	60.5638349426298	54.5437613599279	27	23	29
12	1	23	86.1047765006285	32.89011538025	60.5638349426298	58.637899222085	26	23	27
13	1	23	86.1047765006285	32.89011538025	60.5638349426298	58.0160405575094	23	23	19
14	1	28	86.4932242495321	31.3172513157237	62.8089533772536	62.8089533772536	25	25	25
15	1	28	86.4932242495321	31.3172513157237	62.8089533772536	62.8089533772536	24	25	25
16	1	28	86.4932242495321	31.3172513157237	62.8089533772536	60.8556867194244	19	25	18
17	1	28	86.4932242495321	31.3172513157237	62.8089533772536	60.6156214351693	21	25	21
18	1	28	86.4932242495321	31.3172513157237	62.8089533772536	62.7824965329696	20	25	19
19	1	28	86.4932242495321	31.3172513157237	62.8089533772536	61.9034337794981	23	25	22
20	1	28	86.4932242495321	31.3172513157237	62.8089533772536	61.5638758024159	20	25	24
21	1	28	86.4932242495321	31.3172513157237	62.8089533772536	58.5758657405773	26	25	23
22	1	28	86.4932242495321	31.3172513157237	62.8089533772536	61.9736426812318	24	25	26
23	1	24	87.5469637827093	32.6204961893325	63.9619866156103	63.9619866156103	25	24	24
24	1	24	87.5469637827093	32.6204961893325	63.9619866156103	60.8222117685181	24	24	24
25	1	24	87.5469637827093	32.6204961893325	63.9619866156103	63.9619866156103	25	24	24
26	1	24	87.5469637827093	32.6204961893325	63.9619866156103	58.18812581476	22	24	19
27	1	24	87.5469637827093	32.6204961893325	63.9619866156103	62.0560232161584	24	24	24
28	1	24	87.5469637827093	32.6204961893325	63.9619866156103	63.3722704693521	24	24	24
29	1	22	90.3173309083106	30.942286973779	65.9006195218099	65.9006195218099	21	21	21
30	1	22	90.3173309083106	30.942286973779	65.9006195218099	65.9006195218099	19	21	21
31	1	22	90.3173309083106	30.942286973779	65.9006195218099	62.7824965329696	22	21	21
32	1	22	90.3173309083106	30.942286973779	65.9006195218099	60.6563280290994	21	21	21
33	1	22	90.3173309083106	30.942286973779	65.9006195218099	61.3753465431125	26	21	25
34	1	22	90.3173309083106	30.942286973779	65.9006195218099	62.4859371529782	24	21	23
35	1	22	90.3173309083106	30.942286973779	65.9006195218099	61.5638758024159	18	21	24
36	1	22	90.3173309083106	30.942286973779	65.9006195218099	62.7283422491875	21	21	21
37	1	22	90.3173309083106	30.942286973779	65.9006195218099	59.5909995331842	24	21	24
38	1	22	90.3173309083106	30.942286973779	65.9006195218099	60.4885867422681	25	21	25
39	1	22	90.3173309083106	30.942286973779	65.9006195218099	62.8089533772536	25	21	25
40	1	22	90.3173309083106	30.942286973779	65.9006195218099	65.9006195218099	20	21	21
41	1	22	90.3173309083106	30.942286973779	65.9006195218099	62.1812496574728	22	21	23
42	1	22	90.3173309083106	30.942286973779	65.9006195218099	62.7052587818372	20	21	20
43	1	22	90.3173309083106	30.942286973779	65.9006195218099	62.7052587818372	20	21	20
44	1	22	90.3173309083106	30.942286973779	65.9006195218099	62.0639722818008	21	21	22
45	1	22	90.3173309083106	30.942286973779	65.9006195218099	65.2312950290562	22	21	19
46	1	22	90.3173309083106	30.942286973779	65.9006195218099	65.9006195218099	21	21	21
47	1	22	90.3173309083106	30.942286973779	65.9006195218099	65.9006195218099	22	21	21
48	1	22	90.3173309083106	30.942286973779	65.9006195218099	65.2312950290562	19	21	19
49	1	22	90.3173309083106	30.942286973779	65.9006195218099	65.9006195218099	21	21	21
50	1	22	90.3173309083106	30.942286973779	65.9006195218099	65.9006195218099	20	21	21
51	1	22	90.3173309083106	30.942286973779	65.9006195218099	64.9958191689709	19	21	21
52	1	22	90.3173309083106	30.942286973779	65.9006195218099	62.8089533772536	25	21	25
53	1	22	90.3173309083106	30.942286973779	65.9006195218099	62.8089533772536	25	21	25
54	1	22	90.3173309083106	30.942286973779	65.9006195218099	65.9006195218099	21	21	21
55	1	22	90.3173309083106	30.942286973779	65.9006195218099	65.9006195218099	20	21	21
56	1	22	90.3173309083106	30.942286973779	65.9006195218099	65.9006195218099	21	21	21
57	1	22	90.3173309083106	30.942286973779	65.9006195218099	65.9006195218099	21	21	42
58	1	22	90.3173309083106	30.942286973779	65.9006195218099	65.9006195218099	21	21	63
59	1	22	90.3173309083106	30.942286973779	65.9006195218099	65.9006195218099	21	21	63
60	1	22	90.3173309083106	30.942286973779	65.9006195218099	65.9006195218099	21	21	63
61	1	22	90.3173309083106	30.942286973779	65.9006195218099	65.9006195218099	21	21	42
62	1	22	90.3173309083106	30.942286973779	65.9006195218099	65.9006195218099	21	21	63
63	1	22	90.3173309083106	30.942286973779	65.9006195218099	65.9006195218099	21	21	63
64	1	22	90.3173309083106	30.942286973779	65.9006195218099	65.9006195218099	21	21	63
65	1	22	90.3173309083106	30.942286973779	65.9006195218099	65.9006195218099	20	21	63
66	1	22	90.3173309083106	30.942286973779	65.9006195218099	65.9006195218099	24	21	42
67	1	22	90.3173309083106	30.942286973779	65.9006195218099	65.9006195218099	21	21	21
68	1	22	90.3173309083106	30.942286973779	65.9006195218099	65.9006195218099	20	21	63
69	1	22	90.3173309083106	30.942286973779	65.9006195218099	65.9006195218099	21	21	21
70	1	22	90.3173309083106	30.942286973779	65.9006195218099	65.9006195218099	23	21	84
71	1	22	90.3173309083106	30.942286973779	65.9006195218099	65.9006195218099	21	21	63
72	1	22	90.3173309083106	30.942286973779	65.9006195218099	65.9006195218099	21	21	63
73	1	22	90.3173309083106	30.942286973779	65.9006195218099	65.9006195218099	21	21	84
74	1	22	90.3173309083106	30.942286973779	65.9006195218099	65.9006195218099	21	21	84
75	1	22	90.3173309083106	30.942286973779	65.9006195218099	65.9006195218099	21	21	84
76	1	22	90.3173309083106	30.942286973779	65.9006195218099	65.9006195218099	21	21	63
77	1	22	90.3173309083106	30.942286973779	65.9006195218099	65.9006195218099	21	21	84
78	1	22	90.3173309083106	30.942286973779	65.9006195218099	65.9006195218099	21	21	84
79	1	22	91.9234174832457	31.8082564916349	66.8212280127343	66.8212280127343	21	22	22
80	1	22	91.9234174832457	31.8082564916349	66.8212280127343	65.9006195218099	21	22	105
81	1	22	91.9234174832457	31.8082564916349	66.8212280127343	65.9006195218099	23	22	63
82	1	22	91.9234174832457	31.8082564916349	66.8212280127343	65.9006195218099	21	22	21
83	1	22	91.9234174832457	31.8082564916349	66.8212280127343	65.9006195218099	21	22	105
84	1	22	91.9234174832457	31.8082564916349	66.8212280127343	65.9006195218099	21	22	63
85	1	22	91.9234174832457	31.8082564916349	66.8212280127343	65.9006195218099	22	22	63
86	1	22	91.9234174832457	31.8082564916349	66.8212280127343	65.9006195218099	21	22	21
87	1	22	91.9234174832457	31.8082564916349	66.8212280127343	65.9006195218099	21	22	63
88	1	22	91.9234174832457	31.8082564916349	66.8212280127343	65.9006195218099	21	22	63
89	1	22	91.9234174832457	31.8082564916349	66.8212280127343	66.8212280127343	22	22	22
90	1	22	91.9234174832457	31.8082564916349	66.8212280127343	66.8212280127343	22	22	22
91	1	22	91.9234174832457	31.8082564916349	66.8212280127343	66.8212280127343	23	22	22
92	1	22	91.9234174832457	31.8082564916349	66.8212280127343	65.9006195218099	21	22	21
93	1	22	91.9234174832457	31.8082564916349	66.8212280127343	66.8212280127343	22	22	22
94	1	22	91.9234174832457	31.8082564916349	66.8212280127343	66.8212280127343	22	22	22
95	1	22	91.9234174832457	31.8082564916349	66.8212280127343	66.8212280127343	23	22	22
96	1	22	91.9234174832457	31.8082564916349	66.8212280127343	65.9006195218099	21	22	21
97	1	22	91.9234174832457	31.8082564916349	66.8212280127343	65.9006195218099	21	22	21
98	1	22	91.9234174832457	31.8082564916349	66.8212280127343	66.8212280127343	22	22	22
99	1	22	91.9234174832457	31.8082564916349	66.8212280127343	66.8212280127343	22	22	22
100	1	22	91.9234174832457	31.8082564916349	66.8212280127343	66.8212280127343	23	22	22
101	1	22	91.9234174832457	31.8082564916349	66.8212280127343	65.9006195218099	21	22	21
102	1	22	91.9234174832457	31.8082564916349	66.8212280127343	65.9006195218099	21	22	21
103	1	22	91.9234174832457	31.8082564916349	66.8212280127343	65.9006195218099	21	22	21
104	1	22	91.9234174832457	31.8082564916349	66.8212280127343	65.9006195218099	21	22	21
105	1	22	91.9234174832457	31.8082564916349	66.8212280127343	65.9006195218099	21	22	21
106	1	22	91.9234174832457	31.8082564916349	66.8212280127343	66.8212280127343	23	22	22
107	1	22	91.9234174832457	31.8082564916349	66.8212280127343	65.9006195218099	22	22	21
108	1	22	91.9234174832457	31.8082564916349	66.8212280127343	66.8212280127343	22	22	22
109	1	22	91.9234174832457	31.8082564916349	66.8212280127343	66.8212280127343	22	22	22
110	1	22	91.9234174832457	31.8082564916349	66.8212280127343	66.8212280127343	22	22	22
111	1	22	91.9234174832457	31.8082564916349	66.8212280127343	66.8212280127343	21	22	44
112	1	22	91.9234174832457	31.8082564916349	66.8212280127343	66.8212280127343	22	22	22
113	1	8	87.0696677249628	26.4648073068669	67.0963301233597	67.0963301233597	15	15	15
114	1	8	87.0696677249628	26.4648073068669	67.0963301233597	67.0963301233597	15	15	15
115	1	8	87.0696677249628	26.4648073068669	67.0963301233597	67.0963301233597	14	15	15
116	1	8	87.0696677249628	26.4648073068669	67.0963301233597	66.9617066718718	21	15	23
117	1	8	87.0696677249628	26.4648073068669	67.0963301233597	66.8212280127343	22	15	22
118	1	8	87.0696677249628	26.4648073068669	67.0963301233597	66.8212280127343	22	15	22
119	1	8	87.0696677249628	26.4648073068669	67.0963301233597	66.8212280127343	22	15	22
120	1	8	87.0696677249628	26.4648073068669	67.0963301233597	66.8212280127343	22	15	22
121	1	18	91.6744409374163	32.3935331629894	67.5248019334141	67.5248019334141	20	20	20
122	1	18	91.6744409374163	32.3935331629894	67.5248019334141	67.5248019334141	19	20	20
123	1	18	91.6744409374163	32.3935331629894	67.5248019334141	67.0358249664767	18	20	18
124	1	18	91.6744409374163	32.3935331629894	67.5248019334141	67.5248019334141	20	20	20
125	1	18	91.6744409374163	32.3935331629894	67.5248019334141	67.5248019334141	22	20	20
126	1	18	91.6744409374163	32.3935331629894	67.5248019334141	66.8212280127343	22	20	45
127	1	18	91.6744409374163	32.3935331629894	67.5248019334141	66.8212280127343	22	20	22
128	1	18	91.6744409374163	32.3935331629894	67.5248019334141	67.5248019334141	20	20	20
129	1	18	91.1489611133433	31.4919541907285	67.6729084570531	67.6729084570531	18	18	18
130	1	18	91.1489611133433	31.4919541907285	67.6729084570531	67.6729084570531	20	18	18
131	1	18	91.1489611133433	31.4919541907285	67.6729084570531	67.0971169732553	20	18	20
132	1	18	91.1489611133433	31.4919541907285	67.6729084570531	67.0971169732553	19	18	20
133	1	18	91.1489611133433	31.4919541907285	67.6729084570531	66.8212280127343	22	18	22
134	1	18	91.1489611133433	31.4919541907285	67.6729084570531	67.6729084570531	18	18	18
135	1	18	91.1489611133433	31.4919541907285	67.6729084570531	67.6729084570531	18	18	18
136	1	18	91.1489611133433	31.4919541907285	67.6729084570531	67.6729084570531	18	18	18
137	1	18	91.1489611133433	31.4919541907285	67.6729084570531	67.6729084570531	18	18	18
138	1	18	91.1489611133433	31.4919541907285	67.6729084570531	67.6729084570531	18	18	18
139	1	18	91.1489611133433	31.4919541907285	67.6729084570531	67.6729084570531	18	18	18
140	1	18	91.1489611133433	31.4919541907285	67.6729084570531	67.6729084570531	18	18	18
141	1	18	91.1489611133433	31.4919541907285	67.6729084570531	67.6729084570531	18	18	18
142	1	18	91.1489611133433	31.4919541907285	67.6729084570531	67.6729084570531	20	18	36
143	1	18	91.1489611133433	31.4919541907285	67.6729084570531	67.6729084570531	18	18	36
144	1	18	91.1489611133433	31.4919541907285	67.6729084570531	67.6729084570531	18	18	36
145	1	18	91.1489611133433	31.4919541907285	67.6729084570531	67.6729084570531	19	18	54
146	1	18	91.1489611133433	31.4919541907285	67.6729084570531	67.6729084570531	18	18	36
147	1	18	91.1489611133433	31.4919541907285	67.6729084570531	67.6729084570531	18	18	54
148	1	18	91.1489611133433	31.4919541907285	67.6729084570531	67.6729084570531	18	18	54
149	1	18	91.1489611133433	31.4919541907285	67.6729084570531	67.6729084570531	18	18	54
150	1	18	91.1489611133433	31.4919541907285	67.6729084570531	67.6729084570531	19	18	72
151	1	18	91.1489611133433	31.4919541907285	67.6729084570531	67.6729084570531	18	18	18
152	1	18	91.1489611133433	31.4919541907285	67.6729084570531	67.6729084570531	18	18	18
153	1	18	91.1489611133433	31.4919541907285	67.6729084570531	67.6729084570531	18	18	18
154	1	18	91.1489611133433	31.4919541907285	67.6729084570531	67.6729084570531	18	18	18
155	1	18	91.1489611133433	31.4919541907285	67.6729084570531	67.6729084570531	18	18	18
156	1	9	90.6488251153343	28.7591781407062	68.0551941380065	68.0551941380065	17	17	17
157	1	9	90.6488251153343	28.7591781407062	68.0551941380065	68.0551941380065	17	17	17
158	1	9	90.6488251153343	28.7591781407062	68.0551941380065	68.0551941380065	17	17	17
159	1	9	90.6488251153343	28.7591781407062	68.0551941380065	68.0551941380065	17	17	17
160	1	16	90.9610648246844	29.523615109468	68.9598235974412	68.9598235974412	21	16	16
161	1	16	90.9610648246844	29.523615109468	68.9598235974412	67.6729084570531	18	16	18
162	1	16	90.9610648246844	29.523615109468	68.9598235974412	67.6729084570531	18	16	54
163	1	16	90.9610648246844	29.523615109468	68.9598235974412	68.0312003690982	18	16	18
164	1	16	90.9610648246844	29.523615109468	68.9598235974412	68.0312003690982	17	16	18
165	1	16	90.9610648246844	29.523615109468	68.9598235974412	68.9598235974412	16	16	16
166	1	16	90.9610648246844	29.523615109468	68.9598235974412	67.5248019334141	18	16	18
167	1	16	90.9610648246844	29.523615109468	68.9598235974412	67.0358249664767	16	16	17
168	1	16	90.9610648246844	29.523615109468	68.9598235974412	68.9598235974412	16	16	16
169	1	16	90.9610648246844	29.523615109468	68.9598235974412	68.9598235974412	16	16	16
170	1	16	90.9610648246844	29.523615109468	68.9598235974412	68.9598235974412	18	16	16
171	1	16	90.9610648246844	29.523615109468	68.9598235974412	68.9598235974412	16	16	16
172	1	16	90.9610648246844	29.523615109468	68.9598235974412	68.9598235974412	16	16	16
173	1	16	90.9610648246844	29.523615109468	68.9598235974412	68.9598235974412	16	16	16
174	1	16	90.9610648246844	29.523615109468	68.9598235974412	68.9598235974412	16	16	16
175	1	16	90.9610648246844	29.523615109468	68.9598235974412	68.9598235974412	17	16	16
176	1	16	90.9610648246844	29.523615109468	68.9598235974412	68.9598235974412	16	16	16
177	1	16	90.9610648246844	29.523615109468	68.9598235974412	68.9598235974412	16	16	32
178	1	16	90.9610648246844	29.523615109468	68.9598235974412	68.9598235974412	16	16	32
179	1	16	90.9610648246844	29.523615109468	68.9598235974412	68.9598235974412	16	16	32
180	1	16	90.9610648246844	29.523615109468	68.9598235974412	68.9598235974412	16	16	32
181	1	16	90.9610648246844	29.523615109468	68.9598235974412	66.8212280127343	22	16	22
182	1	16	90.9610648246844	29.523615109468	68.9598235974412	68.9598235974412	18	16	32
183	1	16	90.9610648246844	29.523615109468	68.9598235974412	68.9598235974412	16	16	16
184	1	16	90.9610648246844	29.523615109468	68.9598235974412	68.9598235974412	16	16	32
185	1	16	90.9610648246844	29.523615109468	68.9598235974412	68.9598235974412	16	16	48
186	1	16	90.9610648246844	29.523615109468	68.9598235974412	68.9598235974412	16	16	16
187	1	16	90.9610648246844	29.523615109468	68.9598235974412	68.9598235974412	16	16	32
188	1	16	90.9610648246844	29.523615109468	68.9598235974412	68.9598235974412	16	16	32
189	1	16	90.9610648246844	29.523615109468	68.9598235974412	68.9598235974412	16	16	32
190	1	16	90.9610648246844	29.523615109468	68.9598235974412	68.9598235974412	16	16	32
191	1	16	90.9610648246844	29.523615109468	68.9598235974412	68.9598235974412	16	16	32
192	1	16	90.9610648246844	29.523615109468	68.9598235974412	68.9598235974412	16	16	48
193	1	16	90.9610648246844	29.523615109468	68.9598235974412	68.9598235974412	16	16	48
194	1	16	90.9610648246844	29.523615109468	68.9598235974412	68.9598235974412	16	16	48
195	1	16	90.9610648246844	29.523615109468	68.9598235974412	68.9598235974412	16	16	48
196	1	16	90.9610648246844	29.523615109468	68.9598235974412	68.9598235974412	16	16	32
197	1	16	90.9610648246844	29.523615109468	68.9598235974412	68.9598235974412	16	16	48
198	1	16	90.9610648246844	29.523615109468	68.9598235974412	68.9598235974412	16	16	48
199	1	16	90.9610648246844	29.523615109468	68.9598235974412	68.9598235974412	16	16	64
200	1	16	90.9610648246844	29.523615109468	68.9598235974412	68.9598235974412	14	16	64
201	1	16	90.9610648246844	29.523615109468	68.9598235974412	68.9598235974412	16	16	32
202	1	16	90.9610648246844	29.523615109468	68.9598235974412	68.9598235974412	16	16	48
203	1	16	90.9610648246844	29.523615109468	68.9598235974412	68.9598235974412	16	16	48
204	1	16	90.9610648246844	29.523615109468	68.9598235974412	68.9598235974412	17	16	48
205	1	16	90.9610648246844	29.523615109468	68.9598235974412	68.9598235974412	16	16	32
206	1	16	90.9610648246844	29.523615109468	68.9598235974412	68.9598235974412	16	16	48
207	1	16	90.9610648246844	29.523615109468	68.9598235974412	68.9598235974412	12	16	64
208	1	16	90.9610648246844	29.523615109468	68.9598235974412	68.9598235974412	16	16	48
209	1	16	90.9610648246844	29.523615109468	68.9598235974412	68.9598235974412	16	16	48
210	1	16	90.9610648246844	29.523615109468	68.9598235974412	68.9598235974412	16	16	48
211	1	16	90.9610648246844	29.523615109468	68.9598235974412	68.9598235974412	16	16	64
212	1	16	90.9610648246844	29.523615109468	68.9598235974412	68.9598235974412	16	16	64
213	1	16	90.9610648246844	29.523615109468	68.9598235974412	68.9598235974412	16	16	80
214	1	16	90.9610648246844	29.523615109468	68.9598235974412	68.9598235974412	16	16	80
215	1	16	90.9610648246844	29.523615109468	68.9598235974412	68.9598235974412	16	16	80
216	1	16	90.9610648246844	29.523615109468	68.9598235974412	68.9598235974412	16	16	64
217	1	16	90.9610648246844	29.523615109468	68.9598235974412	68.9598235974412	16	16	64
218	1	16	90.9610648246844	29.523615109468	68.9598235974412	68.9598235974412	16	16	64
219	1	16	90.9610648246844	29.523615109468	68.9598235974412	68.9598235974412	16	16	64
220	1	16	90.9610648246844	29.523615109468	68.9598235974412	68.9598235974412	13	16	64
221	1	16	90.9610648246844	29.523615109468	68.9598235974412	68.9598235974412	16	16	48
222	1	16	90.9610648246844	29.523615109468	68.9598235974412	68.9598235974412	16	16	48
223	1	16	90.9610648246844	29.523615109468	68.9598235974412	68.9598235974412	16	16	64
224	1	16	90.9610648246844	29.523615109468	68.9598235974412	68.9598235974412	16	16	64
225	1	16	90.9610648246844	29.523615109468	68.9598235974412	68.9598235974412	16	16	64
226	1	16	90.9610648246844	29.523615109468	68.9598235974412	68.9598235974412	16	16	80
227	1	16	90.9610648246844	29.523615109468	68.9598235974412	68.9598235974412	16	16	80
228	1	16	90.9610648246844	29.523615109468	68.9598235974412	68.9598235974412	16	16	80
229	1	16	90.9610648246844	29.523615109468	68.9598235974412	68.9598235974412	16	16	80
230	1	16	90.9610648246844	29.523615109468	68.9598235974412	68.9598235974412	16	16	80
231	1	16	90.9610648246844	29.523615109468	68.9598235974412	68.9598235974412	16	16	64
232	1	16	90.9610648246844	29.523615109468	68.9598235974412	68.9598235974412	16	16	64
233	1	16	90.9610648246844	29.523615109468	68.9598235974412	68.9598235974412	16	16	64
234	1	16	90.9610648246844	29.523615109468	68.9598235974412	68.9598235974412	16	16	80
235	1	16	90.9610648246844	29.523615109468	68.9598235974412	68.9598235974412	16	16	80
236	1	16	90.9610648246844	29.523615109468	68.9598235974412	68.9598235974412	16	16	64
237	1	16	90.9610648246844	29.523615109468	68.9598235974412	68.9598235974412	17	16	64
238	1	16	90.9610648246844	29.523615109468	68.9598235974412	68.9598235974412	16	16	48
239	1	16	90.9610648246844	29.523615109468	68.9598235974412	68.9598235974412	16	16	80
240	1	16	90.9610648246844	29.523615109468	68.9598235974412	68.9598235974412	16	16	80
241	1	16	90.9610648246844	29.523615109468	68.9598235974412	68.9598235974412	14	16	64
242	1	16	90.9610648246844	29.523615109468	68.9598235974412	68.9598235974412	16	16	64
243	1	16	90.9610648246844	29.523615109468	68.9598235974412	68.9598235974412	16	16	64
244	1	16	90.9610648246844	29.523615109468	68.9598235974412	68.9598235974412	16	16	64
245	1	16	90.9610648246844	29.523615109468	68.9598235974412	68.9598235974412	16	16	64
246	1	16	90.9610648246844	29.523615109468	68.9598235974412	68.9598235974412	16	16	64
247	1	16	90.9610648246844	29.523615109468	68.9598235974412	68.9598235974412	16	16	64
248	1	16	90.9610648246844	29.523615109468	68.9598235974412	68.9598235974412	16	16	80
249	1	16	90.9610648246844	29.523615109468	68.9598235974412	68.9598235974412	16	16	80
250	1	16	90.9610648246844	29.523615109468	68.9598235974412	68.9598235974412	15	16	80
251	1	16	90.9610648246844	29.523615109468	68.9598235974412	68.9598235974412	16	16	64
252	1	16	90.9610648246844	29.523615109468	68.9598235974412	68.9598235974412	16	16	80
253	1	16	90.9610648246844	29.523615109468	68.9598235974412	68.9598235974412	16	16	80
254	1	16	90.9610648246844	29.523615109468	68.9598235974412	68.9598235974412	16	16	96
255	1	16	90.9610648246844	29.523615109468	68.9598235974412	68.9598235974412	15	16	96
256	1	16	90.9610648246844	29.523615109468	68.9598235974412	68.9598235974412	16	16	64
257	1	16	90.9610648246844	29.523615109468	68.9598235974412	68.9598235974412	16	16	80
258	1	16	90.9610648246844	29.523615109468	68.9598235974412	68.9598235974412	16	16	96
259	1	16	90.9610648246844	29.523615109468	68.9598235974412	68.9598235974412	16	16	96
260	1	16	90.9610648246844	29.523615109468	68.9598235974412	68.9598235974412	15	16	96
261	1	16	90.9610648246844	29.523615109468	68.9598235974412	68.9598235974412	16	16	64
262	1	16	90.9610648246844	29.523615109468	68.9598235974412	68.9598235974412	16	16	80
263	1	16	90.9610648246844	29.523615109468	68.9598235974412	68.9598235974412	16	16	80
264	1	16	90.9610648246844	29.523615109468	68.9598235974412	68.9598235974412	16	16	80
265	1	16	90.9610648246844	29.523615109468	68.9598235974412	68.9598235974412	16	16	80
266	1	16	90.9610648246844	29.523615109468	68.9598235974412	68.9598235974412	16	16	80
267	1	16	90.9610648246844	29.523615109468	68.9598235974412	68.9598235974412	16	16	80
268	1	16	90.9610648246844	29.523615109468	68.9598235974412	68.9598235974412	16	16	96
269	1	16	90.9610648246844	29.523615109468	68.9598235974412	68.9598235974412	16	16	96
270	1	16	90.9610648246844	29.523615109468	68.9598235974412	68.9598235974412	16	16	96
271	1	16	90.9610648246844	29.523615109468	68.9598235974412	68.9598235974412	16	16	96
272	1	16	90.9610648246844	29.523615109468	68.9598235974412	68.9598235974412	16	16	96
273	1	16	90.9610648246844	29.523615109468	68.9598235974412	68.9598235974412	16	16	96
274	1	16	90.9610648246844	29.523615109468	68.9598235974412	68.9598235974412	16	16	96
275	1	16	90.9610648246844	29.523615109468	68.9598235974412	68.9598235974412	14	16	96
276	1	16	90.9610648246844	29.523615109468	68.9598235974412	68.9598235974412	16	16	80
277	1	16	90.9610648246844	29.523615109468	68.9598235974412	68.9598235974412	16	16	80
278	1	16	90.9610648246844	29.523615109468	68.9598235974412	68.9598235974412	16	16	80
279	1	16	90.9610648246844	29.523615109468	68.9598235974412	68.9598235974412	16	16	80
280	1	16	90.9610648246844	29.523615109468	68.9598235974412	68.9598235974412	16	16	96
281	1	16	90.9610648246844	29.523615109468	68.9598235974412	68.9598235974412	16	16	96
282	1	16	90.9610648246844	29.523615109468	68.9598235974412	68.9598235974412	16	16	96
283	1	16	90.9610648246844	29.523615109468	68.9598235974412	68.9598235974412	16	16	96
284	1	16	90.9610648246844	29.523615109468	68.9598235974412	68.9598235974412	16	16	96
285	1	16	90.9610648246844	29.523615109468	68.9598235974412	68.9598235974412	16	16	96
286	1	16	90.9610648246844	29.523615109468	68.9598235974412	68.9598235974412	16	16	96
287	1	16	90.9610648246844	29.523615109468	68.9598235974412	68.9598235974412	16	16	112
288	1	16	90.9610648246844	29.523615109468	68.9598235974412	68.9598235974412	16	16	112
289	1	16	90.9610648246844	29.523615109468	68.9598235974412	68.9598235974412	16	16	112
290	1	16	90.9610648246844	29.523615109468	68.9598235974412	68.9598235974412	16	16	112
291	1	16	90.9610648246844	29.523615109468	68.9598235974412	68.9598235974412	16	16	96
292	1	16	90.9610648246844	29.523615109468	68.9598235974412	68.9598235974412	16	16	96
293	1	16	90.9610648246844	29.523615109468	68.9598235974412	68.9598235974412	16	16	96
294	1	16	90.9610648246844	29.523615109468	68.9598235974412	68.9598235974412	16	16	96
295	1	16	90.9610648246844	29.523615109468	68.9598235974412	68.9598235974412	15	16	96
296	1	16	90.9610648246844	29.523615109468	68.9598235974412	68.9598235974412	16	16	80
297	1	16	90.9610648246844	29.523615109468	68.9598235974412	68.9598235974412	16	16	80
298	1	16	90.9610648246844	29.523615109468	68.9598235974412	68.9598235974412	16	16	80
299	1	16	90.9610648246844	29.523615109468	68.9598235974412	68.9598235974412	16	16	80
300	1	16	90.9610648246844	29.523615109468	68.9598235974412	68.9598235974412	16	16	80
301	1	16	90.9610648246844	29.523615109468	68.9598235974412	68.9598235974412	16	16	80
302	1	16	90.9610648246844	29.523615109468	68.9598235974412	68.9598235974412	16	16	80
303	1	16	90.9610648246844	29.523615109468	68.9598235974412	68.9598235974412	16	16	96
304	1	16	90.9610648246844	29.523615109468	68.9598235974412	68.9598235974412	16	16	96
305	1	16	90.9610648246844	29.523615109468	68.9598235974412	68.9598235974412	13	16	96
306	1	16	90.9610648246844	29.523615109468	68.9598235974412	68.9598235974412	16	16	80
307	1	16	90.9610648246844	29.523615109468	68.9598235974412	68.9598235974412	16	16	96
308	1	16	90.9610648246844	29.523615109468	68.9598235974412	68.9598235974412	16	16	96
309	1	16	90.9610648246844	29.523615109468	68.9598235974412	68.9598235974412	16	16	96
310	1	16	90.9610648246844	29.523615109468	68.9598235974412	68.9598235974412	15	16	96
311	1	16	90.9610648246844	29.523615109468	68.9598235974412	68.9598235974412	16	16	80
312	1	16	90.9610648246844	29.523615109468	68.9598235974412	68.9598235974412	16	16	80
313	1	16	90.9610648246844	29.523615109468	68.9598235974412	68.9598235974412	16	16	96
314	1	16	90.9610648246844	29.523615109468	68.9598235974412	68.9598235974412	16	16	96
315	1	16	90.9610648246844	29.523615109468	68.9598235974412	68.9598235974412	16	16	96
316	1	16	90.9610648246844	29.523615109468	68.9598235974412	68.9598235974412	14	16	96
317	1	16	90.9610648246844	29.523615109468	68.9598235974412	68.9598235974412	16	16	80
318	1	16	90.9610648246844	29.523615109468	68.9598235974412	68.9598235974412	16	16	80
319	1	16	90.9610648246844	29.523615109468	68.9598235974412	68.9598235974412	16	16	80
320	1	16	90.9610648246844	29.523615109468	68.9598235974412	68.9598235974412	16	16	80
321	1	16	90.9610648246844	29.523615109468	68.9598235974412	68.9598235974412	16	16	80
322	1	16	90.9610648246844	29.523615109468	68.9598235974412	68.9598235974412	16	16	80
323	1	16	90.9610648246844	29.523615109468	68.9598235974412	68.9598235974412	16	16	80
324	1	16	90.9610648246844	29.523615109468	68.9598235974412	68.9598235974412	16	16	96
325	1	16	90.9610648246844	29.523615109468	68.9598235974412	68.9598235974412	15	16	96
326	1	16	90.9610648246844	29.523615109468	68.9598235974412	68.9598235974412	16	16	80
327	1	16	90.9610648246844	29.523615109468	68.9598235974412	68.9598235974412	16	16	96
328	1	16	90.9610648246844	29.523615109468	68.9598235974412	68.9598235974412	16	16	96
329	1	16	90.9610648246844	29.523615109468	68.9598235974412	68.9598235974412	16	16	96
330	1	16	90.9610648246844	29.523615109468	68.9598235974412	68.9598235974412	15	16	96
331	1	16	90.9610648246844	29.523615109468	68.9598235974412	68.9598235974412	16	16	80
332	1	16	90.9610648246844	29.523615109468	68.9598235974412	68.9598235974412	16	16	80
333	1	16	90.9610648246844	29.523615109468	68.9598235974412	68.9598235974412	16	16	80
334	1	16	90.9610648246844	29.523615109468	68.9598235974412	68.9598235974412	16	16	96
335	1	16	90.9610648246844	29.523615109468	68.9598235974412	68.9598235974412	16	16	96
336	1	16	90.9610648246844	29.523615109468	68.9598235974412	68.9598235974412	15	16	96
337	1	16	90.9610648246844	29.523615109468	68.9598235974412	68.9598235974412	16	16	80
338	1	16	90.9610648246844	29.523615109468	68.9598235974412	68.9598235974412	16	16	96
339	1	16	90.9610648246844	29.523615109468	68.9598235974412	68.9598235974412	16	16	96
340	1	16	90.9610648246844	29.523615109468	68.9598235974412	68.9598235974412	16	16	96
341	1	16	90.9610648246844	29.523615109468	68.9598235974412	68.9598235974412	16	16	96
342	1	16	90.9610648246844	29.523615109468	68.9598235974412	68.9598235974412	16	16	96
343	1	16	90.9610648246844	29.523615109468	68.9598235974412	68.9598235974412	16	16	96
344	1	16	90.9610648246844	29.523615109468	68.9598235974412	68.9598235974412	16	16	96
345	1	16	90.9610648246844	29.523615109468	68.9598235974412	68.9598235974412	16	16	96
346	1	16	90.9610648246844	29.523615109468	68.9598235974412	68.9598235974412	16	16	96
347	1	16	90.9610648246844	29.523615109468	68.9598235974412	68.9598235974412	16	16	96
348	1	16	90.9610648246844	29.523615109468	68.9598235974412	68.9598235974412	16	16	96
349	1	16	90.9610648246844	29.523615109468	68.9598235974412	68.9598235974412	16	16	96
350	1	16	90.9610648246844	29.523615109468	68.9598235974412	68.9598235974412	15	16	96
351	1	16	90.9610648246844	29.523615109468	68.9598235974412	68.9598235974412	16	16	80
352	1	16	90.9610648246844	29.523615109468	68.9598235974412	68.9598235974412	16	16	80
353	1	16	90.9610648246844	29.523615109468	68.9598235974412	68.9598235974412	16	16	80
354	1	16	90.9610648246844	29.523615109468	68.9598235974412	68.9598235974412	16	16	80
355	1	16	90.9610648246844	29.523615109468	68.9598235974412	68.9598235974412	16	16	80
356	1	16	90.9610648246844	29.523615109468	68.9598235974412	68.9598235974412	16	16	80
357	1	16	90.9610648246844	29.523615109468	68.9598235974412	68.9598235974412	16	16	80
358	1	16	90.9610648246844	29.523615109468	68.9598235974412	68.9598235974412	16	16	96
359	1	16	90.9610648246844	29.523615109468	68.9598235974412	68.9598235974412	16	16	96
360	1	16	90.9610648246844	29.523615109468	68.9598235974412	68.9598235974412	15	16	96
361	1	16	90.9610648246844	29.523615109468	68.9598235974412	68.9598235974412	16	16	80
362	1	16	90.9610648246844	29.523615109468	68.9598235974412	68.9598235974412	16	16	96
363	1	16	90.9610648246844	29.523615109468	68.9598235974412	68.9598235974412	16	16	96
364	1	16	90.9610648246844	29.523615109468	68.9598235974412	68.9598235974412	16	16	96
365	1	16	90.9610648246844	29.523615109468	68.9598235974412	68.9598235974412	14	16	96
366	1	16	90.9610648246844	29.523615109468	68.9598235974412	68.9598235974412	16	16	80
367	1	16	90.9610648246844	29.523615109468	68.9598235974412	68.9598235974412	16	16	80
368	1	16	90.9610648246844	29.523615109468	68.9598235974412	68.9598235974412	16	16	96
369	1	16	90.9610648246844	29.523615109468	68.9598235974412	68.9598235974412	16	16	96
370	1	16	90.9610648246844	29.523615109468	68.9598235974412	68.9598235974412	15	16	96
371	1	16	90.9610648246844	29.523615109468	68.9598235974412	68.9598235974412	16	16	80
372	1	16	90.9610648246844	29.523615109468	68.9598235974412	68.9598235974412	16	16	80
373	1	16	90.9610648246844	29.523615109468	68.9598235974412	68.9598235974412	16	16	80
374	1	16	90.9610648246844	29.523615109468	68.9598235974412	68.9598235974412	16	16	80
375	1	16	90.9610648246844	29.523615109468	68.9598235974412	68.9598235974412	16	16	80
376	1	16	90.9610648246844	29.523615109468	68.9598235974412	68.9598235974412	16	16	80
377	1	16	90.9610648246844	29.523615109468	68.9598235974412	68.9598235974412	16	16	80
378	1	16	90.9610648246844	29.523615109468	68.9598235974412	68.9598235974412	16	16	96
379	1	16	90.9610648246844	29.523615109468	68.9598235974412	68.9598235974412	16	16	96
380	1	16	90.9610648246844	29.523615109468	68.9598235974412	68.9598235974412	15	16	96
381	1	16	90.9610648246844	29.523615109468	68.9598235974412	68.9598235974412	16	16	80
382	1	16	90.9610648246844	29.523615109468	68.9598235974412	68.9598235974412	16	16	96
383	1	16	90.9610648246844	29.523615109468	68.9598235974412	68.9598235974412	16	16	96
384	1	16	90.9610648246844	29.523615109468	68.9598235974412	68.9598235974412	16	16	96
385	1	16	90.9610648246844	29.523615109468	68.9598235974412	68.9598235974412	15	16	96
386	1	16	90.9610648246844	29.523615109468	68.9598235974412	68.9598235974412	16	16	80
387	1	16	90.9610648246844	29.523615109468	68.9598235974412	68.9598235974412	16	16	80
388	1	16	90.9610648246844	29.523615109468	68.9598235974412	68.9598235974412	16	16	96
389	1	16	90.9610648246844	29.523615109468	68.9598235974412	68.9598235974412	16	16	96
390	1	16	90.9610648246844	29.523615109468	68.9598235974412	68.9598235974412	16	16	96
391	1	16	90.9610648246844	29.523615109468	68.9598235974412	68.9598235974412	15	16	96
392	1	16	90.9610648246844	29.523615109468	68.9598235974412	68.9598235974412	16	16	80
393	1	16	90.9610648246844	29.523615109468	68.9598235974412	68.9598235974412	16	16	96
394	1	16	90.9610648246844	29.523615109468	68.9598235974412	68.9598235974412	16	16	96
395	1	16	90.9610648246844	29.523615109468	68.9598235974412	68.9598235974412	16	16	96
396	1	16	90.9610648246844	29.523615109468	68.9598235974412	68.9598235974412	16	16	96
397	1	16	90.9610648246844	29.523615109468	68.9598235974412	68.9598235974412	16	16	96
398	1	16	90.9610648246844	29.523615109468	68.9598235974412	68.9598235974412	16	16	96
399	1	16	90.9610648246844	29.523615109468	68.9598235974412	68.9598235974412	16	16	96
400	1	16	90.9610648246844	29.523615109468	68.9598235974412	68.9598235974412	16	16	96
401	1	16	90.9610648246844	29.523615109468	68.9598235974412	68.9598235974412	16	16	96
402	1	16	90.9610648246844	29.523615109468	68.9598235974412	68.9598235974412	16	16	96
403	1	16	90.9610648246844	29.523615109468	68.9598235974412	68.9598235974412	16	16	96
404	1	16	90.9610648246844	29.523615109468	68.9598235974412	68.9598235974412	16	16	96
405	1	16	90.9610648246844	29.523615109468	68.9598235974412	68.9598235974412	16	16	96
406	1	16	90.9610648246844	29.523615109468	68.9598235974412	68.9598235974412	14	16	96
407	1	16	90.9610648246844	29.523615109468	68.9598235974412	68.9598235974412	16	16	80
408	1	16	90.9610648246844	29.523615109468	68.9598235974412	68.9598235974412	16	16	80
409	1	16	90.9610648246844	29.523615109468	68.9598235974412	68.9598235974412	16	16	80
410	1	16	90.9610648246844	29.523615109468	68.9598235974412	68.9598235974412	16	16	80
411	1	16	90.9610648246844	29.523615109468	68.9598235974412	68.9598235974412	16	16	80
412	1	16	90.9610648246844	29.523615109468	68.9598235974412	68.9598235974412	16	16	80
413	1	16	90.9610648246844	29.523615109468	68.9598235974412	68.9598235974412	16	16	96
414	1	16	90.9610648246844	29.523615109468	68.9598235974412	68.9598235974412	16	16	96
415	1	16	90.9610648246844	29.523615109468	68.9598235974412	68.9598235974412	15	16	96
416	1	16	90.9610648246844	29.523615109468	68.9598235974412	68.9598235974412	16	16	80
417	1	16	90.9610648246844	29.523615109468	68.9598235974412	68.9598235974412	16	16	96
418	1	16	90.9610648246844	29.523615109468	68.9598235974412	68.9598235974412	16	16	96
419	1	16	90.9610648246844	29.523615109468	68.9598235974412	68.9598235974412	16	16	96
420	1	16	90.9610648246844	29.523615109468	68.9598235974412	68.9598235974412	15	16	96
421	1	16	90.9610648246844	29.523615109468	68.9598235974412	68.9598235974412	16	16	80
422	1	16	90.9610648246844	29.523615109468	68.9598235974412	68.9598235974412	16	16	80
423	1	16	90.9610648246844	29.523615109468	68.9598235974412	68.9598235974412	16	16	96
424	1	16	90.9610648246844	29.523615109468	68.9598235974412	68.9598235974412	16	16	96
425	1	16	90.9610648246844	29.523615109468	68.9598235974412	68.9598235974412	15	16	96
426	1	16	90.9610648246844	29.523615109468	68.9598235974412	68.9598235974412	16	16	80
427	1	16	90.9610648246844	29.523615109468	68.9598235974412	68.9598235974412	16	16	80
428	1	16	90.9610648246844	29.523615109468	68.9598235974412	68.9598235974412	16	16	80
429	1	16	90.9610648246844	29.523615109468	68.9598235974412	68.9598235974412	16	16	80
430	1	16	90.9610648246844	29.523615109468	68.9598235974412	68.9598235974412	16	16	80
431	1	16	90.9610648246844	29.523615109468	68.9598235974412	68.9598235974412	16	16	80
432	1	16	90.9610648246844	29.523615109468	68.9598235974412	68.9598235974412	16	16	80
433	1	16	90.9610648246844	29.523615109468	68.9598235974412	68.9598235974412	16	16	80
434	1	16	90.9610648246844	29.523615109468	68.9598235974412	68.9598235974412	16	16	96
435	1	16	90.9610648246844	29.523615109468	68.9598235974412	68.9598235974412	15	16	96
436	1	16	90.9610648246844	29.523615109468	68.9598235974412	68.9598235974412	16	16	80
437	1	16	90.9610648246844	29.523615109468	68.9598235974412	68.9598235974412	16	16	96
438	1	16	90.9610648246844	29.523615109468	68.9598235974412	68.9598235974412	16	16	96
439	1	16	90.9610648246844	29.523615109468	68.9598235974412	68.9598235974412	16	16	96
440	1	16	90.9610648246844	29.523615109468	68.9598235974412	68.9598235974412	15	16	96
441	1	16	90.9610648246844	29.523615109468	68.9598235974412	68.9598235974412	16	16	80
442	1	16	90.9610648246844	29.523615109468	68.9598235974412	68.9598235974412	16	16	80
443	1	16	90.9610648246844	29.523615109468	68.9598235974412	68.9598235974412	16	16	80
444	1	16	90.9610648246844	29.523615109468	68.9598235974412	68.9598235974412	16	16	80
445	1	16	90.9610648246844	29.523615109468	68.9598235974412	68.9598235974412	16	16	80
446	1	16	90.9610648246844	29.523615109468	68.9598235974412	68.9598235974412	16	16	96
447	1	16	90.9610648246844	29.523615109468	68.9598235974412	68.9598235974412	16	16	96
448	1	16	90.9610648246844	29.523615109468	68.9598235974412	68.9598235974412	16	16	96
449	1	16	90.9610648246844	29.523615109468	68.9598235974412	68.9598235974412	16	16	96
450	1	16	90.9610648246844	29.523615109468	68.9598235974412	68.9598235974412	16	16	96
451	1	16	90.9610648246844	29.523615109468	68.9598235974412	68.9598235974412	16	16	96
452	1	16	90.9610648246844	29.523615109468	68.9598235974412	68.9598235974412	16	16	96
453	1	16	90.9610648246844	29.523615109468	68.9598235974412	68.9598235974412	16	16	96
454	1	16	90.9610648246844	29.523615109468	68.9598235974412	68.9598235974412	16	16	96
455	1	16	90.9610648246844	29.523615109468	68.9598235974412	68.9598235974412	15	16	96
456	1	16	90.9610648246844	29.523615109468	68.9598235974412	68.9598235974412	16	16	80
457	1	16	90.9610648246844	29.523615109468	68.9598235974412	68.9598235974412	16	16	96
458	1	16	90.9610648246844	29.523615109468	68.9598235974412	68.9598235974412	16	16	96
459	1	16	90.9610648246844	29.523615109468	68.9598235974412	68.9598235974412	16	16	96
460	1	16	90.9610648246844	29.523615109468	68.9598235974412	68.9598235974412	16	16	96
461	1	16	90.9610648246844	29.523615109468	68.9598235974412	68.9598235974412	15	16	96
462	1	16	90.9610648246844	29.523615109468	68.9598235974412	68.9598235974412	16	16	80
463	1	16	90.9610648246844	29.523615109468	68.9598235974412	68.9598235974412	16	16	80
464	1	16	90.9610648246844	29.523615109468	68.9598235974412	68.9598235974412	16	16	80
465	1	16	90.9610648246844	29.523615109468	68.9598235974412	68.9598235974412	16	16	96
466	1	16	90.9610648246844	29.523615109468	68.9598235974412	68.9598235974412	16	16	80
467	1	16	90.9610648246844	29.523615109468	68.9598235974412	68.9598235974412	16	16	80
468	1	16	90.9610648246844	29.523615109468	68.9598235974412	68.9598235974412	16	16	112
469	1	16	90.9610648246844	29.523615109468	68.9598235974412	68.9598235974412	16	16	112
470	1	16	90.9610648246844	29.523615109468	68.9598235974412	68.9598235974412	15	16	112
471	1	16	90.9610648246844	29.523615109468	68.9598235974412	68.9598235974412	16	16	80
472	1	16	90.9610648246844	29.523615109468	68.9598235974412	68.9598235974412	16	16	96
473	1	16	90.9610648246844	29.523615109468	68.9598235974412	68.9598235974412	16	16	96
474	1	16	90.9610648246844	29.523615109468	68.9598235974412	68.9598235974412	16	16	96
475	1	16	90.9610648246844	29.523615109468	68.9598235974412	68.9598235974412	15	16	96
476	1	16	90.9610648246844	29.523615109468	68.9598235974412	68.9598235974412	16	16	80
477	1	16	90.9610648246844	29.523615109468	68.9598235974412	68.9598235974412	16	16	80
478	1	16	90.9610648246844	29.523615109468	68.9598235974412	68.9598235974412	16	16	112
479	1	16	90.9610648246844	29.523615109468	68.9598235974412	68.9598235974412	16	16	112
480	1	16	90.9610648246844	29.523615109468	68.9598235974412	68.9598235974412	15	16	112
481	1	16	90.9610648246844	29.523615109468	68.9598235974412	68.9598235974412	16	16	80
482	1	16	90.9610648246844	29.523615109468	68.9598235974412	68.9598235974412	16	16	96
483	1	16	90.9610648246844	29.523615109468	68.9598235974412	68.9598235974412	16	16	96
484	1	16	90.9610648246844	29.523615109468	68.9598235974412	68.9598235974412	16	16	96
485	1	16	90.9610648246844	29.523615109468	68.9598235974412	68.9598235974412	16	16	96
486	1	16	90.9610648246844	29.523615109468	68.9598235974412	68.9598235974412	16	16	80
487	1	16	90.9610648246844	29.523615109468	68.9598235974412	68.9598235974412	16	16	96
488	1	16	90.9610648246844	29.523615109468	68.9598235974412	68.9598235974412	16	16	112
489	1	16	90.9610648246844	29.523615109468	68.9598235974412	68.9598235974412	16	16	112
490	1	16	90.9610648246844	29.523615109468	68.9598235974412	68.9598235974412	14	16	112
491	1	16	90.9610648246844	29.523615109468	68.9598235974412	68.9598235974412	16	16	80
492	1	16	90.9610648246844	29.523615109468	68.9598235974412	68.9598235974412	16	16	80
493	1	16	90.9610648246844	29.523615109468	68.9598235974412	68.9598235974412	16	16	80
494	1	16	90.9610648246844	29.523615109468	68.9598235974412	68.9598235974412	16	16	80
495	1	16	90.9610648246844	29.523615109468	68.9598235974412	68.9598235974412	16	16	96
496	1	16	90.9610648246844	29.523615109468	68.9598235974412	68.9598235974412	16	16	80
497	1	16	90.9610648246844	29.523615109468	68.9598235974412	68.9598235974412	16	16	80
498	1	16	90.9610648246844	29.523615109468	68.9598235974412	68.9598235974412	16	16	112
499	1	16	90.9610648246844	29.523615109468	68.9598235974412	68.9598235974412	16	16	112
500	1	16	90.9610648246844	29.523615109468	68.9598235974412	68.9598235974412	16	16	112
501	1	16	90.9610648246844	29.523615109468	68.9598235974412	68.9598235974412	16	16	96
502	1	16	90.9610648246844	29.523615109468	68.9598235974412	68.9598235974412	16	16	96
503	1	16	90.9610648246844	29.523615109468	68.9598235974412	68.9598235974412	16	16	96
504	1	16	90.9610648246844	29.523615109468	68.9598235974412	68.9598235974412	16	16	96
505	1	16	90.9610648246844	29.523615109468	68.9598235974412	68.9598235974412	16	16	96
506	1	16	90.9610648246844	29.523615109468	68.9598235974412	68.9598235974412	16	16	96
507	1	16	90.9610648246844	29.523615109468	68.9598235974412	68.9598235974412	16	16	112
508	1	16	90.9610648246844	29.523615109468	68.9598235974412	68.9598235974412	16	16	112
509	1	16	90.9610648246844	29.523615109468	68.9598235974412	68.9598235974412	16	16	112
510	1	16	90.9610648246844	29.523615109468	68.9598235974412	68.9598235974412	16	16	112
511	1	16	90.9610648246844	29.523615109468	68.9598235974412	68.9598235974412	16	16	96
512	1	16	90.9610648246844	29.523615109468	68.9598235974412	68.9598235974412	16	16	96
513	1	16	90.9610648246844	29.523615109468	68.9598235974412	68.9598235974412	16	16	96
514	1	16	90.9610648246844	29.523615109468	68.9598235974412	68.9598235974412	16	16	96
515	1	16	90.9610648246844	29.523615109468	68.9598235974412	68.9598235974412	16	16	96
516	1	16	90.9610648246844	29.523615109468	68.9598235974412	68.9598235974412	16	16	96
517	1	16	90.9610648246844	29.523615109468	68.9598235974412	68.9598235974412	16	16	96
518	1	16	90.9610648246844	29.523615109468	68.9598235974412	68.9598235974412	16	16	96
519	1	16	90.9610648246844	29.523615109468	68.9598235974412	68.9598235974412	16	16	96
520	1	16	90.9610648246844	29.523615109468	68.9598235974412	68.9598235974412	16	16	96
521	1	16	90.9610648246844	29.523615109468	68.9598235974412	68.9598235974412	16	16	96
522	1	16	90.9610648246844	29.523615109468	68.9598235974412	68.9598235974412	16	16	96
523	1	16	90.9610648246844	29.523615109468	68.9598235974412	68.9598235974412	16	16	96
524	1	16	90.9610648246844	29.523615109468	68.9598235974412	68.9598235974412	16	16	96
525	1	16	90.9610648246844	29.523615109468	68.9598235974412	68.9598235974412	16	16	96
526	1	16	90.9610648246844	29.523615109468	68.9598235974412	68.9598235974412	16	16	96
527	1	16	90.9610648246844	29.523615109468	68.9598235974412	68.9598235974412	16	16	96
528	1	16	90.9610648246844	29.523615109468	68.9598235974412	68.9598235974412	16	16	96
529	1	16	90.9610648246844	29.523615109468	68.9598235974412	68.9598235974412	16	16	96
530	1	16	90.9610648246844	29.523615109468	68.9598235974412	68.9598235974412	16	16	96
531	1	16	90.9610648246844	29.523615109468	68.9598235974412	68.9598235974412	16	16	96
532	1	16	90.9610648246844	29.523615109468	68.9598235974412	68.9598235974412	16	16	96
533	1	16	90.9610648246844	29.523615109468	68.9598235974412	68.9598235974412	16	16	96
534	1	16	90.9610648246844	29.523615109468	68.9598235974412	68.9598235974412	16	16	96
535	1	16	90.9610648246844	29.523615109468	68.9598235974412	68.9598235974412	16	16	96
536	1	16	90.9610648246844	29.523615109468	68.9598235974412	68.9598235974412	16	16	96
537	1	16	90.9610648246844	29.523615109468	68.9598235974412	68.9598235974412	16	16	96
538	1	16	90.9610648246844	29.523615109468	68.9598235974412	68.9598235974412	16	16	96
539	1	16	90.9610648246844	29.523615109468	68.9598235974412	68.9598235974412	16	16	96
540	1	16	90.9610648246844	29.523615109468	68.9598235974412	68.9598235974412	16	16	96
541	1	16	90.9610648246844	29.523615109468	68.9598235974412	68.9598235974412	16	16	96
542	1	16	90.9610648246844	29.523615109468	68.9598235974412	68.9598235974412	16	16	96
543	1	16	90.9610648246844	29.523615109468	68.9598235974412	68.9598235974412	16	16	96
544	1	16	90.9610648246844	29.523615109468	68.9598235974412	68.9598235974412	16	16	112
545	1	16	90.9610648246844	29.523615109468	68.9598235974412	68.9598235974412	16	16	112
546	1	16	90.9610648246844	29.523615109468	68.9598235974412	68.9598235974412	16	16	96
547	1	16	90.9610648246844	29.523615109468	68.9598235974412	68.9598235974412	16	16	96
548	1	16	90.9610648246844	29.523615109468	68.9598235974412	68.9598235974412	16	16	96
549	1	16	90.9610648246844	29.523615109468	68.9598235974412	68.9598235974412	16	16	96
550	1	16	90.9610648246844	29.523615109468	68.9598235974412	68.9598235974412	16	16	96
551	1	16	90.9610648246844	29.523615109468	68.9598235974412	68.9598235974412	16	16	96
552	1	16	90.9610648246844	29.523615109468	68.9598235974412	68.9598235974412	16	16	96
553	1	16	90.9610648246844	29.523615109468	68.9598235974412	68.9598235974412	16	16	96
554	1	16	90.9610648246844	29.523615109468	68.9598235974412	68.9598235974412	16	16	96
555	1	16	90.9610648246844	29.523615109468	68.9598235974412	68.9598235974412	16	16	96
556	1	16	90.9610648246844	29.523615109468	68.9598235974412	68.9598235974412	16	16	112
557	1	16	90.9610648246844	29.523615109468	68.9598235974412	68.9598235974412	16	16	112
558	1	16	90.9610648246844	29.523615109468	68.9598235974412	68.9598235974412	16	16	112
559	1	16	90.9610648246844	29.523615109468	68.9598235974412	68.9598235974412	16	16	112
560	1	16	90.9610648246844	29.523615109468	68.9598235974412	68.9598235974412	16	16	112
561	1	16	90.9610648246844	29.523615109468	68.9598235974412	68.9598235974412	16	16	96
562	1	16	90.9610648246844	29.523615109468	68.9598235974412	68.9598235974412	16	16	96
563	1	16	90.9610648246844	29.523615109468	68.9598235974412	68.9598235974412	16	16	96
564	1	16	90.9610648246844	29.523615109468	68.9598235974412	68.9598235974412	16	16	112
565	1	16	90.9610648246844	29.523615109468	68.9598235974412	68.9598235974412	16	16	112
566	1	16	90.9610648246844	29.523615109468	68.9598235974412	68.9598235974412	16	16	112
567	1	16	90.9610648246844	29.523615109468	68.9598235974412	68.9598235974412	16	16	112
568	1	16	90.9610648246844	29.523615109468	68.9598235974412	68.9598235974412	16	16	112
569	1	16	90.9610648246844	29.523615109468	68.9598235974412	68.9598235974412	16	16	112
570	1	16	90.9610648246844	29.523615109468	68.9598235974412	68.9598235974412	16	16	112
571	1	16	90.9610648246844	29.523615109468	68.9598235974412	68.9598235974412	16	16	112
572	1	16	90.9610648246844	29.523615109468	68.9598235974412	68.9598235974412	16	16	112
573	1	16	90.9610648246844	29.523615109468	68.9598235974412	68.9598235974412	16	16	112
574	1	16	90.9610648246844	29.523615109468	68.9598235974412	68.9598235974412	16	16	112
575	1	16	90.9610648246844	29.523615109468	68.9598235974412	68.9598235974412	16	16	112
576	1	16	90.9610648246844	29.523615109468	68.9598235974412	68.9598235974412	16	16	112
577	1	16	90.9610648246844	29.523615109468	68.9598235974412	68.9598235974412	16	16	112
578	1	16	90.9610648246844	29.523615109468	68.9598235974412	68.9598235974412	16	16	112
579	1	16	90.9610648246844	29.523615109468	68.9598235974412	68.9598235974412	16	16	112
580	1	16	90.9610648246844	29.523615109468	68.9598235974412	68.9598235974412	16	16	112
581	1	16	90.9610648246844	29.523615109468	68.9598235974412	68.9598235974412	16	16	112
582	1	16	90.9610648246844	29.523615109468	68.9598235974412	68.9598235974412	16	16	112
583	1	16	90.9610648246844	29.523615109468	68.9598235974412	68.9598235974412	16	16	112
584	1	16	90.9610648246844	29.523615109468	68.9598235974412	68.9598235974412	16	16	112
585	1	16	90.9610648246844	29.523615109468	68.9598235974412	68.9598235974412	16	16	112
586	1	16	90.9610648246844	29.523615109468	68.9598235974412	68.9598235974412	16	16	112
587	1	16	90.9610648246844	29.523615109468	68.9598235974412	68.9598235974412	16	16	112
588	1	16	90.9610648246844	29.523615109468	68.9598235974412	68.9598235974412	16	16	112
589	1	16	90.9610648246844	29.523615109468	68.9598235974412	68.9598235974412	16	16	112
590	1	16	90.9610648246844	29.523615109468	68.9598235974412	68.9598235974412	16	16	112
591	1	16	90.9610648246844	29.523615109468	68.9598235974412	68.9598235974412	16	16	112
592	1	16	90.9610648246844	29.523615109468	68.9598235974412	68.9598235974412	16	16	112
593	1	16	90.9610648246844	29.523615109468	68.9598235974412	68.9598235974412	16	16	112
594	1	16	90.9610648246844	29.523615109468	68.9598235974412	68.9598235974412	16	16	112
595	1	16	90.9610648246844	29.523615109468	68.9598235974412	68.9598235974412	16	16	112
596	1	16	90.9610648246844	29.523615109468	68.9598235974412	68.9598235974412	16	16	112
597	1	16	90.9610648246844	29.523615109468	68.9598235974412	68.9598235974412	16	16	112
598	1	16	90.9610648246844	29.523615109468	68.9598235974412	68.9598235974412	16	16	112
599	1	16	90.9610648246844	29.523615109468	68.9598235974412	68.9598235974412	16	16	112
600	1	16	90.9610648246844	29.523615109468	68.9598235974412	68.9598235974412	16	16	112
601	1	16	90.9610648246844	29.523615109468	68.9598235974412	68.9598235974412	16	16	112
602	1	16	90.9610648246844	29.523615109468	68.9598235974412	68.9598235974412	16	16	112
603	1	16	90.9610648246844	29.523615109468	68.9598235974412	68.9598235974412	16	16	112
604	1	16	90.9610648246844	29.523615109468	68.9598235974412	68.9598235974412	16	16	112
605	1	16	90.9610648246844	29.523615109468	68.9598235974412	68.9598235974412	16	16	112
606	1	16	90.9610648246844	29.523615109468	68.9598235974412	68.9598235974412	16	16	112
607	1	16	90.9610648246844	29.523615109468	68.9598235974412	68.9598235974412	16	16	112
608	1	16	90.9610648246844	29.523615109468	68.9598235974412	68.9598235974412	16	16	112
609	1	16	90.9610648246844	29.523615109468	68.9598235974412	68.9598235974412	16	16	112
610	1	16	90.9610648246844	29.523615109468	68.9598235974412	68.9598235974412	16	16	112
611	1	16	90.9610648246844	29.523615109468	68.9598235974412	68.9598235974412	16	16	112
612	1	16	90.9610648246844	29.523615109468	68.9598235974412	68.9598235974412	16	16	112
613	1	16	90.9610648246844	29.523615109468	68.9598235974412	68.9598235974412	16	16	112
614	1	16	90.9610648246844	29.523615109468	68.9598235974412	68.9598235974412	16	16	112
615	1	16	90.9610648246844	29.523615109468	68.9598235974412	68.9598235974412	16	16	112
616	1	16	90.9610648246844	29.523615109468	68.9598235974412	68.9598235974412	16	16	112
617	1	16	90.9610648246844	29.523615109468	68.9598235974412	68.9598235974412	16	16	112
618	1	16	90.9610648246844	29.523615109468	68.9598235974412	68.9598235974412	16	16	112
619	1	16	90.9610648246844	29.523615109468	68.9598235974412	68.9598235974412	16	16	112
620	1	16	90.9610648246844	29.523615109468	68.9598235974412	68.9598235974412	16	16	112
621	1	16	90.9610648246844	29.523615109468	68.9598235974412	68.9598235974412	16	16	112
622	1	16	90.9610648246844	29.523615109468	68.9598235974412	68.9598235974412	16	16	112
623	1	16	90.9610648246844	29.523615109468	68.9598235974412	68.9598235974412	16	16	112
624	1	16	90.9610648246844	29.523615109468	68.9598235974412	68.9598235974412	16	16	112
625	1	16	90.9610648246844	29.523615109468	68.9598235974412	68.9598235974412	16	16	112
626	1	16	90.9610648246844	29.523615109468	68.9598235974412	68.9598235974412	16	16	112
627	1	16	90.9610648246844	29.523615109468	68.9598235974412	68.9598235974412	16	16	112
628	1	16	90.9610648246844	29.523615109468	68.9598235974412	68.9598235974412	16	16	112
629	1	16	90.9610648246844	29.523615109468	68.9598235974412	68.9598235974412	16	16	112
630	1	16	90.9610648246844	29.523615109468	68.9598235974412	68.9598235974412	16	16	112
631	1	16	90.9610648246844	29.523615109468	68.9598235974412	68.9598235974412	16	16	112
632	1	16	90.9610648246844	29.523615109468	68.9598235974412	68.9598235974412	16	16	112
633	1	16	90.9610648246844	29.523615109468	68.9598235974412	68.9598235974412	16	16	112
634	1	16	90.9610648246844	29.523615109468	68.9598235974412	68.9598235974412	16	16	112
635	1	16	90.9610648246844	29.523615109468	68.9598235974412	68.9598235974412	16	16	112
636	1	16	90.9610648246844	29.523615109468	68.9598235974412	68.9598235974412	16	16	112
637	1	16	90.9610648246844	29.523615109468	68.9598235974412	68.9598235974412	16	16	112
638	1	16	90.9610648246844	29.523615109468	68.9598235974412	68.9598235974412	16	16	112
639	1	16	90.9610648246844	29.523615109468	68.9598235974412	68.9598235974412	16	16	112
640	1	16	90.9610648246844	29.523615109468	68.9598235974412	68.9598235974412	16	16	112
641	1	16	90.9610648246844	29.523615109468	68.9598235974412	68.9598235974412	16	16	112
642	1	16	90.9610648246844	29.523615109468	68.9598235974412	68.9598235974412	16	16	112
643	1	16	90.9610648246844	29.523615109468	68.9598235974412	68.9598235974412	16	16	112
644	1	16	90.9610648246844	29.523615109468	68.9598235974412	68.9598235974412	16	16	112
645	1	16	90.9610648246844	29.523615109468	68.9598235974412	68.9598235974412	16	16	112
646	1	16	90.9610648246844	29.523615109468	68.9598235974412	68.9598235974412	16	16	112
647	1	16	90.9610648246844	29.523615109468	68.9598235974412	68.9598235974412	16	16	112
648	1	16	90.9610648246844	29.523615109468	68.9598235974412	68.9598235974412	16	16	112
649	1	16	90.9610648246844	29.523615109468	68.9598235974412	68.9598235974412	16	16	112
650	1	16	90.9610648246844	29.523615109468	68.9598235974412	68.9598235974412	16	16	112
651	1	16	90.9610648246844	29.523615109468	68.9598235974412	68.9598235974412	16	16	112
652	1	16	90.9610648246844	29.523615109468	68.9598235974412	68.9598235974412	16	16	112
653	1	16	90.9610648246844	29.523615109468	68.9598235974412	68.9598235974412	16	16	112
654	1	16	90.9610648246844	29.523615109468	68.9598235974412	68.9598235974412	16	16	112
655	1	16	90.9610648246844	29.523615109468	68.9598235974412	68.9598235974412	16	16	112
656	1	16	90.9610648246844	29.523615109468	68.9598235974412	68.9598235974412	16	16	112
657	1	16	90.9610648246844	29.523615109468	68.9598235974412	68.9598235974412	16	16	112
658	1	16	90.9610648246844	29.523615109468	68.9598235974412	68.9598235974412	16	16	112
659	1	16	90.9610648246844	29.523615109468	68.9598235974412	68.9598235974412	16	16	112
660	1	16	90.9610648246844	29.523615109468	68.9598235974412	68.9598235974412	16	16	128
661	1	16	90.9610648246844	29.523615109468	68.9598235974412	68.9598235974412	16	16	112
662	1	16	90.9610648246844	29.523615109468	68.9598235974412	68.9598235974412	16	16	112
663	1	16	90.9610648246844	29.523615109468	68.9598235974412	68.9598235974412	16	16	128
664	1	16	90.9610648246844	29.523615109468	68.9598235974412	68.9598235974412	16	16	128
665	1	16	90.9610648246844	29.523615109468	68.9598235974412	68.9598235974412	16	16	128
