"Iteration #"	"Inertia"	"Number of features"	"CV best"	"Permuted CV best"	"Global best fitness"	"Current best fitness"	"Number of features in current best agent"	"Number of features in global best"	"Number of features in local best"
1	1	40	76.8952345270529	43.4493706580335	45.3540886568884	45.3540886568884	15	40	800
2	1	25	77.0998277480912	40.2617745255583	49.3249619765109	49.3249619765109	18	21	21
3	1	25	81.4556155375022	40.3548845422585	52.2571813624346	52.2571813624346	29	29	29
4	1	35	81.2042524314265	35.1723000952273	55.6770237013552	55.6770237013552	27	27	27
5	1	35	81.2042524314265	35.1723000952273	55.6770237013552	55.6770237013552	22	27	27
6	1	31	78.2072922938772	30.46877189978	56.6912177794508	56.6912177794508	31	31	31
7	1	15	80.3258189667836	30.2862199211277	57.9134547247427	57.9134547247427	23	23	23
8	1	26	83.4169754899976	29.1712988136923	61.7011557812469	61.7011557812469	26	26	26
9	1	26	83.4169754899976	29.1712988136923	61.7011557812469	61.7011557812469	26	26	26
10	1	26	83.4169754899976	29.1712988136923	61.7011557812469	61.7011557812469	24	26	26
11	1	26	83.4169754899976	29.1712988136923	61.7011557812469	61.6699562604466	32	26	32
12	1	26	83.4169754899976	29.1712988136923	61.7011557812469	61.6699562604466	33	26	32
13	1	26	83.4169754899976	29.1712988136923	61.7011557812469	59.1636239413749	26	26	26
14	1	26	83.4169754899976	29.1712988136923	61.7011557812469	61.7011557812469	26	26	26
15	1	26	83.4169754899976	29.1712988136923	61.7011557812469	61.7011557812469	28	26	26
16	1	26	83.4169754899976	29.1712988136923	61.7011557812469	59.1737356500023	30	26	32
17	1	25	88.752322519224	33.8878861677922	62.6093882386301	62.6093882386301	27	26	26
18	1	25	88.752322519224	33.8878861677922	62.6093882386301	60.74281623392	26	26	26
19	1	25	88.752322519224	33.8878861677922	62.6093882386301	62.6093882386301	26	26	26
20	1	24	85.3216995407335	28.846735866938	63.5013373264713	63.5013373264713	21	23	23
21	1	24	85.3216995407335	28.846735866938	63.5013373264713	59.6040414862276	27	23	26
22	1	24	85.3216995407335	28.846735866938	63.5013373264713	62.7123352913995	24	23	23
23	1	24	85.3216995407335	28.846735866938	63.5013373264713	60.9617868809271	27	23	28
24	1	24	85.3216995407335	28.846735866938	63.5013373264713	60.7471652542639	31	23	54
25	1	24	85.3216995407335	28.846735866938	63.5013373264713	60.7471652542639	22	23	26
26	1	24	85.3216995407335	28.846735866938	63.5013373264713	60.8293391862488	26	23	26
27	1	24	85.3216995407335	28.846735866938	63.5013373264713	63.2405480071197	23	23	23
28	1	24	85.3216995407335	28.846735866938	63.5013373264713	63.5013373264713	23	23	46
29	1	24	85.3216995407335	28.846735866938	63.5013373264713	63.5013373264713	23	23	46
30	1	24	85.3216995407335	28.846735866938	63.5013373264713	63.5013373264713	24	23	46
31	1	24	85.3216995407335	28.846735866938	63.5013373264713	60.3253105307021	22	23	23
32	1	24	85.3216995407335	28.846735866938	63.5013373264713	61.818987770249	23	23	22
33	1	24	85.3216995407335	28.846735866938	63.5013373264713	62.6949552426503	23	23	23
34	1	24	85.3216995407335	28.846735866938	63.5013373264713	63.5013373264713	23	23	46
35	1	24	85.3216995407335	28.846735866938	63.5013373264713	63.5013373264713	23	23	46
36	1	24	85.3216995407335	28.846735866938	63.5013373264713	63.5013373264713	23	23	46
37	1	11	86.7322584805636	28.3011038668586	66.0523100425106	66.0523100425106	23	23	23
38	1	11	86.7322584805636	28.3011038668586	66.0523100425106	66.0523100425106	23	23	46
39	1	11	86.7322584805636	28.3011038668586	66.0523100425106	66.0523100425106	23	23	46
40	1	11	86.7322584805636	28.3011038668586	66.0523100425106	66.0523100425106	24	23	46
41	1	11	86.7322584805636	28.3011038668586	66.0523100425106	63.5013373264713	23	23	23
42	1	11	86.7322584805636	28.3011038668586	66.0523100425106	63.5013373264713	22	23	23
43	1	11	86.7322584805636	28.3011038668586	66.0523100425106	64.7465275471225	22	23	22
44	1	11	86.7322584805636	28.3011038668586	66.0523100425106	66.0523100425106	23	23	23
45	1	11	86.7322584805636	28.3011038668586	66.0523100425106	66.0523100425106	26	23	46
46	1	11	86.7322584805636	28.3011038668586	66.0523100425106	62.2914971092587	19	23	23
47	1	11	86.7322584805636	28.3011038668586	66.0523100425106	60.0348811379408	23	23	45
48	1	11	86.7322584805636	28.3011038668586	66.0523100425106	61.642976990206	22	23	23
49	1	11	86.7322584805636	28.3011038668586	66.0523100425106	64.7465275471225	22	23	22
50	1	11	86.7322584805636	28.3011038668586	66.0523100425106	66.0523100425106	22	23	23
51	1	11	86.7322584805636	28.3011038668586	66.0523100425106	66.0523100425106	23	23	69
52	1	11	86.7322584805636	28.3011038668586	66.0523100425106	66.0523100425106	23	23	69
53	1	11	86.7322584805636	28.3011038668586	66.0523100425106	66.0523100425106	23	23	92
54	1	11	86.7322584805636	28.3011038668586	66.0523100425106	66.0523100425106	23	23	92
55	1	11	86.7322584805636	28.3011038668586	66.0523100425106	66.0523100425106	26	23	92
56	1	11	86.7322584805636	28.3011038668586	66.0523100425106	66.0523100425106	23	23	23
57	1	11	86.7322584805636	28.3011038668586	66.0523100425106	66.0523100425106	23	23	23
58	1	11	86.7322584805636	28.3011038668586	66.0523100425106	66.0523100425106	23	23	92
59	1	11	86.7322584805636	28.3011038668586	66.0523100425106	66.0523100425106	23	23	92
60	1	11	86.7322584805636	28.3011038668586	66.0523100425106	66.0523100425106	23	23	92
61	1	11	86.7322584805636	28.3011038668586	66.0523100425106	66.0523100425106	25	23	46
62	1	11	86.7322584805636	28.3011038668586	66.0523100425106	66.0523100425106	23	23	46
63	1	11	86.7322584805636	28.3011038668586	66.0523100425106	66.0523100425106	23	23	46
64	1	11	86.7322584805636	28.3011038668586	66.0523100425106	66.0523100425106	23	23	69
65	1	11	86.7322584805636	28.3011038668586	66.0523100425106	66.0523100425106	23	23	92
66	1	11	86.7322584805636	28.3011038668586	66.0523100425106	66.0523100425106	23	23	92
67	1	11	86.7322584805636	28.3011038668586	66.0523100425106	66.0523100425106	23	23	92
68	1	11	86.7322584805636	28.3011038668586	66.0523100425106	66.0523100425106	23	23	92
69	1	11	86.7322584805636	28.3011038668586	66.0523100425106	66.0523100425106	23	23	92
70	1	11	86.7322584805636	28.3011038668586	66.0523100425106	66.0523100425106	23	23	92
71	1	11	86.7322584805636	28.3011038668586	66.0523100425106	66.0523100425106	23	23	92
72	1	11	86.7322584805636	28.3011038668586	66.0523100425106	66.0523100425106	23	23	92
73	1	11	86.7322584805636	28.3011038668586	66.0523100425106	66.0523100425106	23	23	92
74	1	11	86.7322584805636	28.3011038668586	66.0523100425106	66.0523100425106	23	23	92
75	1	11	86.7322584805636	28.3011038668586	66.0523100425106	66.0523100425106	22	23	92
76	1	11	86.7322584805636	28.3011038668586	66.0523100425106	66.0523100425106	23	23	92
77	1	11	86.7322584805636	28.3011038668586	66.0523100425106	66.0523100425106	23	23	115
78	1	11	86.7322584805636	28.3011038668586	66.0523100425106	66.0523100425106	23	23	115
79	1	11	86.7322584805636	28.3011038668586	66.0523100425106	66.0523100425106	23	23	115
80	1	11	86.7322584805636	28.3011038668586	66.0523100425106	66.0523100425106	23	23	115
81	1	11	86.7322584805636	28.3011038668586	66.0523100425106	66.0523100425106	23	23	92
82	1	11	86.7322584805636	28.3011038668586	66.0523100425106	66.0523100425106	23	23	92
83	1	11	86.7322584805636	28.3011038668586	66.0523100425106	66.0523100425106	23	23	92
84	1	11	86.7322584805636	28.3011038668586	66.0523100425106	66.0523100425106	23	23	115
85	1	11	86.7322584805636	28.3011038668586	66.0523100425106	66.0523100425106	23	23	115
86	1	11	86.7322584805636	28.3011038668586	66.0523100425106	66.0523100425106	23	23	115
87	1	11	86.7322584805636	28.3011038668586	66.0523100425106	66.0523100425106	23	23	138
88	1	11	86.7322584805636	28.3011038668586	66.0523100425106	66.0523100425106	23	23	138
89	1	11	86.7322584805636	28.3011038668586	66.0523100425106	66.0523100425106	23	23	138
90	1	11	86.7322584805636	28.3011038668586	66.0523100425106	66.0523100425106	23	23	138
91	1	11	86.7322584805636	28.3011038668586	66.0523100425106	66.0523100425106	23	23	115
92	1	11	86.7322584805636	28.3011038668586	66.0523100425106	66.0523100425106	23	23	115
93	1	11	86.7322584805636	28.3011038668586	66.0523100425106	66.0523100425106	23	23	92
94	1	11	86.7322584805636	28.3011038668586	66.0523100425106	66.0523100425106	23	23	115
95	1	11	86.7322584805636	28.3011038668586	66.0523100425106	66.0523100425106	23	23	115
96	1	11	86.7322584805636	28.3011038668586	66.0523100425106	66.0523100425106	21	23	69
97	1	11	86.7322584805636	28.3011038668586	66.0523100425106	66.0523100425106	23	23	69
98	1	11	86.7322584805636	28.3011038668586	66.0523100425106	66.0523100425106	23	23	69
99	1	11	86.7322584805636	28.3011038668586	66.0523100425106	66.0523100425106	23	23	69
100	1	11	86.7322584805636	28.3011038668586	66.0523100425106	66.0523100425106	23	23	69
101	1	11	86.7322584805636	28.3011038668586	66.0523100425106	66.0523100425106	23	23	92
102	1	11	86.7322584805636	28.3011038668586	66.0523100425106	66.0523100425106	23	23	92
103	1	11	86.7322584805636	28.3011038668586	66.0523100425106	66.0523100425106	23	23	92
104	1	11	86.7322584805636	28.3011038668586	66.0523100425106	66.0523100425106	23	23	92
105	1	11	86.7322584805636	28.3011038668586	66.0523100425106	66.0523100425106	23	23	92
106	1	11	86.7322584805636	28.3011038668586	66.0523100425106	66.0523100425106	23	23	115
107	1	11	86.7322584805636	28.3011038668586	66.0523100425106	66.0523100425106	23	23	138
108	1	11	86.7322584805636	28.3011038668586	66.0523100425106	66.0523100425106	23	23	138
109	1	11	86.7322584805636	28.3011038668586	66.0523100425106	66.0523100425106	23	23	138
110	1	11	86.7322584805636	28.3011038668586	66.0523100425106	66.0523100425106	22	23	161
111	1	11	86.7322584805636	28.3011038668586	66.0523100425106	66.0523100425106	23	23	115
112	1	11	86.7322584805636	28.3011038668586	66.0523100425106	66.0523100425106	23	23	138
113	1	11	86.7322584805636	28.3011038668586	66.0523100425106	66.0523100425106	23	23	138
114	1	11	86.7322584805636	28.3011038668586	66.0523100425106	66.0523100425106	22	23	138
115	1	11	86.7322584805636	28.3011038668586	66.0523100425106	66.0523100425106	19	23	138
116	1	11	86.7322584805636	28.3011038668586	66.0523100425106	66.0523100425106	23	23	115
117	1	11	86.7322584805636	28.3011038668586	66.0523100425106	66.0523100425106	23	23	115
118	1	11	86.7322584805636	28.3011038668586	66.0523100425106	66.0523100425106	23	23	115
119	1	11	86.7322584805636	28.3011038668586	66.0523100425106	66.0523100425106	23	23	115
120	1	11	86.7322584805636	28.3011038668586	66.0523100425106	66.0523100425106	23	23	115
121	1	11	86.7322584805636	28.3011038668586	66.0523100425106	66.0523100425106	23	23	115
122	1	11	86.7322584805636	28.3011038668586	66.0523100425106	66.0523100425106	23	23	115
123	1	11	86.7322584805636	28.3011038668586	66.0523100425106	66.0523100425106	23	23	115
124	1	11	86.7322584805636	28.3011038668586	66.0523100425106	66.0523100425106	23	23	138
125	1	11	86.7322584805636	28.3011038668586	66.0523100425106	66.0523100425106	21	23	138
126	1	11	86.7322584805636	28.3011038668586	66.0523100425106	66.0523100425106	23	23	138
127	1	11	86.7322584805636	28.3011038668586	66.0523100425106	66.0523100425106	23	23	161
128	1	11	86.7322584805636	28.3011038668586	66.0523100425106	66.0523100425106	23	23	161
129	1	11	86.7322584805636	28.3011038668586	66.0523100425106	66.0523100425106	23	23	161
130	1	11	86.7322584805636	28.3011038668586	66.0523100425106	66.0523100425106	21	23	161
131	1	11	86.7322584805636	28.3011038668586	66.0523100425106	66.0523100425106	23	23	138
132	1	11	86.7322584805636	28.3011038668586	66.0523100425106	66.0523100425106	23	23	138
133	1	11	86.7322584805636	28.3011038668586	66.0523100425106	66.0523100425106	23	23	161
134	1	11	86.7322584805636	28.3011038668586	66.0523100425106	66.0523100425106	23	23	161
135	1	11	86.7322584805636	28.3011038668586	66.0523100425106	66.0523100425106	23	23	161
136	1	11	86.7322584805636	28.3011038668586	66.0523100425106	66.0523100425106	23	23	138
137	1	11	86.7322584805636	28.3011038668586	66.0523100425106	66.0523100425106	23	23	138
138	1	11	86.7322584805636	28.3011038668586	66.0523100425106	66.0523100425106	23	23	138
139	1	11	86.7322584805636	28.3011038668586	66.0523100425106	66.0523100425106	23	23	138
140	1	11	86.7322584805636	28.3011038668586	66.0523100425106	66.0523100425106	23	23	138
141	1	11	86.7322584805636	28.3011038668586	66.0523100425106	66.0523100425106	23	23	161
142	1	11	86.7322584805636	28.3011038668586	66.0523100425106	66.0523100425106	23	23	161
143	1	11	86.7322584805636	28.3011038668586	66.0523100425106	66.0523100425106	23	23	161
144	1	11	86.7322584805636	28.3011038668586	66.0523100425106	66.0523100425106	23	23	161
145	1	11	86.7322584805636	28.3011038668586	66.0523100425106	66.0523100425106	22	23	161
146	1	11	86.7322584805636	28.3011038668586	66.0523100425106	66.0523100425106	23	23	138
147	1	11	86.7322584805636	28.3011038668586	66.0523100425106	66.0523100425106	23	23	161
148	1	11	86.7322584805636	28.3011038668586	66.0523100425106	66.0523100425106	22	23	138
149	1	11	86.7322584805636	28.3011038668586	66.0523100425106	66.0523100425106	23	23	138
150	1	11	86.7322584805636	28.3011038668586	66.0523100425106	66.0523100425106	21	23	161
151	1	11	86.7322584805636	28.3011038668586	66.0523100425106	66.0523100425106	23	23	115
152	1	11	86.7322584805636	28.3011038668586	66.0523100425106	66.0523100425106	23	23	115
153	1	11	86.7322584805636	28.3011038668586	66.0523100425106	66.0523100425106	23	23	115
154	1	11	86.7322584805636	28.3011038668586	66.0523100425106	66.0523100425106	23	23	115
155	1	11	86.7322584805636	28.3011038668586	66.0523100425106	66.0523100425106	23	23	115
156	1	11	86.7322584805636	28.3011038668586	66.0523100425106	66.0523100425106	23	23	115
157	1	11	86.7322584805636	28.3011038668586	66.0523100425106	66.0523100425106	23	23	115
158	1	11	86.7322584805636	28.3011038668586	66.0523100425106	66.0523100425106	23	23	115
159	1	11	86.7322584805636	28.3011038668586	66.0523100425106	66.0523100425106	23	23	115
160	1	11	86.7322584805636	28.3011038668586	66.0523100425106	66.0523100425106	23	23	115
161	1	11	86.7322584805636	28.3011038668586	66.0523100425106	66.0523100425106	23	23	138
162	1	11	86.7322584805636	28.3011038668586	66.0523100425106	66.0523100425106	23	23	138
163	1	11	86.7322584805636	28.3011038668586	66.0523100425106	66.0523100425106	23	23	138
164	1	11	86.7322584805636	28.3011038668586	66.0523100425106	66.0523100425106	23	23	161
165	1	11	86.7322584805636	28.3011038668586	66.0523100425106	66.0523100425106	21	23	161
166	1	11	86.7322584805636	28.3011038668586	66.0523100425106	66.0523100425106	23	23	138
167	1	11	86.7322584805636	28.3011038668586	66.0523100425106	66.0523100425106	23	23	138
168	1	11	86.7322584805636	28.3011038668586	66.0523100425106	66.0523100425106	23	23	138
169	1	11	86.7322584805636	28.3011038668586	66.0523100425106	66.0523100425106	23	23	138
170	1	11	86.7322584805636	28.3011038668586	66.0523100425106	66.0523100425106	20	23	161
171	1	11	86.7322584805636	28.3011038668586	66.0523100425106	66.0523100425106	23	23	115
172	1	11	86.7322584805636	28.3011038668586	66.0523100425106	66.0523100425106	23	23	115
173	1	11	86.7322584805636	28.3011038668586	66.0523100425106	66.0523100425106	23	23	115
174	1	11	86.7322584805636	28.3011038668586	66.0523100425106	66.0523100425106	23	23	115
175	1	11	86.7322584805636	28.3011038668586	66.0523100425106	66.0523100425106	23	23	115
176	1	11	86.7322584805636	28.3011038668586	66.0523100425106	66.0523100425106	23	23	115
177	1	11	86.7322584805636	28.3011038668586	66.0523100425106	66.0523100425106	23	23	115
178	1	11	86.7322584805636	28.3011038668586	66.0523100425106	66.0523100425106	23	23	115
179	1	11	86.7322584805636	28.3011038668586	66.0523100425106	66.0523100425106	23	23	138
180	1	11	86.7322584805636	28.3011038668586	66.0523100425106	66.0523100425106	22	23	138
181	1	11	86.7322584805636	28.3011038668586	66.0523100425106	66.0523100425106	23	23	138
182	1	11	86.7322584805636	28.3011038668586	66.0523100425106	66.0523100425106	23	23	161
183	1	11	86.7322584805636	28.3011038668586	66.0523100425106	66.0523100425106	23	23	161
184	1	11	86.7322584805636	28.3011038668586	66.0523100425106	66.0523100425106	23	23	161
185	1	11	86.7322584805636	28.3011038668586	66.0523100425106	66.0523100425106	21	23	161
186	1	11	86.7322584805636	28.3011038668586	66.0523100425106	66.0523100425106	23	23	138
187	1	11	86.7322584805636	28.3011038668586	66.0523100425106	66.0523100425106	23	23	161
188	1	11	86.7322584805636	28.3011038668586	66.0523100425106	66.0523100425106	23	23	161
189	1	11	86.7322584805636	28.3011038668586	66.0523100425106	66.0523100425106	23	23	161
190	1	11	86.7322584805636	28.3011038668586	66.0523100425106	66.0523100425106	23	23	161
191	1	11	86.7322584805636	28.3011038668586	66.0523100425106	66.0523100425106	23	23	138
192	1	11	86.7322584805636	28.3011038668586	66.0523100425106	66.0523100425106	23	23	138
193	1	11	86.7322584805636	28.3011038668586	66.0523100425106	66.0523100425106	23	23	138
194	1	11	86.7322584805636	28.3011038668586	66.0523100425106	66.0523100425106	23	23	138
195	1	11	86.7322584805636	28.3011038668586	66.0523100425106	66.0523100425106	23	23	138
196	1	11	86.7322584805636	28.3011038668586	66.0523100425106	66.0523100425106	23	23	161
197	1	11	86.7322584805636	28.3011038668586	66.0523100425106	66.0523100425106	23	23	161
198	1	11	86.7322584805636	28.3011038668586	66.0523100425106	66.0523100425106	23	23	161
199	1	11	86.7322584805636	28.3011038668586	66.0523100425106	66.0523100425106	23	23	161
200	1	11	86.7322584805636	28.3011038668586	66.0523100425106	66.0523100425106	23	23	161
201	1	11	86.7322584805636	28.3011038668586	66.0523100425106	66.0523100425106	23	23	161
202	1	11	86.7322584805636	28.3011038668586	66.0523100425106	66.0523100425106	23	23	161
203	1	11	86.7322584805636	28.3011038668586	66.0523100425106	66.0523100425106	22	23	161
204	1	11	86.7322584805636	28.3011038668586	66.0523100425106	66.0523100425106	23	23	138
205	1	11	86.7322584805636	28.3011038668586	66.0523100425106	66.0523100425106	21	23	161
206	1	11	86.7322584805636	28.3011038668586	66.0523100425106	66.0523100425106	23	23	115
207	1	11	86.7322584805636	28.3011038668586	66.0523100425106	66.0523100425106	23	23	115
208	1	11	86.7322584805636	28.3011038668586	66.0523100425106	66.0523100425106	23	23	115
209	1	11	86.7322584805636	28.3011038668586	66.0523100425106	66.0523100425106	23	23	115
210	1	11	86.7322584805636	28.3011038668586	66.0523100425106	66.0523100425106	23	23	115
211	1	11	86.7322584805636	28.3011038668586	66.0523100425106	66.0523100425106	23	23	115
212	1	11	86.7322584805636	28.3011038668586	66.0523100425106	66.0523100425106	23	23	115
213	1	11	86.7322584805636	28.3011038668586	66.0523100425106	66.0523100425106	23	23	115
214	1	11	86.7322584805636	28.3011038668586	66.0523100425106	66.0523100425106	23	23	115
215	1	11	86.7322584805636	28.3011038668586	66.0523100425106	66.0523100425106	23	23	115
216	1	11	86.7322584805636	28.3011038668586	66.0523100425106	66.0523100425106	23	23	138
217	1	11	86.7322584805636	28.3011038668586	66.0523100425106	66.0523100425106	23	23	161
218	1	11	86.7322584805636	28.3011038668586	66.0523100425106	66.0523100425106	23	23	161
219	1	11	86.7322584805636	28.3011038668586	66.0523100425106	66.0523100425106	23	23	161
220	1	11	86.7322584805636	28.3011038668586	66.0523100425106	66.0523100425106	21	23	161
221	1	11	86.7322584805636	28.3011038668586	66.0523100425106	66.0523100425106	23	23	138
222	1	11	86.7322584805636	28.3011038668586	66.0523100425106	66.0523100425106	23	23	138
223	1	11	86.7322584805636	28.3011038668586	66.0523100425106	66.0523100425106	23	23	161
224	1	11	86.7322584805636	28.3011038668586	66.0523100425106	66.0523100425106	23	23	161
225	1	11	86.7322584805636	28.3011038668586	66.0523100425106	66.0523100425106	20	23	161
226	1	11	86.7322584805636	28.3011038668586	66.0523100425106	66.0523100425106	23	23	115
227	1	11	86.7322584805636	28.3011038668586	66.0523100425106	66.0523100425106	23	23	115
228	1	11	86.7322584805636	28.3011038668586	66.0523100425106	66.0523100425106	23	23	115
229	1	11	86.7322584805636	28.3011038668586	66.0523100425106	66.0523100425106	23	23	115
230	1	11	86.7322584805636	28.3011038668586	66.0523100425106	66.0523100425106	23	23	115
231	1	11	86.7322584805636	28.3011038668586	66.0523100425106	66.0523100425106	23	23	115
232	1	11	86.7322584805636	28.3011038668586	66.0523100425106	66.0523100425106	23	23	115
233	1	11	86.7322584805636	28.3011038668586	66.0523100425106	66.0523100425106	23	23	115
234	1	11	86.7322584805636	28.3011038668586	66.0523100425106	66.0523100425106	23	23	115
235	1	11	86.7322584805636	28.3011038668586	66.0523100425106	66.0523100425106	23	23	115
236	1	11	86.7322584805636	28.3011038668586	66.0523100425106	66.0523100425106	23	23	138
237	1	11	86.7322584805636	28.3011038668586	66.0523100425106	66.0523100425106	23	23	138
238	1	11	86.7322584805636	28.3011038668586	66.0523100425106	66.0523100425106	23	23	138
239	1	11	86.7322584805636	28.3011038668586	66.0523100425106	66.0523100425106	23	23	138
240	1	11	86.7322584805636	28.3011038668586	66.0523100425106	66.0523100425106	23	23	138
241	1	11	86.7322584805636	28.3011038668586	66.0523100425106	66.0523100425106	23	23	138
242	1	11	86.7322584805636	28.3011038668586	66.0523100425106	66.0523100425106	23	23	138
243	1	11	86.7322584805636	28.3011038668586	66.0523100425106	66.0523100425106	23	23	138
244	1	11	86.7322584805636	28.3011038668586	66.0523100425106	66.0523100425106	23	23	138
245	1	11	86.7322584805636	28.3011038668586	66.0523100425106	66.0523100425106	23	23	138
246	1	11	86.7322584805636	28.3011038668586	66.0523100425106	66.0523100425106	23	23	115
247	1	11	86.7322584805636	28.3011038668586	66.0523100425106	66.0523100425106	23	23	115
248	1	18	87.4463502624866	26.7606171609545	66.8884417953079	66.8884417953079	18	18	18
249	1	18	87.4463502624866	26.7606171609545	66.8884417953079	66.8884417953079	18	18	18
250	1	18	87.4463502624866	26.7606171609545	66.8884417953079	66.8884417953079	20	18	18
251	1	18	87.4463502624866	26.7606171609545	66.8884417953079	66.0523100425106	23	18	138
252	1	18	87.4463502624866	26.7606171609545	66.8884417953079	66.0523100425106	23	18	161
253	1	18	87.4463502624866	26.7606171609545	66.8884417953079	66.8884417953079	18	18	18
254	1	18	87.4463502624866	26.7606171609545	66.8884417953079	66.8884417953079	18	18	18
255	1	18	87.4463502624866	26.7606171609545	66.8884417953079	66.8884417953079	18	18	18
256	1	18	87.4463502624866	26.7606171609545	66.8884417953079	66.0523100425106	23	18	115
257	1	18	87.4463502624866	26.7606171609545	66.8884417953079	66.0523100425106	23	18	138
258	1	18	87.4463502624866	26.7606171609545	66.8884417953079	66.0523100425106	23	18	138
259	1	18	87.4463502624866	26.7606171609545	66.8884417953079	66.0523100425106	23	18	138
260	1	18	87.4463502624866	26.7606171609545	66.8884417953079	66.0523100425106	23	18	138
261	1	18	87.4463502624866	26.7606171609545	66.8884417953079	66.0523100425106	23	18	69
262	1	18	87.4463502624866	26.7606171609545	66.8884417953079	66.0523100425106	23	18	115
263	1	18	87.4463502624866	26.7606171609545	66.8884417953079	66.0523100425106	23	18	115
264	1	18	87.4463502624866	26.7606171609545	66.8884417953079	66.0523100425106	23	18	115
265	1	18	87.4463502624866	26.7606171609545	66.8884417953079	66.0523100425106	22	18	138
266	1	18	87.4463502624866	26.7606171609545	66.8884417953079	66.0523100425106	23	18	69
267	1	18	87.4463502624866	26.7606171609545	66.8884417953079	66.0523100425106	23	18	69
268	1	18	87.4463502624866	26.7606171609545	66.8884417953079	66.0523100425106	23	18	69
269	1	18	87.4463502624866	26.7606171609545	66.8884417953079	66.0523100425106	23	18	92
270	1	18	87.4463502624866	26.7606171609545	66.8884417953079	66.0523100425106	23	18	92
271	1	18	87.4463502624866	26.7606171609545	66.8884417953079	66.0523100425106	23	18	92
272	1	18	87.4463502624866	26.7606171609545	66.8884417953079	66.0523100425106	23	18	115
273	1	18	87.4463502624866	26.7606171609545	66.8884417953079	66.0523100425106	23	18	115
274	1	18	87.4463502624866	26.7606171609545	66.8884417953079	66.0523100425106	23	18	92
275	1	18	87.4463502624866	26.7606171609545	66.8884417953079	66.0523100425106	22	18	92
276	1	18	87.4463502624866	26.7606171609545	66.8884417953079	66.0523100425106	23	18	69
277	1	18	87.4463502624866	26.7606171609545	66.8884417953079	66.0523100425106	23	18	92
278	1	18	87.4463502624866	26.7606171609545	66.8884417953079	66.0523100425106	23	18	115
279	1	18	87.4463502624866	26.7606171609545	66.8884417953079	66.8884417953079	18	18	36
280	1	18	87.4463502624866	26.7606171609545	66.8884417953079	66.8884417953079	21	18	36
281	1	18	87.4463502624866	26.7606171609545	66.8884417953079	66.0523100425106	23	18	23
282	1	18	87.4463502624866	26.7606171609545	66.8884417953079	66.0523100425106	23	18	46
283	1	18	87.4463502624866	26.7606171609545	66.8884417953079	66.0523100425106	23	18	46
284	1	18	87.4463502624866	26.7606171609545	66.8884417953079	66.0523100425106	23	18	46
285	1	18	87.4463502624866	26.7606171609545	66.8884417953079	66.8884417953079	21	18	18
286	1	18	87.4463502624866	26.7606171609545	66.8884417953079	66.8884417953079	18	18	18
287	1	18	87.4463502624866	26.7606171609545	66.8884417953079	66.8884417953079	18	18	18
288	1	18	87.4463502624866	26.7606171609545	66.8884417953079	66.8884417953079	18	18	36
289	1	18	87.4463502624866	26.7606171609545	66.8884417953079	66.8884417953079	18	18	36
290	1	18	87.4463502624866	26.7606171609545	66.8884417953079	66.8884417953079	20	18	36
291	1	18	87.4463502624866	26.7606171609545	66.8884417953079	66.7561602283706	21	18	21
292	1	18	87.4463502624866	26.7606171609545	66.8884417953079	66.7561602283706	21	18	42
293	1	18	87.4463502624866	26.7606171609545	66.8884417953079	66.7561602283706	21	18	42
294	1	18	87.4463502624866	26.7606171609545	66.8884417953079	66.7561602283706	20	18	42
295	1	18	87.4463502624866	26.7606171609545	66.8884417953079	66.7561602283706	21	18	21
296	1	18	87.4463502624866	26.7606171609545	66.8884417953079	66.8884417953079	18	18	18
297	1	18	87.4463502624866	26.7606171609545	66.8884417953079	66.8884417953079	18	18	18
298	1	18	87.4463502624866	26.7606171609545	66.8884417953079	66.8884417953079	18	18	18
299	1	18	87.4463502624866	26.7606171609545	66.8884417953079	66.8884417953079	18	18	18
300	1	18	87.4463502624866	26.7606171609545	66.8884417953079	66.8884417953079	18	18	18
301	1	18	87.4463502624866	26.7606171609545	66.8884417953079	66.8884417953079	18	18	18
302	1	18	87.4463502624866	26.7606171609545	66.8884417953079	66.8884417953079	18	18	18
303	1	18	87.4463502624866	26.7606171609545	66.8884417953079	66.8884417953079	18	18	36
304	1	18	87.4463502624866	26.7606171609545	66.8884417953079	66.8884417953079	18	18	36
305	1	18	87.4463502624866	26.7606171609545	66.8884417953079	66.8884417953079	16	18	36
306	1	18	87.4463502624866	26.7606171609545	66.8884417953079	66.8884417953079	18	18	18
307	1	18	87.4463502624866	26.7606171609545	66.8884417953079	66.8884417953079	18	18	18
308	1	18	87.4463502624866	26.7606171609545	66.8884417953079	66.8884417953079	18	18	36
309	1	18	87.4463502624866	26.7606171609545	66.8884417953079	66.8884417953079	18	18	36
310	1	18	87.4463502624866	26.7606171609545	66.8884417953079	66.8884417953079	16	18	36
311	1	18	87.4463502624866	26.7606171609545	66.8884417953079	66.8884417953079	20	18	18
312	1	18	87.4463502624866	26.7606171609545	66.8884417953079	66.7561602283706	20	18	42
313	1	18	87.4463502624866	26.7606171609545	66.8884417953079	66.7561602283706	21	18	21
314	1	18	87.4463502624866	26.7606171609545	66.8884417953079	66.8884417953079	17	18	18
315	1	18	87.4463502624866	26.7606171609545	66.8884417953079	66.7561602283706	19	18	42
316	1	18	87.4463502624866	26.7606171609545	66.8884417953079	66.8884417953079	18	18	36
317	1	18	87.4463502624866	26.7606171609545	66.8884417953079	66.8884417953079	18	18	36
318	1	18	87.4463502624866	26.7606171609545	66.8884417953079	66.8884417953079	18	18	36
319	1	18	87.4463502624866	26.7606171609545	66.8884417953079	66.8884417953079	18	18	36
320	1	18	87.4463502624866	26.7606171609545	66.8884417953079	66.8884417953079	18	18	36
321	1	18	87.4463502624866	26.7606171609545	66.8884417953079	66.8884417953079	18	18	36
322	1	18	87.4463502624866	26.7606171609545	66.8884417953079	66.8884417953079	18	18	36
323	1	18	87.4463502624866	26.7606171609545	66.8884417953079	66.8884417953079	18	18	36
324	1	18	87.4463502624866	26.7606171609545	66.8884417953079	66.8884417953079	18	18	36
325	1	18	87.4463502624866	26.7606171609545	66.8884417953079	66.8884417953079	19	18	36
326	1	18	87.4463502624866	26.7606171609545	66.8884417953079	66.7561602283706	21	18	42
327	1	18	87.4463502624866	26.7606171609545	66.8884417953079	66.8884417953079	18	18	18
328	1	18	87.4463502624866	26.7606171609545	66.8884417953079	66.7561602283706	21	18	42
329	1	18	87.4463502624866	26.7606171609545	66.8884417953079	66.8884417953079	18	18	54
330	1	18	87.4463502624866	26.7606171609545	66.8884417953079	66.8884417953079	17	18	54
331	1	18	87.4463502624866	26.7606171609545	66.8884417953079	66.8884417953079	18	18	18
332	1	18	87.4463502624866	26.7606171609545	66.8884417953079	66.8884417953079	18	18	18
333	1	18	87.4463502624866	26.7606171609545	66.8884417953079	66.8884417953079	18	18	18
334	1	18	87.4463502624866	26.7606171609545	66.8884417953079	66.8884417953079	18	18	18
335	1	18	87.4463502624866	26.7606171609545	66.8884417953079	66.8884417953079	18	18	18
336	1	18	87.4463502624866	26.7606171609545	66.8884417953079	66.8884417953079	18	18	18
337	1	18	87.4463502624866	26.7606171609545	66.8884417953079	66.8884417953079	18	18	18
338	1	18	87.4463502624866	26.7606171609545	66.8884417953079	66.8884417953079	18	18	18
339	1	18	87.4463502624866	26.7606171609545	66.8884417953079	66.8884417953079	18	18	18
340	1	18	87.4463502624866	26.7606171609545	66.8884417953079	66.8884417953079	18	18	18
341	1	18	87.4463502624866	26.7606171609545	66.8884417953079	66.8884417953079	18	18	18
342	1	18	87.4463502624866	26.7606171609545	66.8884417953079	66.8884417953079	18	18	18
343	1	18	87.4463502624866	26.7606171609545	66.8884417953079	66.8884417953079	18	18	18
344	1	18	87.4463502624866	26.7606171609545	66.8884417953079	66.8884417953079	18	18	18
345	1	18	87.4463502624866	26.7606171609545	66.8884417953079	66.8884417953079	18	18	18
346	1	18	87.4463502624866	26.7606171609545	66.8884417953079	66.8884417953079	18	18	18
347	1	18	87.4463502624866	26.7606171609545	66.8884417953079	66.8884417953079	17	18	18
348	1	18	87.4463502624866	26.7606171609545	66.8884417953079	66.8884417953079	16	18	18
349	1	18	87.4463502624866	26.7606171609545	66.8884417953079	66.8884417953079	18	18	18
350	1	18	87.4463502624866	26.7606171609545	66.8884417953079	66.8884417953079	18	18	36
351	1	18	87.4463502624866	26.7606171609545	66.8884417953079	66.8884417953079	18	18	36
352	1	18	87.4463502624866	26.7606171609545	66.8884417953079	66.8884417953079	18	18	36
353	1	18	87.4463502624866	26.7606171609545	66.8884417953079	66.8884417953079	18	18	36
354	1	18	87.4463502624866	26.7606171609545	66.8884417953079	66.8884417953079	18	18	36
355	1	18	87.4463502624866	26.7606171609545	66.8884417953079	66.8884417953079	18	18	36
356	1	18	87.4463502624866	26.7606171609545	66.8884417953079	66.8884417953079	18	18	36
357	1	18	87.4463502624866	26.7606171609545	66.8884417953079	66.8884417953079	18	18	36
358	1	18	87.4463502624866	26.7606171609545	66.8884417953079	66.8884417953079	18	18	36
359	1	18	87.4463502624866	26.7606171609545	66.8884417953079	66.8884417953079	18	18	36
360	1	18	87.4463502624866	26.7606171609545	66.8884417953079	66.8884417953079	19	18	36
361	1	18	87.4463502624866	26.7606171609545	66.8884417953079	66.8884417953079	18	18	18
362	1	18	87.4463502624866	26.7606171609545	66.8884417953079	66.8884417953079	18	18	36
363	1	18	87.4463502624866	26.7606171609545	66.8884417953079	66.8884417953079	18	18	36
364	1	18	87.4463502624866	26.7606171609545	66.8884417953079	66.8884417953079	18	18	36
365	1	18	87.4463502624866	26.7606171609545	66.8884417953079	66.8884417953079	18	18	36
366	1	18	87.4463502624866	26.7606171609545	66.8884417953079	66.8884417953079	18	18	36
367	1	18	87.4463502624866	26.7606171609545	66.8884417953079	66.8884417953079	18	18	36
368	1	18	87.4463502624866	26.7606171609545	66.8884417953079	66.8884417953079	18	18	36
369	1	18	87.4463502624866	26.7606171609545	66.8884417953079	66.8884417953079	18	18	36
370	1	18	87.4463502624866	26.7606171609545	66.8884417953079	66.8884417953079	18	18	36
371	1	18	87.4463502624866	26.7606171609545	66.8884417953079	66.8884417953079	18	18	36
372	1	18	87.4463502624866	26.7606171609545	66.8884417953079	66.8884417953079	18	18	36
373	1	18	87.4463502624866	26.7606171609545	66.8884417953079	66.8884417953079	18	18	36
374	1	18	87.4463502624866	26.7606171609545	66.8884417953079	66.8884417953079	18	18	36
375	1	18	87.4463502624866	26.7606171609545	66.8884417953079	66.8884417953079	19	18	36
376	1	18	87.4463502624866	26.7606171609545	66.8884417953079	66.8884417953079	18	18	18
377	1	18	87.4463502624866	26.7606171609545	66.8884417953079	66.8884417953079	18	18	36
378	1	18	87.4463502624866	26.7606171609545	66.8884417953079	66.8884417953079	18	18	36
379	1	18	87.4463502624866	26.7606171609545	66.8884417953079	66.8884417953079	18	18	36
380	1	18	87.4463502624866	26.7606171609545	66.8884417953079	66.8884417953079	18	18	36
381	1	18	87.4463502624866	26.7606171609545	66.8884417953079	66.8884417953079	18	18	36
382	1	18	87.4463502624866	26.7606171609545	66.8884417953079	66.8884417953079	18	18	36
383	1	18	87.4463502624866	26.7606171609545	66.8884417953079	66.8884417953079	18	18	36
384	1	18	87.4463502624866	26.7606171609545	66.8884417953079	66.8884417953079	18	18	36
385	1	18	87.4463502624866	26.7606171609545	66.8884417953079	66.8884417953079	18	18	36
386	1	18	87.4463502624866	26.7606171609545	66.8884417953079	66.8884417953079	18	18	36
387	1	18	87.4463502624866	26.7606171609545	66.8884417953079	66.8884417953079	18	18	36
388	1	18	87.4463502624866	26.7606171609545	66.8884417953079	66.8884417953079	18	18	36
389	1	18	87.4463502624866	26.7606171609545	66.8884417953079	66.8884417953079	18	18	36
390	1	18	87.4463502624866	26.7606171609545	66.8884417953079	66.8884417953079	19	18	36
391	1	18	87.4463502624866	26.7606171609545	66.8884417953079	66.8884417953079	17	18	18
392	1	18	87.4463502624866	26.7606171609545	66.8884417953079	66.8884417953079	18	18	18
393	1	18	87.4463502624866	26.7606171609545	66.8884417953079	66.8884417953079	18	18	36
394	1	18	87.4463502624866	26.7606171609545	66.8884417953079	66.8884417953079	18	18	36
395	1	18	87.4463502624866	26.7606171609545	66.8884417953079	66.8884417953079	18	18	36
396	1	18	87.4463502624866	26.7606171609545	66.8884417953079	66.8884417953079	18	18	36
397	1	18	87.4463502624866	26.7606171609545	66.8884417953079	66.8884417953079	18	18	36
398	1	18	87.4463502624866	26.7606171609545	66.8884417953079	66.8884417953079	18	18	36
399	1	18	87.4463502624866	26.7606171609545	66.8884417953079	66.8884417953079	18	18	36
400	1	18	87.4463502624866	26.7606171609545	66.8884417953079	66.8884417953079	18	18	36
401	1	18	87.4463502624866	26.7606171609545	66.8884417953079	66.8884417953079	18	18	36
402	1	18	87.4463502624866	26.7606171609545	66.8884417953079	66.8884417953079	18	18	36
403	1	18	87.4463502624866	26.7606171609545	66.8884417953079	66.8884417953079	18	18	36
404	1	18	87.4463502624866	26.7606171609545	66.8884417953079	66.8884417953079	18	18	36
405	1	18	87.4463502624866	26.7606171609545	66.8884417953079	66.8884417953079	19	18	36
406	1	18	87.4463502624866	26.7606171609545	66.8884417953079	66.8884417953079	18	18	18
407	1	18	87.4463502624866	26.7606171609545	66.8884417953079	66.8884417953079	18	18	36
408	1	18	87.4463502624866	26.7606171609545	66.8884417953079	66.8884417953079	18	18	36
409	1	18	87.4463502624866	26.7606171609545	66.8884417953079	66.8884417953079	18	18	36
410	1	18	87.4463502624866	26.7606171609545	66.8884417953079	66.8884417953079	18	18	36
411	1	18	87.4463502624866	26.7606171609545	66.8884417953079	66.8884417953079	18	18	36
412	1	18	87.4463502624866	26.7606171609545	66.8884417953079	66.8884417953079	18	18	36
413	1	18	87.4463502624866	26.7606171609545	66.8884417953079	66.8884417953079	18	18	36
414	1	18	87.4463502624866	26.7606171609545	66.8884417953079	66.8884417953079	18	18	36
415	1	18	87.4463502624866	26.7606171609545	66.8884417953079	66.8884417953079	18	18	36
416	1	18	87.4463502624866	26.7606171609545	66.8884417953079	66.8884417953079	18	18	36
417	1	18	87.4463502624866	26.7606171609545	66.8884417953079	66.8884417953079	18	18	36
418	1	18	87.4463502624866	26.7606171609545	66.8884417953079	66.8884417953079	18	18	36
419	1	18	87.4463502624866	26.7606171609545	66.8884417953079	66.8884417953079	18	18	36
420	1	18	87.4463502624866	26.7606171609545	66.8884417953079	66.8884417953079	19	18	36
421	1	18	87.4463502624866	26.7606171609545	66.8884417953079	66.8884417953079	18	18	18
422	1	18	87.4463502624866	26.7606171609545	66.8884417953079	66.8884417953079	18	18	36
423	1	18	87.4463502624866	26.7606171609545	66.8884417953079	66.8884417953079	18	18	36
424	1	18	87.4463502624866	26.7606171609545	66.8884417953079	66.8884417953079	18	18	36
425	1	18	87.4463502624866	26.7606171609545	66.8884417953079	66.8884417953079	17	18	36
426	1	18	87.4463502624866	26.7606171609545	66.8884417953079	66.8884417953079	18	18	36
427	1	18	87.4463502624866	26.7606171609545	66.8884417953079	66.8884417953079	18	18	36
428	1	18	87.4463502624866	26.7606171609545	66.8884417953079	66.8884417953079	18	18	36
429	1	18	87.4463502624866	26.7606171609545	66.8884417953079	66.8884417953079	18	18	36
430	1	18	87.4463502624866	26.7606171609545	66.8884417953079	66.8884417953079	18	18	54
431	1	18	87.4463502624866	26.7606171609545	66.8884417953079	66.8884417953079	18	18	18
432	1	18	87.4463502624866	26.7606171609545	66.8884417953079	66.8884417953079	18	18	36
433	1	18	87.4463502624866	26.7606171609545	66.8884417953079	66.8884417953079	18	18	54
434	1	18	87.4463502624866	26.7606171609545	66.8884417953079	66.8884417953079	18	18	72
435	1	18	87.4463502624866	26.7606171609545	66.8884417953079	66.8884417953079	17	18	72
436	1	18	87.4463502624866	26.7606171609545	66.8884417953079	66.8884417953079	18	18	36
437	1	18	87.4463502624866	26.7606171609545	66.8884417953079	66.8884417953079	18	18	36
438	1	18	87.4463502624866	26.7606171609545	66.8884417953079	66.8884417953079	18	18	54
439	1	18	87.4463502624866	26.7606171609545	66.8884417953079	66.8884417953079	18	18	54
440	1	18	87.4463502624866	26.7606171609545	66.8884417953079	66.8884417953079	19	18	54
441	1	18	87.4463502624866	26.7606171609545	66.8884417953079	66.8884417953079	18	18	36
442	1	18	87.4463502624866	26.7606171609545	66.8884417953079	66.8884417953079	18	18	36
443	1	18	87.4463502624866	26.7606171609545	66.8884417953079	66.8884417953079	18	18	72
444	1	18	87.4463502624866	26.7606171609545	66.8884417953079	66.8884417953079	18	18	72
445	1	18	87.4463502624866	26.7606171609545	66.8884417953079	66.8884417953079	18	18	72
446	1	18	87.4463502624866	26.7606171609545	66.8884417953079	66.8884417953079	18	18	54
447	1	18	87.4463502624866	26.7606171609545	66.8884417953079	66.8884417953079	18	18	54
448	1	18	87.4463502624866	26.7606171609545	66.8884417953079	66.8884417953079	18	18	54
449	1	18	87.4463502624866	26.7606171609545	66.8884417953079	66.8884417953079	18	18	54
450	1	18	87.4463502624866	26.7606171609545	66.8884417953079	66.8884417953079	18	18	54
451	1	18	87.4463502624866	26.7606171609545	66.8884417953079	66.8884417953079	18	18	54
452	1	18	87.4463502624866	26.7606171609545	66.8884417953079	66.8884417953079	18	18	54
453	1	18	87.4463502624866	26.7606171609545	66.8884417953079	66.8884417953079	18	18	54
454	1	18	87.4463502624866	26.7606171609545	66.8884417953079	66.8884417953079	18	18	54
455	1	18	87.4463502624866	26.7606171609545	66.8884417953079	66.8884417953079	19	18	54
456	1	18	87.4463502624866	26.7606171609545	66.8884417953079	66.8884417953079	18	18	36
457	1	18	87.4463502624866	26.7606171609545	66.8884417953079	66.8884417953079	18	18	54
458	1	18	87.4463502624866	26.7606171609545	66.8884417953079	66.8884417953079	17	18	54
459	1	18	87.4463502624866	26.7606171609545	66.8884417953079	66.8884417953079	18	18	36
460	1	18	87.4463502624866	26.7606171609545	66.8884417953079	66.8884417953079	16	18	54
461	1	18	87.4463502624866	26.7606171609545	66.8884417953079	66.8884417953079	18	18	36
462	1	18	87.4463502624866	26.7606171609545	66.8884417953079	66.8884417953079	18	18	54
463	1	18	87.4463502624866	26.7606171609545	66.8884417953079	66.8884417953079	18	18	54
464	1	18	87.4463502624866	26.7606171609545	66.8884417953079	66.8884417953079	18	18	54
465	1	18	87.4463502624866	26.7606171609545	66.8884417953079	66.8884417953079	18	18	54
466	1	18	87.4463502624866	26.7606171609545	66.8884417953079	66.8884417953079	18	18	36
467	1	18	87.4463502624866	26.7606171609545	66.8884417953079	66.8884417953079	18	18	36
468	1	18	87.4463502624866	26.7606171609545	66.8884417953079	66.8884417953079	18	18	72
469	1	18	87.4463502624866	26.7606171609545	66.8884417953079	66.8884417953079	18	18	72
470	1	18	87.4463502624866	26.7606171609545	66.8884417953079	66.8884417953079	16	18	72
471	1	18	87.4463502624866	26.7606171609545	66.8884417953079	66.8884417953079	18	18	36
472	1	18	87.4463502624866	26.7606171609545	66.8884417953079	66.8884417953079	18	18	36
473	1	18	87.4463502624866	26.7606171609545	66.8884417953079	66.8884417953079	18	18	54
474	1	18	87.4463502624866	26.7606171609545	66.8884417953079	66.8884417953079	18	18	54
475	1	18	87.4463502624866	26.7606171609545	66.8884417953079	66.8884417953079	17	18	54
476	1	18	87.4463502624866	26.7606171609545	66.8884417953079	66.8884417953079	18	18	36
477	1	18	87.4463502624866	26.7606171609545	66.8884417953079	66.8884417953079	18	18	36
478	1	18	87.4463502624866	26.7606171609545	66.8884417953079	66.8884417953079	18	18	72
479	1	18	87.4463502624866	26.7606171609545	66.8884417953079	66.8884417953079	18	18	72
480	1	18	87.4463502624866	26.7606171609545	66.8884417953079	66.8884417953079	17	18	72
481	1	18	87.4463502624866	26.7606171609545	66.8884417953079	66.8884417953079	18	18	36
482	1	18	87.4463502624866	26.7606171609545	66.8884417953079	66.8884417953079	18	18	54
483	1	18	87.4463502624866	26.7606171609545	66.8884417953079	66.8884417953079	18	18	54
484	1	18	87.4463502624866	26.7606171609545	66.8884417953079	66.8884417953079	18	18	54
485	1	18	87.4463502624866	26.7606171609545	66.8884417953079	66.8884417953079	18	18	54
486	1	18	87.4463502624866	26.7606171609545	66.8884417953079	66.8884417953079	18	18	36
487	1	18	87.4463502624866	26.7606171609545	66.8884417953079	66.8884417953079	18	18	54
488	1	18	87.4463502624866	26.7606171609545	66.8884417953079	66.8884417953079	18	18	72
489	1	18	87.4463502624866	26.7606171609545	66.8884417953079	66.8884417953079	18	18	90
490	1	18	87.4463502624866	26.7606171609545	66.8884417953079	66.8884417953079	16	18	90
491	1	18	87.4463502624866	26.7606171609545	66.8884417953079	66.8884417953079	18	18	54
492	1	18	87.4463502624866	26.7606171609545	66.8884417953079	66.8884417953079	18	18	36
493	1	18	87.4463502624866	26.7606171609545	66.8884417953079	66.8884417953079	18	18	54
494	1	18	87.4463502624866	26.7606171609545	66.8884417953079	66.8884417953079	18	18	54
495	1	18	87.4463502624866	26.7606171609545	66.8884417953079	66.8884417953079	19	18	54
496	1	18	87.4463502624866	26.7606171609545	66.8884417953079	66.8884417953079	18	18	36
497	1	18	87.4463502624866	26.7606171609545	66.8884417953079	66.8884417953079	18	18	36
498	1	18	87.4463502624866	26.7606171609545	66.8884417953079	66.8884417953079	18	18	72
499	1	18	87.4463502624866	26.7606171609545	66.8884417953079	66.8884417953079	18	18	72
500	1	18	87.4463502624866	26.7606171609545	66.8884417953079	66.8884417953079	18	18	72
501	1	18	87.4463502624866	26.7606171609545	66.8884417953079	66.8884417953079	18	18	54
502	1	18	87.4463502624866	26.7606171609545	66.8884417953079	66.8884417953079	18	18	54
503	1	18	87.4463502624866	26.7606171609545	66.8884417953079	66.8884417953079	18	18	54
504	1	18	87.4463502624866	26.7606171609545	66.8884417953079	66.8884417953079	18	18	72
505	1	18	87.4463502624866	26.7606171609545	66.8884417953079	66.8884417953079	18	18	72
506	1	18	87.4463502624866	26.7606171609545	66.8884417953079	66.8884417953079	18	18	54
507	1	18	87.4463502624866	26.7606171609545	66.8884417953079	66.8884417953079	18	18	54
508	1	18	87.4463502624866	26.7606171609545	66.8884417953079	66.8884417953079	18	18	54
509	1	18	87.4463502624866	26.7606171609545	66.8884417953079	66.8884417953079	18	18	54
510	1	18	87.4463502624866	26.7606171609545	66.8884417953079	66.8884417953079	19	18	72
511	1	18	87.4463502624866	26.7606171609545	66.8884417953079	66.8884417953079	18	18	36
512	1	18	87.4463502624866	26.7606171609545	66.8884417953079	66.8884417953079	18	18	54
513	1	18	87.4463502624866	26.7606171609545	66.8884417953079	66.8884417953079	17	18	54
514	1	18	87.4463502624866	26.7606171609545	66.8884417953079	66.8884417953079	18	18	54
515	1	18	87.4463502624866	26.7606171609545	66.8884417953079	66.8884417953079	18	18	54
516	1	18	87.4463502624866	26.7606171609545	66.8884417953079	66.8884417953079	18	18	36
517	1	18	87.4463502624866	26.7606171609545	66.8884417953079	66.8884417953079	18	18	36
518	1	18	87.4463502624866	26.7606171609545	66.8884417953079	66.8884417953079	18	18	54
519	1	18	87.4463502624866	26.7606171609545	66.8884417953079	66.8884417953079	18	18	54
520	1	18	87.4463502624866	26.7606171609545	66.8884417953079	66.8884417953079	18	18	54
521	1	18	87.4463502624866	26.7606171609545	66.8884417953079	66.8884417953079	18	18	36
522	1	18	87.4463502624866	26.7606171609545	66.8884417953079	66.8884417953079	18	18	54
523	1	18	87.4463502624866	26.7606171609545	66.8884417953079	66.8884417953079	18	18	72
524	1	18	87.4463502624866	26.7606171609545	66.8884417953079	66.8884417953079	18	18	72
525	1	18	87.4463502624866	26.7606171609545	66.8884417953079	66.8884417953079	16	18	72
526	1	18	87.4463502624866	26.7606171609545	66.8884417953079	66.8884417953079	18	18	36
527	1	18	87.4463502624866	26.7606171609545	66.8884417953079	66.8884417953079	18	18	54
528	1	18	87.4463502624866	26.7606171609545	66.8884417953079	66.8884417953079	18	18	54
529	1	18	87.4463502624866	26.7606171609545	66.8884417953079	66.8884417953079	18	18	54
530	1	18	87.4463502624866	26.7606171609545	66.8884417953079	66.8884417953079	16	18	54
531	1	18	87.4463502624866	26.7606171609545	66.8884417953079	66.8884417953079	18	18	36
532	1	18	87.4463502624866	26.7606171609545	66.8884417953079	66.8884417953079	18	18	36
533	1	18	87.4463502624866	26.7606171609545	66.8884417953079	66.8884417953079	18	18	90
534	1	18	87.4463502624866	26.7606171609545	66.8884417953079	66.8884417953079	18	18	90
535	1	18	87.4463502624866	26.7606171609545	66.8884417953079	66.8884417953079	16	18	72
536	1	18	87.4463502624866	26.7606171609545	66.8884417953079	66.8884417953079	18	18	36
537	1	18	87.4463502624866	26.7606171609545	66.8884417953079	66.8884417953079	18	18	36
538	1	18	87.4463502624866	26.7606171609545	66.8884417953079	66.8884417953079	18	18	36
539	1	18	87.4463502624866	26.7606171609545	66.8884417953079	66.8884417953079	18	18	36
540	1	18	87.4463502624866	26.7606171609545	66.8884417953079	66.8884417953079	18	18	36
541	1	18	87.4463502624866	26.7606171609545	66.8884417953079	66.8884417953079	18	18	54
542	1	18	87.4463502624866	26.7606171609545	66.8884417953079	66.8884417953079	18	18	90
543	1	18	87.4463502624866	26.7606171609545	66.8884417953079	66.8884417953079	18	18	90
544	1	18	87.4463502624866	26.7606171609545	66.8884417953079	66.8884417953079	18	18	90
545	1	18	87.4463502624866	26.7606171609545	66.8884417953079	66.8884417953079	17	18	90
546	1	18	87.4463502624866	26.7606171609545	66.8884417953079	66.8884417953079	18	18	36
547	1	18	87.4463502624866	26.7606171609545	66.8884417953079	66.8884417953079	18	18	36
548	1	18	87.4463502624866	26.7606171609545	66.8884417953079	66.8884417953079	18	18	54
549	1	18	87.4463502624866	26.7606171609545	66.8884417953079	66.8884417953079	18	18	54
550	1	18	87.4463502624866	26.7606171609545	66.8884417953079	66.8884417953079	19	18	54
551	1	18	87.4463502624866	26.7606171609545	66.8884417953079	66.8884417953079	18	18	36
552	1	18	87.4463502624866	26.7606171609545	66.8884417953079	66.8884417953079	18	18	54
553	1	18	87.4463502624866	26.7606171609545	66.8884417953079	66.8884417953079	18	18	72
554	1	18	87.4463502624866	26.7606171609545	66.8884417953079	66.8884417953079	18	18	72
555	1	18	87.4463502624866	26.7606171609545	66.8884417953079	66.8884417953079	18	18	72
556	1	18	87.4463502624866	26.7606171609545	66.8884417953079	66.8884417953079	18	18	54
557	1	18	87.4463502624866	26.7606171609545	66.8884417953079	66.8884417953079	18	18	54
558	1	18	87.4463502624866	26.7606171609545	66.8884417953079	66.8884417953079	18	18	54
559	1	18	87.4463502624866	26.7606171609545	66.8884417953079	66.8884417953079	18	18	54
560	1	18	87.4463502624866	26.7606171609545	66.8884417953079	66.8884417953079	18	18	54
561	1	18	87.4463502624866	26.7606171609545	66.8884417953079	66.8884417953079	18	18	54
562	1	18	87.4463502624866	26.7606171609545	66.8884417953079	66.8884417953079	18	18	54
563	1	18	87.4463502624866	26.7606171609545	66.8884417953079	66.8884417953079	18	18	54
564	1	18	87.4463502624866	26.7606171609545	66.8884417953079	66.8884417953079	18	18	54
565	1	18	87.4463502624866	26.7606171609545	66.8884417953079	66.8884417953079	19	18	54
566	1	18	87.4463502624866	26.7606171609545	66.8884417953079	66.8884417953079	18	18	36
567	1	18	87.4463502624866	26.7606171609545	66.8884417953079	66.8884417953079	18	18	54
568	1	18	87.4463502624866	26.7606171609545	66.8884417953079	66.8884417953079	17	18	54
569	1	18	87.4463502624866	26.7606171609545	66.8884417953079	66.8884417953079	18	18	36
570	1	18	87.4463502624866	26.7606171609545	66.8884417953079	66.8884417953079	18	18	36
571	1	18	87.4463502624866	26.7606171609545	66.8884417953079	66.8884417953079	18	18	36
572	1	18	87.4463502624866	26.7606171609545	66.8884417953079	66.8884417953079	18	18	36
573	1	18	87.4463502624866	26.7606171609545	66.8884417953079	66.8884417953079	18	18	36
574	1	18	87.4463502624866	26.7606171609545	66.8884417953079	66.8884417953079	18	18	54
575	1	18	87.4463502624866	26.7606171609545	66.8884417953079	66.8884417953079	18	18	54
576	1	18	87.4463502624866	26.7606171609545	66.8884417953079	66.8884417953079	18	18	36
577	1	18	87.4463502624866	26.7606171609545	66.8884417953079	66.8884417953079	18	18	54
578	1	18	87.4463502624866	26.7606171609545	66.8884417953079	66.8884417953079	18	18	90
579	1	18	87.4463502624866	26.7606171609545	66.8884417953079	66.8884417953079	18	18	90
580	1	18	87.4463502624866	26.7606171609545	66.8884417953079	66.8884417953079	17	18	90
581	1	18	87.4463502624866	26.7606171609545	66.8884417953079	66.8884417953079	18	18	36
582	1	18	87.4463502624866	26.7606171609545	66.8884417953079	66.8884417953079	18	18	54
583	1	18	87.4463502624866	26.7606171609545	66.8884417953079	66.8884417953079	18	18	54
584	1	18	87.4463502624866	26.7606171609545	66.8884417953079	66.8884417953079	18	18	54
585	1	18	87.4463502624866	26.7606171609545	66.8884417953079	66.8884417953079	18	18	54
586	1	18	87.4463502624866	26.7606171609545	66.8884417953079	66.8884417953079	18	18	36
587	1	18	87.4463502624866	26.7606171609545	66.8884417953079	66.8884417953079	18	18	54
588	1	18	87.4463502624866	26.7606171609545	66.8884417953079	66.8884417953079	18	18	72
589	1	18	87.4463502624866	26.7606171609545	66.8884417953079	66.8884417953079	18	18	72
590	1	18	87.4463502624866	26.7606171609545	66.8884417953079	66.8884417953079	18	18	72
591	1	18	87.4463502624866	26.7606171609545	66.8884417953079	66.8884417953079	18	18	72
592	1	18	87.4463502624866	26.7606171609545	66.8884417953079	66.8884417953079	18	18	72
593	1	18	87.4463502624866	26.7606171609545	66.8884417953079	66.8884417953079	18	18	90
594	1	18	87.4463502624866	26.7606171609545	66.8884417953079	66.8884417953079	18	18	90
595	1	18	87.4463502624866	26.7606171609545	66.8884417953079	66.8884417953079	18	18	90
596	1	18	87.4463502624866	26.7606171609545	66.8884417953079	66.8884417953079	18	18	54
597	1	18	87.4463502624866	26.7606171609545	66.8884417953079	66.8884417953079	18	18	54
598	1	18	87.4463502624866	26.7606171609545	66.8884417953079	66.8884417953079	18	18	54
599	1	18	87.4463502624866	26.7606171609545	66.8884417953079	66.8884417953079	18	18	54
600	1	18	87.4463502624866	26.7606171609545	66.8884417953079	66.8884417953079	18	18	54
601	1	18	87.4463502624866	26.7606171609545	66.8884417953079	66.8884417953079	18	18	54
602	1	18	87.4463502624866	26.7606171609545	66.8884417953079	66.8884417953079	18	18	54
603	1	18	87.4463502624866	26.7606171609545	66.8884417953079	66.8884417953079	18	18	72
604	1	18	87.4463502624866	26.7606171609545	66.8884417953079	66.8884417953079	18	18	72
605	1	18	87.4463502624866	26.7606171609545	66.8884417953079	66.8884417953079	18	18	90
606	1	18	87.4463502624866	26.7606171609545	66.8884417953079	66.8884417953079	18	18	54
607	1	18	87.4463502624866	26.7606171609545	66.8884417953079	66.8884417953079	18	18	72
608	1	18	87.4463502624866	26.7606171609545	66.8884417953079	66.8884417953079	18	18	90
609	1	18	87.4463502624866	26.7606171609545	66.8884417953079	66.8884417953079	18	18	90
610	1	18	87.4463502624866	26.7606171609545	66.8884417953079	66.8884417953079	18	18	90
611	1	18	87.4463502624866	26.7606171609545	66.8884417953079	66.8884417953079	18	18	54
612	1	18	87.4463502624866	26.7606171609545	66.8884417953079	66.8884417953079	18	18	54
613	1	18	87.4463502624866	26.7606171609545	66.8884417953079	66.8884417953079	18	18	54
614	1	18	87.4463502624866	26.7606171609545	66.8884417953079	66.8884417953079	18	18	54
615	1	18	87.4463502624866	26.7606171609545	66.8884417953079	66.8884417953079	18	18	54
616	1	18	87.4463502624866	26.7606171609545	66.8884417953079	66.8884417953079	18	18	54
617	1	18	87.4463502624866	26.7606171609545	66.8884417953079	66.8884417953079	18	18	54
618	1	18	87.4463502624866	26.7606171609545	66.8884417953079	66.8884417953079	18	18	54
619	1	18	87.4463502624866	26.7606171609545	66.8884417953079	66.8884417953079	18	18	54
620	1	18	87.4463502624866	26.7606171609545	66.8884417953079	66.8884417953079	18	18	54
621	1	18	87.4463502624866	26.7606171609545	66.8884417953079	66.8884417953079	18	18	54
622	1	18	87.4463502624866	26.7606171609545	66.8884417953079	66.8884417953079	18	18	54
623	1	18	87.4463502624866	26.7606171609545	66.8884417953079	66.8884417953079	18	18	54
624	1	18	87.4463502624866	26.7606171609545	66.8884417953079	66.8884417953079	18	18	54
625	1	18	87.4463502624866	26.7606171609545	66.8884417953079	66.8884417953079	18	18	54
626	1	18	87.4463502624866	26.7606171609545	66.8884417953079	66.8884417953079	18	18	54
627	1	18	87.4463502624866	26.7606171609545	66.8884417953079	66.8884417953079	18	18	54
628	1	18	87.4463502624866	26.7606171609545	66.8884417953079	66.8884417953079	18	18	54
629	1	18	87.4463502624866	26.7606171609545	66.8884417953079	66.8884417953079	18	18	54
630	1	18	87.4463502624866	26.7606171609545	66.8884417953079	66.8884417953079	18	18	72
631	1	18	87.4463502624866	26.7606171609545	66.8884417953079	66.8884417953079	18	18	54
632	1	18	87.4463502624866	26.7606171609545	66.8884417953079	66.8884417953079	18	18	54
633	1	18	87.4463502624866	26.7606171609545	66.8884417953079	66.8884417953079	18	18	54
634	1	18	87.4463502624866	26.7606171609545	66.8884417953079	66.8884417953079	18	18	54
635	1	18	87.4463502624866	26.7606171609545	66.8884417953079	66.8884417953079	18	18	54
636	1	18	87.4463502624866	26.7606171609545	66.8884417953079	66.8884417953079	18	18	54
637	1	18	87.4463502624866	26.7606171609545	66.8884417953079	66.8884417953079	18	18	54
638	1	18	87.4463502624866	26.7606171609545	66.8884417953079	66.8884417953079	18	18	54
639	1	18	87.4463502624866	26.7606171609545	66.8884417953079	66.8884417953079	18	18	54
640	1	18	87.4463502624866	26.7606171609545	66.8884417953079	66.8884417953079	18	18	72
641	1	18	87.4463502624866	26.7606171609545	66.8884417953079	66.8884417953079	18	18	54
642	1	18	87.4463502624866	26.7606171609545	66.8884417953079	66.8884417953079	18	18	54
643	1	18	87.4463502624866	26.7606171609545	66.8884417953079	66.8884417953079	18	18	54
644	1	18	87.4463502624866	26.7606171609545	66.8884417953079	66.8884417953079	18	18	54
645	1	18	87.4463502624866	26.7606171609545	66.8884417953079	66.8884417953079	18	18	54
646	1	18	87.4463502624866	26.7606171609545	66.8884417953079	66.8884417953079	18	18	54
647	1	18	87.4463502624866	26.7606171609545	66.8884417953079	66.8884417953079	18	18	54
648	1	18	87.4463502624866	26.7606171609545	66.8884417953079	66.8884417953079	18	18	54
649	1	18	87.4463502624866	26.7606171609545	66.8884417953079	66.8884417953079	18	18	54
650	1	18	87.4463502624866	26.7606171609545	66.8884417953079	66.8884417953079	18	18	54
651	1	18	87.4463502624866	26.7606171609545	66.8884417953079	66.8884417953079	18	18	54
652	1	18	87.4463502624866	26.7606171609545	66.8884417953079	66.8884417953079	18	18	54
653	1	18	87.4463502624866	26.7606171609545	66.8884417953079	66.8884417953079	18	18	54
654	1	18	87.4463502624866	26.7606171609545	66.8884417953079	66.8884417953079	18	18	54
655	1	18	87.4463502624866	26.7606171609545	66.8884417953079	66.8884417953079	18	18	54
656	1	18	87.4463502624866	26.7606171609545	66.8884417953079	66.8884417953079	18	18	54
657	1	18	87.4463502624866	26.7606171609545	66.8884417953079	66.8884417953079	18	18	54
658	1	18	87.4463502624866	26.7606171609545	66.8884417953079	66.8884417953079	18	18	54
659	1	18	87.4463502624866	26.7606171609545	66.8884417953079	66.8884417953079	18	18	54
660	1	18	87.4463502624866	26.7606171609545	66.8884417953079	66.8884417953079	18	18	72
661	1	18	87.4463502624866	26.7606171609545	66.8884417953079	66.8884417953079	18	18	54
662	1	18	87.4463502624866	26.7606171609545	66.8884417953079	66.8884417953079	18	18	54
663	1	18	87.4463502624866	26.7606171609545	66.8884417953079	66.8884417953079	18	18	72
664	1	18	87.4463502624866	26.7606171609545	66.8884417953079	66.8884417953079	18	18	72
665	1	18	87.4463502624866	26.7606171609545	66.8884417953079	66.8884417953079	18	18	72
666	1	18	87.4463502624866	26.7606171609545	66.8884417953079	66.8884417953079	18	18	54
667	1	18	87.4463502624866	26.7606171609545	66.8884417953079	66.8884417953079	18	18	54
668	1	18	87.4463502624866	26.7606171609545	66.8884417953079	66.8884417953079	18	18	54
669	1	18	87.4463502624866	26.7606171609545	66.8884417953079	66.8884417953079	18	18	54
670	1	18	87.4463502624866	26.7606171609545	66.8884417953079	66.8884417953079	18	18	54
671	1	18	87.4463502624866	26.7606171609545	66.8884417953079	66.8884417953079	18	18	54
672	1	18	87.4463502624866	26.7606171609545	66.8884417953079	66.8884417953079	18	18	54
673	1	18	87.4463502624866	26.7606171609545	66.8884417953079	66.8884417953079	18	18	54
674	1	18	87.4463502624866	26.7606171609545	66.8884417953079	66.8884417953079	18	18	54
675	1	18	87.4463502624866	26.7606171609545	66.8884417953079	66.8884417953079	18	18	72
676	1	18	87.4463502624866	26.7606171609545	66.8884417953079	66.8884417953079	18	18	54
677	1	18	87.4463502624866	26.7606171609545	66.8884417953079	66.8884417953079	18	18	54
678	1	18	87.4463502624866	26.7606171609545	66.8884417953079	66.8884417953079	18	18	54
679	1	18	87.4463502624866	26.7606171609545	66.8884417953079	66.8884417953079	18	18	54
680	1	18	87.4463502624866	26.7606171609545	66.8884417953079	66.8884417953079	18	18	54
681	1	18	87.4463502624866	26.7606171609545	66.8884417953079	66.8884417953079	18	18	54
682	1	18	87.4463502624866	26.7606171609545	66.8884417953079	66.8884417953079	18	18	54
683	1	18	87.4463502624866	26.7606171609545	66.8884417953079	66.8884417953079	18	18	54
684	1	18	87.4463502624866	26.7606171609545	66.8884417953079	66.8884417953079	18	18	54
685	1	18	87.4463502624866	26.7606171609545	66.8884417953079	66.8884417953079	18	18	54
686	1	18	87.4463502624866	26.7606171609545	66.8884417953079	66.8884417953079	18	18	54
687	1	18	87.4463502624866	26.7606171609545	66.8884417953079	66.8884417953079	18	18	54
688	1	18	87.4463502624866	26.7606171609545	66.8884417953079	66.8884417953079	18	18	54
689	1	18	87.4463502624866	26.7606171609545	66.8884417953079	66.8884417953079	18	18	54
690	1	18	87.4463502624866	26.7606171609545	66.8884417953079	66.8884417953079	18	18	54
691	1	18	87.4463502624866	26.7606171609545	66.8884417953079	66.8884417953079	18	18	54
692	1	18	87.4463502624866	26.7606171609545	66.8884417953079	66.8884417953079	18	18	54
693	1	18	87.4463502624866	26.7606171609545	66.8884417953079	66.8884417953079	18	18	54
694	1	18	87.4463502624866	26.7606171609545	66.8884417953079	66.8884417953079	18	18	54
695	1	18	87.4463502624866	26.7606171609545	66.8884417953079	66.8884417953079	18	18	54
696	1	18	87.4463502624866	26.7606171609545	66.8884417953079	66.8884417953079	18	18	54
697	1	18	87.4463502624866	26.7606171609545	66.8884417953079	66.8884417953079	18	18	54
698	1	18	87.4463502624866	26.7606171609545	66.8884417953079	66.8884417953079	18	18	54
699	1	18	87.4463502624866	26.7606171609545	66.8884417953079	66.8884417953079	18	18	54
700	1	18	87.4463502624866	26.7606171609545	66.8884417953079	66.8884417953079	18	18	54
701	1	18	87.4463502624866	26.7606171609545	66.8884417953079	66.8884417953079	18	18	54
702	1	18	87.4463502624866	26.7606171609545	66.8884417953079	66.8884417953079	18	18	54
703	1	18	87.4463502624866	26.7606171609545	66.8884417953079	66.8884417953079	18	18	54
704	1	18	87.4463502624866	26.7606171609545	66.8884417953079	66.8884417953079	18	18	54
705	1	18	87.4463502624866	26.7606171609545	66.8884417953079	66.8884417953079	18	18	54
706	1	18	87.4463502624866	26.7606171609545	66.8884417953079	66.8884417953079	18	18	54
707	1	18	87.4463502624866	26.7606171609545	66.8884417953079	66.8884417953079	18	18	54
708	1	18	87.4463502624866	26.7606171609545	66.8884417953079	66.8884417953079	18	18	54
709	1	18	87.4463502624866	26.7606171609545	66.8884417953079	66.8884417953079	18	18	54
710	1	18	87.4463502624866	26.7606171609545	66.8884417953079	66.8884417953079	18	18	54
711	1	18	87.4463502624866	26.7606171609545	66.8884417953079	66.8884417953079	18	18	54
712	1	18	87.4463502624866	26.7606171609545	66.8884417953079	66.8884417953079	18	18	54
713	1	18	87.4463502624866	26.7606171609545	66.8884417953079	66.8884417953079	18	18	54
714	1	18	87.4463502624866	26.7606171609545	66.8884417953079	66.8884417953079	18	18	54
715	1	18	87.4463502624866	26.7606171609545	66.8884417953079	66.8884417953079	18	18	54
716	1	18	87.4463502624866	26.7606171609545	66.8884417953079	66.8884417953079	18	18	54
717	1	18	87.4463502624866	26.7606171609545	66.8884417953079	66.8884417953079	18	18	54
718	1	18	87.4463502624866	26.7606171609545	66.8884417953079	66.8884417953079	18	18	54
719	1	18	87.4463502624866	26.7606171609545	66.8884417953079	66.8884417953079	18	18	54
720	1	18	87.4463502624866	26.7606171609545	66.8884417953079	66.8884417953079	18	18	54
721	1	18	87.4463502624866	26.7606171609545	66.8884417953079	66.8884417953079	18	18	54
722	1	18	87.4463502624866	26.7606171609545	66.8884417953079	66.8884417953079	18	18	54
723	1	18	87.4463502624866	26.7606171609545	66.8884417953079	66.8884417953079	18	18	54
724	1	18	87.4463502624866	26.7606171609545	66.8884417953079	66.8884417953079	18	18	54
725	1	18	87.4463502624866	26.7606171609545	66.8884417953079	66.8884417953079	18	18	54
726	1	18	87.4463502624866	26.7606171609545	66.8884417953079	66.8884417953079	18	18	54
727	1	18	87.4463502624866	26.7606171609545	66.8884417953079	66.8884417953079	18	18	54
728	1	18	87.4463502624866	26.7606171609545	66.8884417953079	66.8884417953079	18	18	54
729	1	18	87.4463502624866	26.7606171609545	66.8884417953079	66.8884417953079	18	18	54
730	1	18	87.4463502624866	26.7606171609545	66.8884417953079	66.8884417953079	18	18	54
731	1	18	87.4463502624866	26.7606171609545	66.8884417953079	66.8884417953079	18	18	54
732	1	18	87.4463502624866	26.7606171609545	66.8884417953079	66.8884417953079	18	18	54
733	1	18	87.4463502624866	26.7606171609545	66.8884417953079	66.8884417953079	18	18	54
734	1	18	87.4463502624866	26.7606171609545	66.8884417953079	66.8884417953079	18	18	54
735	1	18	87.4463502624866	26.7606171609545	66.8884417953079	66.8884417953079	18	18	54
736	1	18	87.4463502624866	26.7606171609545	66.8884417953079	66.8884417953079	18	18	54
737	1	18	87.4463502624866	26.7606171609545	66.8884417953079	66.8884417953079	18	18	54
738	1	18	87.4463502624866	26.7606171609545	66.8884417953079	66.8884417953079	18	18	54
739	1	18	87.4463502624866	26.7606171609545	66.8884417953079	66.8884417953079	18	18	54
740	1	18	87.4463502624866	26.7606171609545	66.8884417953079	66.8884417953079	18	18	54
741	1	18	87.4463502624866	26.7606171609545	66.8884417953079	66.8884417953079	18	18	54
742	1	18	87.4463502624866	26.7606171609545	66.8884417953079	66.8884417953079	18	18	54
743	1	18	87.4463502624866	26.7606171609545	66.8884417953079	66.8884417953079	18	18	54
744	1	18	87.4463502624866	26.7606171609545	66.8884417953079	66.8884417953079	18	18	54
745	1	18	87.4463502624866	26.7606171609545	66.8884417953079	66.8884417953079	18	18	54
746	1	18	87.4463502624866	26.7606171609545	66.8884417953079	66.8884417953079	18	18	54
747	1	18	87.4463502624866	26.7606171609545	66.8884417953079	66.8884417953079	18	18	54
748	1	18	87.4463502624866	26.7606171609545	66.8884417953079	66.8884417953079	18	18	54
749	1	18	87.4463502624866	26.7606171609545	66.8884417953079	66.8884417953079	18	18	54
750	1	18	87.4463502624866	26.7606171609545	66.8884417953079	66.8884417953079	18	18	54
751	1	18	87.4463502624866	26.7606171609545	66.8884417953079	66.8884417953079	18	18	54
752	1	18	87.4463502624866	26.7606171609545	66.8884417953079	66.8884417953079	18	18	54
753	1	18	87.4463502624866	26.7606171609545	66.8884417953079	66.8884417953079	18	18	54
