"Iteration #"	"Inertia"	"Number of features"	"CV best"	"Permuted CV best"	"Global best fitness"	"Current best fitness"	"Number of features in current best agent"	"Number of features in global best"	"Number of features in local best"
1	1	20	82.8596840223276	49.180164078922	160.597599717028	160.597599717028	9	20	20
2	1	11	77.8961153677179	43.6347339797738	166.746906939721	166.746906939721	10	12	12
3	1	11	77.8961153677179	43.6347339797738	166.746906939721	154.294415696257	10	12	12
4	1	11	77.8961153677179	43.6347339797738	166.746906939721	140.857040548144	11	12	15
5	1	10	82.2532814224535	42.9427445747725	196.552684238405	196.552684238405	11	8	8
6	1	10	82.2532814224535	42.9427445747725	196.552684238405	152.732851135888	11	8	16
7	1	10	82.2532814224535	42.9427445747725	196.552684238405	166.958915835554	14	8	11
8	1	10	82.2532814224535	42.9427445747725	196.552684238405	152.370857090196	9	8	12
9	1	10	82.2532814224535	42.9427445747725	196.552684238405	153.823580808861	11	8	10
10	1	10	82.2532814224535	42.9427445747725	196.552684238405	140.430936197547	12	8	20
11	1	10	82.2532814224535	42.9427445747725	196.552684238405	178.834790582447	14	8	12
12	1	10	82.2532814224535	42.9427445747725	196.552684238405	146.736991192819	10	8	10
13	1	10	82.2532814224535	42.9427445747725	196.552684238405	174.000907161491	11	8	8
14	1	10	82.2532814224535	42.9427445747725	196.552684238405	182.251383773771	14	8	11
15	1	10	82.2532814224535	42.9427445747725	196.552684238405	158.011304939417	7	8	10
16	1	10	82.2532814224535	42.9427445747725	196.552684238405	161.961225306459	14	8	11
17	1	10	82.2532814224535	42.9427445747725	196.552684238405	180.188738904324	10	8	14
18	1	10	82.2532814224535	42.9427445747725	196.552684238405	160.533033466194	7	8	10
19	1	10	82.2532814224535	42.9427445747725	196.552684238405	167.031721936301	11	8	14
20	1	10	82.2532814224535	42.9427445747725	196.552684238405	156.072774603052	11	8	11
21	1	10	82.2532814224535	42.9427445747725	196.552684238405	153.282271114584	14	8	9
22	1	10	82.2532814224535	42.9427445747725	196.552684238405	153.225427022513	9	8	7
23	1	10	82.2532814224535	42.9427445747725	196.552684238405	151.947858789034	11	8	10
24	1	10	82.2532814224535	42.9427445747725	196.552684238405	173.790057516874	9	8	11
25	1	10	82.2532814224535	42.9427445747725	196.552684238405	167.089024314392	9	8	14
26	1	10	82.2532814224535	42.9427445747725	196.552684238405	185.34749986994	11	8	7
27	1	10	82.2532814224535	42.9427445747725	196.552684238405	169.150801419049	7	8	8
28	1	10	82.2532814224535	42.9427445747725	196.552684238405	195.175667115058	8	8	9
29	1	10	82.2532814224535	42.9427445747725	196.552684238405	164.626976187157	13	8	10
30	1	10	82.2532814224535	42.9427445747725	196.552684238405	158.924156742866	7	8	9
31	1	10	82.2532814224535	42.9427445747725	196.552684238405	141.092274172784	7	8	15
32	1	10	82.2532814224535	42.9427445747725	196.552684238405	171.281524294974	9	8	10
33	1	11	85.096414972135	44.5650225636705	202.656962042323	202.656962042323	9	9	9
34	1	11	85.096414972135	44.5650225636705	202.656962042323	181.705123406506	10	9	10
35	1	11	85.096414972135	44.5650225636705	202.656962042323	154.475335815949	9	9	11
36	1	11	85.096414972135	44.5650225636705	202.656962042323	169.864147181997	11	9	11
37	1	11	85.096414972135	44.5650225636705	202.656962042323	166.238892301276	9	9	14
38	1	11	85.096414972135	44.5650225636705	202.656962042323	152.66012513388	14	9	8
39	1	11	85.096414972135	44.5650225636705	202.656962042323	151.844955899028	10	9	11
40	1	11	85.096414972135	44.5650225636705	202.656962042323	160.663691627744	12	9	10
41	1	11	85.096414972135	44.5650225636705	202.656962042323	177.006791171699	8	9	8
42	1	11	85.096414972135	44.5650225636705	202.656962042323	157.712468104667	8	9	14
43	1	11	85.096414972135	44.5650225636705	202.656962042323	170.813996430079	10	9	9
44	1	11	85.096414972135	44.5650225636705	202.656962042323	151.176332141299	10	9	13
45	1	11	85.096414972135	44.5650225636705	202.656962042323	155.964048962451	6	9	11
46	1	11	85.096414972135	44.5650225636705	202.656962042323	147.513737055833	11	9	8
47	1	11	85.096414972135	44.5650225636705	202.656962042323	183.652846746229	10	9	14
48	1	11	85.096414972135	44.5650225636705	202.656962042323	181.936486145817	8	9	9
49	1	11	85.096414972135	44.5650225636705	202.656962042323	170.849062681469	8	9	8
50	1	11	85.096414972135	44.5650225636705	202.656962042323	162.307789917421	5	9	9
51	1	11	85.096414972135	44.5650225636705	202.656962042323	147.382644054564	10	9	9
52	1	11	85.096414972135	44.5650225636705	202.656962042323	161.13165419077	9	9	10
53	1	11	85.096414972135	44.5650225636705	202.656962042323	160.498591437165	10	9	7
54	1	11	85.096414972135	44.5650225636705	202.656962042323	172.787933107631	8	9	8
55	1	11	85.096414972135	44.5650225636705	202.656962042323	169.056227477012	6	9	8
56	1	11	85.096414972135	44.5650225636705	202.656962042323	165.033451860568	13	9	10
57	1	11	85.096414972135	44.5650225636705	202.656962042323	188.218131586389	13	9	6
58	1	11	85.096414972135	44.5650225636705	202.656962042323	153.649822149188	12	9	6
59	1	11	85.096414972135	44.5650225636705	202.656962042323	137.865144355053	6	9	6
60	1	11	85.096414972135	44.5650225636705	202.656962042323	176.680765832359	11	9	9
61	1	11	85.096414972135	44.5650225636705	202.656962042323	196.824194788007	8	9	10
62	1	11	85.096414972135	44.5650225636705	202.656962042323	139.100087851972	8	9	9
63	1	11	85.096414972135	44.5650225636705	202.656962042323	130.287666315514	12	9	12
64	1	11	85.096414972135	44.5650225636705	202.656962042323	156.373267128366	7	9	8
65	1	11	85.096414972135	44.5650225636705	202.656962042323	145.030715563069	14	9	10
66	1	11	85.096414972135	44.5650225636705	202.656962042323	188.72581635047	9	9	14
67	1	11	85.096414972135	44.5650225636705	202.656962042323	156.289172502553	10	9	10
68	1	11	85.096414972135	44.5650225636705	202.656962042323	173.484217672411	6	9	11
69	1	11	85.096414972135	44.5650225636705	202.656962042323	194.90432543772	14	9	13
70	1	11	85.096414972135	44.5650225636705	202.656962042323	160.017688047634	9	9	11
71	1	11	85.096414972135	44.5650225636705	202.656962042323	164.957830506588	13	9	10
72	1	11	85.096414972135	44.5650225636705	202.656962042323	179.052305826265	11	9	9
73	1	11	85.096414972135	44.5650225636705	202.656962042323	143.364447661078	10	9	11
74	1	11	85.096414972135	44.5650225636705	202.656962042323	157.378400075253	9	9	12
75	1	11	85.096414972135	44.5650225636705	202.656962042323	157.960744704149	10	9	11
76	1	11	85.096414972135	44.5650225636705	202.656962042323	158.770911145721	8	9	9
77	1	11	85.096414972135	44.5650225636705	202.656962042323	161.478177930536	10	9	9
78	1	11	85.096414972135	44.5650225636705	202.656962042323	185.534244346156	11	9	10
79	1	11	85.096414972135	44.5650225636705	202.656962042323	165.968164619854	7	9	13
80	1	11	85.096414972135	44.5650225636705	202.656962042323	140.388753828237	10	9	11
81	1	11	85.096414972135	44.5650225636705	202.656962042323	172.967415819789	14	9	8
82	1	11	85.096414972135	44.5650225636705	202.656962042323	145.605480320036	12	9	15
83	1	11	85.096414972135	44.5650225636705	202.656962042323	164.948036594106	8	9	13
84	1	11	85.096414972135	44.5650225636705	202.656962042323	168.307779085257	14	9	10
85	1	11	85.096414972135	44.5650225636705	202.656962042323	179.171268547559	12	9	7
86	1	11	85.096414972135	44.5650225636705	202.656962042323	144.356652209689	10	9	11
87	1	11	85.096414972135	44.5650225636705	202.656962042323	182.721810380581	10	9	9
88	1	11	85.096414972135	44.5650225636705	202.656962042323	149.482187177683	11	9	13
89	1	11	85.096414972135	44.5650225636705	202.656962042323	171.066434801424	11	9	13
90	1	11	85.096414972135	44.5650225636705	202.656962042323	141.641011919154	9	9	10
91	1	11	85.096414972135	44.5650225636705	202.656962042323	183.189214708078	11	9	12
92	1	11	85.096414972135	44.5650225636705	202.656962042323	164.079381335121	7	9	10
93	1	11	85.096414972135	44.5650225636705	202.656962042323	174.933696544553	8	9	10
94	1	11	83.8496533826958	43.2778126282391	202.859203772283	202.859203772283	11	9	9
95	1	11	83.8496533826958	43.2778126282391	202.859203772283	173.854047776006	9	9	11
96	1	11	83.8496533826958	43.2778126282391	202.859203772283	155.447711073465	7	9	10
97	1	11	83.8496533826958	43.2778126282391	202.859203772283	148.806039678699	13	9	13
98	1	11	83.8496533826958	43.2778126282391	202.859203772283	162.412060082497	9	9	9
99	1	11	83.8496533826958	43.2778126282391	202.859203772283	166.86500412823	12	9	10
100	1	11	83.8496533826958	43.2778126282391	202.859203772283	162.454619680018	14	9	9
101	1	11	83.8496533826958	43.2778126282391	202.859203772283	151.939953205264	11	9	10
102	1	11	83.8496533826958	43.2778126282391	202.859203772283	177.492030433022	15	9	8
103	1	11	83.8496533826958	43.2778126282391	202.859203772283	156.481268232781	9	9	10
104	1	11	83.8496533826958	43.2778126282391	202.859203772283	172.310494762887	7	9	15
105	1	11	83.8496533826958	43.2778126282391	202.859203772283	187.096471115955	8	9	9
106	1	11	83.8496533826958	43.2778126282391	202.859203772283	157.483220062876	10	9	13
107	1	11	83.8496533826958	43.2778126282391	202.859203772283	141.61538438557	10	9	8
108	1	11	83.8496533826958	43.2778126282391	202.859203772283	166.078700202935	10	9	8
109	1	11	83.8496533826958	43.2778126282391	202.859203772283	148.455377044963	11	9	10
110	1	11	83.8496533826958	43.2778126282391	202.859203772283	202.131716158507	12	9	7
111	1	11	83.8496533826958	43.2778126282391	202.859203772283	173.168103731535	8	9	11
112	1	11	83.8496533826958	43.2778126282391	202.859203772283	164.67392158207	8	9	14
113	1	11	83.8496533826958	43.2778126282391	202.859203772283	155.685088182165	9	9	7
114	1	11	83.8496533826958	43.2778126282391	202.859203772283	171.749554108367	10	9	7
115	1	11	83.8496533826958	43.2778126282391	202.859203772283	166.744572728942	11	9	11
116	1	8	84.7037387427017	42.4824063572075	207.504161927471	207.504161927471	9	11	11
117	1	8	84.7037387427017	42.4824063572075	207.504161927471	150.978157506611	15	11	10
118	1	8	84.7037387427017	42.4824063572075	207.504161927471	178.027348838641	13	11	9
119	1	8	84.7037387427017	42.4824063572075	207.504161927471	155.746702275299	12	11	14
120	1	8	84.7037387427017	42.4824063572075	207.504161927471	168.182428740891	12	11	8
121	1	8	84.7037387427017	42.4824063572075	207.504161927471	145.899806676905	9	11	7
122	1	8	84.7037387427017	42.4824063572075	207.504161927471	173.715994661192	9	11	8
123	1	8	84.7037387427017	42.4824063572075	207.504161927471	181.135512057616	10	11	8
124	1	8	84.7037387427017	42.4824063572075	207.504161927471	150.208531335596	9	11	9
125	1	8	84.7037387427017	42.4824063572075	207.504161927471	193.601763763629	9	11	7
126	1	8	84.7037387427017	42.4824063572075	207.504161927471	176.444185033701	7	11	9
127	1	8	84.7037387427017	42.4824063572075	207.504161927471	174.791142273735	14	11	12
128	1	8	84.7037387427017	42.4824063572075	207.504161927471	160.964163416802	12	11	11
129	1	8	84.7037387427017	42.4824063572075	207.504161927471	145.922548186567	9	11	9
130	1	8	84.7037387427017	42.4824063572075	207.504161927471	178.344308083927	10	11	12
131	1	8	84.7037387427017	42.4824063572075	207.504161927471	150.564112046295	8	11	10
132	1	8	84.7037387427017	42.4824063572075	207.504161927471	171.181517175516	8	11	7
133	1	8	84.7037387427017	42.4824063572075	207.504161927471	134.23225963678	10	11	14
134	1	8	84.7037387427017	42.4824063572075	207.504161927471	142.202207840959	11	11	10
135	1	8	84.7037387427017	42.4824063572075	207.504161927471	152.867565119126	10	11	9
136	1	8	84.7037387427017	42.4824063572075	207.504161927471	190.133222534744	10	11	11
137	1	8	84.7037387427017	42.4824063572075	207.504161927471	169.931521506986	9	11	8
138	1	8	84.7037387427017	42.4824063572075	207.504161927471	129.788904311841	9	11	7
139	1	8	84.7037387427017	42.4824063572075	207.504161927471	154.876097982936	6	11	9
140	1	8	84.7037387427017	42.4824063572075	207.504161927471	153.218445219387	15	11	9
141	1	8	84.7037387427017	42.4824063572075	207.504161927471	170.596230437822	10	11	15
142	1	8	84.7037387427017	42.4824063572075	207.504161927471	186.666552827232	11	11	15
143	1	8	84.7037387427017	42.4824063572075	207.504161927471	176.721849260704	10	11	11
144	1	8	84.7037387427017	42.4824063572075	207.504161927471	146.504361573642	10	11	15
145	1	8	84.7037387427017	42.4824063572075	207.504161927471	153.353067845225	8	11	11
146	1	8	84.7037387427017	42.4824063572075	207.504161927471	153.738138819877	9	11	11
147	1	8	84.7037387427017	42.4824063572075	207.504161927471	156.249265822067	8	11	10
148	1	8	84.7037387427017	42.4824063572075	207.504161927471	168.668060710415	10	11	14
149	1	8	84.7037387427017	42.4824063572075	207.504161927471	141.891100794999	13	11	10
150	1	8	84.7037387427017	42.4824063572075	207.504161927471	182.269254838033	13	11	10
151	1	8	84.7037387427017	42.4824063572075	207.504161927471	179.678661910507	13	11	7
152	1	8	84.7037387427017	42.4824063572075	207.504161927471	171.957158969696	12	11	12
153	1	8	84.7037387427017	42.4824063572075	207.504161927471	192.766177609661	11	11	12
154	1	8	84.7037387427017	42.4824063572075	207.504161927471	183.152289691747	10	11	10
155	1	8	84.7037387427017	42.4824063572075	207.504161927471	148.977720100068	9	11	10
156	1	8	84.7037387427017	42.4824063572075	207.504161927471	148.459111314325	13	11	10
157	1	8	84.7037387427017	42.4824063572075	207.504161927471	161.490965989143	10	11	11
158	1	8	84.7037387427017	42.4824063572075	207.504161927471	179.67215844469	12	11	11
159	1	8	84.7037387427017	42.4824063572075	207.504161927471	167.566121447163	13	11	12
160	1	8	84.7037387427017	42.4824063572075	207.504161927471	150.529857221223	8	11	7
161	1	8	84.7037387427017	42.4824063572075	207.504161927471	154.33458794148	8	11	16
162	1	8	84.7037387427017	42.4824063572075	207.504161927471	151.65511217865	10	11	8
163	1	8	84.7037387427017	42.4824063572075	207.504161927471	167.45926553757	7	11	10
164	1	8	84.7037387427017	42.4824063572075	207.504161927471	160.867981528473	9	11	8
165	1	8	84.7037387427017	42.4824063572075	207.504161927471	163.926695517111	11	11	8
166	1	8	84.7037387427017	42.4824063572075	207.504161927471	154.793522968359	9	11	11
167	1	8	84.7037387427017	42.4824063572075	207.504161927471	148.503857915171	12	11	13
168	1	8	84.7037387427017	42.4824063572075	207.504161927471	161.407804921474	8	11	9
169	1	8	84.7037387427017	42.4824063572075	207.504161927471	161.823381430901	10	11	13
170	1	8	84.7037387427017	42.4824063572075	207.504161927471	166.691767410019	10	11	10
171	1	8	84.7037387427017	42.4824063572075	207.504161927471	165.43044142904	10	11	10
172	1	8	84.7037387427017	42.4824063572075	207.504161927471	186.556982954892	10	11	10
173	1	8	84.7037387427017	42.4824063572075	207.504161927471	158.057836011	8	11	8
174	1	8	84.7037387427017	42.4824063572075	207.504161927471	147.104296772818	11	11	9
175	1	8	84.7037387427017	42.4824063572075	207.504161927471	188.102195587579	9	11	14
176	1	8	84.7037387427017	42.4824063572075	207.504161927471	187.078836528965	10	11	13
177	1	8	84.7037387427017	42.4824063572075	207.504161927471	149.01734770133	12	11	10
178	1	8	84.7037387427017	42.4824063572075	207.504161927471	155.336972092802	8	11	7
179	1	8	84.7037387427017	42.4824063572075	207.504161927471	162.362412887478	9	11	11
180	1	8	84.7037387427017	42.4824063572075	207.504161927471	185.194770639156	9	11	9
181	1	8	84.7037387427017	42.4824063572075	207.504161927471	141.613619484299	8	11	13
182	1	8	84.7037387427017	42.4824063572075	207.504161927471	156.979225375599	12	11	7
183	1	8	84.7037387427017	42.4824063572075	207.504161927471	148.528551003992	10	11	14
184	1	8	84.7037387427017	42.4824063572075	207.504161927471	146.49481442843	10	11	11
185	1	8	84.7037387427017	42.4824063572075	207.504161927471	171.205630458852	9	11	12
186	1	8	84.7037387427017	42.4824063572075	207.504161927471	163.560238016583	10	11	11
187	1	8	84.7037387427017	42.4824063572075	207.504161927471	153.991805463468	11	11	12
188	1	8	84.7037387427017	42.4824063572075	207.504161927471	154.330254192562	7	11	12
189	1	8	84.7037387427017	42.4824063572075	207.504161927471	174.761060550095	4	11	10
190	1	8	84.7037387427017	42.4824063572075	207.504161927471	166.620493268572	13	11	8
191	1	8	84.7037387427017	42.4824063572075	207.504161927471	174.73344652317	10	11	13
192	1	8	84.7037387427017	42.4824063572075	207.504161927471	149.994629745937	12	11	11
193	1	8	84.7037387427017	42.4824063572075	207.504161927471	163.70530125169	10	11	13
194	1	8	84.7037387427017	42.4824063572075	207.504161927471	168.213046208484	11	11	9
195	1	8	84.7037387427017	42.4824063572075	207.504161927471	158.863170578542	10	11	7
196	1	8	84.7037387427017	42.4824063572075	207.504161927471	158.071324113034	9	11	13
197	1	8	84.7037387427017	42.4824063572075	207.504161927471	156.423660532491	12	11	12
198	1	8	84.7037387427017	42.4824063572075	207.504161927471	169.099275641689	7	11	12
199	1	8	84.7037387427017	42.4824063572075	207.504161927471	166.352540315859	10	11	8
200	1	8	84.7037387427017	42.4824063572075	207.504161927471	144.832498514329	11	11	10
201	1	8	84.7037387427017	42.4824063572075	207.504161927471	175.692245446151	13	11	8
202	1	8	84.7037387427017	42.4824063572075	207.504161927471	147.574729665104	9	11	12
203	1	8	84.7037387427017	42.4824063572075	207.504161927471	170.499182753264	8	11	7
204	1	8	84.7037387427017	42.4824063572075	207.504161927471	174.56356797534	8	11	14
205	1	8	84.7037387427017	42.4824063572075	207.504161927471	147.854046022245	13	11	10
206	1	8	84.7037387427017	42.4824063572075	207.504161927471	174.094112981906	8	11	11
207	1	8	84.7037387427017	42.4824063572075	207.504161927471	164.658297338428	10	11	10
208	1	8	84.7037387427017	42.4824063572075	207.504161927471	150.110456723375	10	11	11
209	1	8	84.7037387427017	42.4824063572075	207.504161927471	133.057628384721	9	11	9
210	1	8	84.7037387427017	42.4824063572075	207.504161927471	179.870629327502	13	11	9
211	1	8	84.7037387427017	42.4824063572075	207.504161927471	167.996872730045	11	11	13
212	1	8	84.7037387427017	42.4824063572075	207.504161927471	167.117381192591	10	11	13
213	1	8	84.7037387427017	42.4824063572075	207.504161927471	170.955712086427	12	11	12
214	1	8	84.7037387427017	42.4824063572075	207.504161927471	167.438014165253	8	11	10
215	1	8	84.7037387427017	42.4824063572075	207.504161927471	164.053138914544	10	11	9
216	1	8	84.7037387427017	42.4824063572075	207.504161927471	188.980376733741	13	11	8
217	1	8	84.7037387427017	42.4824063572075	207.504161927471	158.565853163754	18	11	14
218	1	8	84.7037387427017	42.4824063572075	207.504161927471	162.55461707076	11	11	9
219	1	8	84.7037387427017	42.4824063572075	207.504161927471	166.746189475359	10	11	9
220	1	8	84.7037387427017	42.4824063572075	207.504161927471	157.940609561424	14	11	9
221	1	8	84.7037387427017	42.4824063572075	207.504161927471	165.869003832693	9	11	11
222	1	8	84.7037387427017	42.4824063572075	207.504161927471	173.11706618842	12	11	13
223	1	8	84.7037387427017	42.4824063572075	207.504161927471	170.926765376207	11	11	10
224	1	8	84.7037387427017	42.4824063572075	207.504161927471	185.865571244355	12	11	9
225	1	8	84.7037387427017	42.4824063572075	207.504161927471	177.489415514054	12	11	10
226	1	8	84.7037387427017	42.4824063572075	207.504161927471	145.682142562713	10	11	9
227	1	8	84.7037387427017	42.4824063572075	207.504161927471	166.097639575267	14	11	10
228	1	8	84.7037387427017	42.4824063572075	207.504161927471	152.498588107411	10	11	12
229	1	8	84.7037387427017	42.4824063572075	207.504161927471	123.197931374402	11	11	12
230	1	8	84.7037387427017	42.4824063572075	207.504161927471	162.867555452062	6	11	11
231	1	8	84.7037387427017	42.4824063572075	207.504161927471	166.157004649643	7	11	10
232	1	8	84.7037387427017	42.4824063572075	207.504161927471	144.418798931691	11	11	17
233	1	8	84.7037387427017	42.4824063572075	207.504161927471	162.730872210367	11	11	12
234	1	8	84.7037387427017	42.4824063572075	207.504161927471	175.951369265597	10	11	10
235	1	8	84.7037387427017	42.4824063572075	207.504161927471	155.183151103853	11	11	8
236	1	8	84.7037387427017	42.4824063572075	207.504161927471	154.497036854143	12	11	12
237	1	8	84.7037387427017	42.4824063572075	207.504161927471	159.208304211434	7	11	11
238	1	8	84.7037387427017	42.4824063572075	207.504161927471	180.56678830749	10	11	11
239	1	8	84.7037387427017	42.4824063572075	207.504161927471	147.218856015152	8	11	11
240	1	8	84.7037387427017	42.4824063572075	207.504161927471	174.163542846452	10	11	11
241	1	8	84.7037387427017	42.4824063572075	207.504161927471	157.28942824926	13	11	10
242	1	8	84.7037387427017	42.4824063572075	207.504161927471	162.287339095804	10	11	11
243	1	8	84.7037387427017	42.4824063572075	207.504161927471	140.848777066689	8	11	9
244	1	8	84.7037387427017	42.4824063572075	207.504161927471	151.309333535938	12	11	11
245	1	8	84.7037387427017	42.4824063572075	207.504161927471	149.745829705276	7	11	11
246	1	8	84.7037387427017	42.4824063572075	207.504161927471	156.192660039668	11	11	11
247	1	8	84.7037387427017	42.4824063572075	207.504161927471	166.976021867493	10	11	12
248	1	8	84.7037387427017	42.4824063572075	207.504161927471	158.480300346345	11	11	10
249	1	8	84.7037387427017	42.4824063572075	207.504161927471	167.016667479062	8	11	11
250	1	8	84.7037387427017	42.4824063572075	207.504161927471	180.377168453905	11	11	17
251	1	8	84.7037387427017	42.4824063572075	207.504161927471	154.291750569029	10	11	10
252	1	8	84.7037387427017	42.4824063572075	207.504161927471	142.414711578527	11	11	8
253	1	8	84.7037387427017	42.4824063572075	207.504161927471	156.051500157045	8	11	17
254	1	8	84.7037387427017	42.4824063572075	207.504161927471	158.959726086189	10	11	10
255	1	8	84.7037387427017	42.4824063572075	207.504161927471	157.669276198175	13	11	13
256	1	8	84.7037387427017	42.4824063572075	207.504161927471	181.878310917697	12	11	13
257	1	8	84.7037387427017	42.4824063572075	207.504161927471	147.757958849547	11	11	13
258	1	8	84.7037387427017	42.4824063572075	207.504161927471	145.866748993809	12	11	8
259	1	8	84.7037387427017	42.4824063572075	207.504161927471	172.215202637949	11	11	10
260	1	8	84.7037387427017	42.4824063572075	207.504161927471	157.037535839883	15	11	10
261	1	8	84.7037387427017	42.4824063572075	207.504161927471	151.618444184148	11	11	9
262	1	8	84.7037387427017	42.4824063572075	207.504161927471	158.740353202988	6	11	11
263	1	8	84.7037387427017	42.4824063572075	207.504161927471	169.701793528828	8	11	13
264	1	8	84.7037387427017	42.4824063572075	207.504161927471	163.945679063197	8	11	12
265	1	8	84.7037387427017	42.4824063572075	207.504161927471	160.071905543415	9	11	13
266	1	8	84.7037387427017	42.4824063572075	207.504161927471	169.158297487145	12	11	10
267	1	8	84.7037387427017	42.4824063572075	207.504161927471	184.077188853551	8	11	14
268	1	8	84.7037387427017	42.4824063572075	207.504161927471	143.720502612781	12	11	10
269	1	8	84.7037387427017	42.4824063572075	207.504161927471	143.892455532377	10	11	12
270	1	8	84.7037387427017	42.4824063572075	207.504161927471	165.900593770686	10	11	9
271	1	8	84.7037387427017	42.4824063572075	207.504161927471	154.112270285939	9	11	10
272	1	8	84.7037387427017	42.4824063572075	207.504161927471	154.79231548784	13	11	9
273	1	8	84.7037387427017	42.4824063572075	207.504161927471	140.753665647935	15	11	8
274	1	8	84.7037387427017	42.4824063572075	207.504161927471	154.53968229367	11	11	10
275	1	8	84.7037387427017	42.4824063572075	207.504161927471	179.744578014112	12	11	14
276	1	8	84.7037387427017	42.4824063572075	207.504161927471	145.715000281515	10	11	12
277	1	8	84.7037387427017	42.4824063572075	207.504161927471	176.220076421376	9	11	11
278	1	8	84.7037387427017	42.4824063572075	207.504161927471	171.026033226824	13	11	11
279	1	8	84.7037387427017	42.4824063572075	207.504161927471	177.188214466336	14	11	13
280	1	8	84.7037387427017	42.4824063572075	207.504161927471	154.83409359818	15	11	13
281	1	8	84.7037387427017	42.4824063572075	207.504161927471	180.182844153186	14	11	11
282	1	8	84.7037387427017	42.4824063572075	207.504161927471	141.666127189798	5	11	12
283	1	8	84.7037387427017	42.4824063572075	207.504161927471	182.508407553538	13	11	13
284	1	8	84.7037387427017	42.4824063572075	207.504161927471	176.291724697447	9	11	9
285	1	8	84.7037387427017	42.4824063572075	207.504161927471	152.208395033354	10	11	8
286	1	8	84.7037387427017	42.4824063572075	207.504161927471	183.200383918571	10	11	13
287	1	8	84.7037387427017	42.4824063572075	207.504161927471	145.103694428553	13	11	10
288	1	8	84.7037387427017	42.4824063572075	207.504161927471	141.335993847658	11	11	10
289	1	8	84.7037387427017	42.4824063572075	207.504161927471	149.213300318679	12	11	12
290	1	8	84.7037387427017	42.4824063572075	207.504161927471	161.515189911938	11	11	15
291	1	8	84.7037387427017	42.4824063572075	207.504161927471	165.91418660816	10	11	9
292	1	8	84.7037387427017	42.4824063572075	207.504161927471	190.43634881987	8	11	9
293	1	8	84.7037387427017	42.4824063572075	207.504161927471	174.777754986346	12	11	11
294	1	8	84.7037387427017	42.4824063572075	207.504161927471	170.19453199042	7	11	14
295	1	8	84.7037387427017	42.4824063572075	207.504161927471	163.352595845694	11	11	11
296	1	8	84.7037387427017	42.4824063572075	207.504161927471	178.726347016121	6	11	14
297	1	8	84.7037387427017	42.4824063572075	207.504161927471	158.256520181254	10	11	10
298	1	8	84.7037387427017	42.4824063572075	207.504161927471	185.105691919279	8	11	9
299	1	8	84.7037387427017	42.4824063572075	207.504161927471	192.374275585537	11	11	8
300	1	8	84.7037387427017	42.4824063572075	207.504161927471	179.229973450978	11	11	7
301	1	8	84.7037387427017	42.4824063572075	207.504161927471	169.111824702571	7	11	11
302	1	8	84.7037387427017	42.4824063572075	207.504161927471	171.635589112437	12	11	8
303	1	8	84.7037387427017	42.4824063572075	207.504161927471	172.126381342746	11	11	10
304	1	8	84.7037387427017	42.4824063572075	207.504161927471	159.951119151644	10	11	11
305	1	8	84.7037387427017	42.4824063572075	207.504161927471	163.611146566993	11	11	9
306	1	8	84.7037387427017	42.4824063572075	207.504161927471	186.998624209852	13	11	11
307	1	8	84.7037387427017	42.4824063572075	207.504161927471	174.742369275365	12	11	12
308	1	8	84.7037387427017	42.4824063572075	207.504161927471	170.966957494129	10	11	11
309	1	8	84.7037387427017	42.4824063572075	207.504161927471	164.859790823913	10	11	10
310	1	8	84.7037387427017	42.4824063572075	207.504161927471	144.471236200853	11	11	11
311	1	8	84.7037387427017	42.4824063572075	207.504161927471	153.763418200034	12	11	12
312	1	8	84.7037387427017	42.4824063572075	207.504161927471	150.835185588733	15	11	12
313	1	8	84.7037387427017	42.4824063572075	207.504161927471	178.349021326616	15	11	14
314	1	8	84.7037387427017	42.4824063572075	207.504161927471	154.520675229712	10	11	10
315	1	8	84.7037387427017	42.4824063572075	207.504161927471	168.38112764194	9	11	12
316	1	8	84.7037387427017	42.4824063572075	207.504161927471	164.453373140571	11	11	8
317	1	8	84.7037387427017	42.4824063572075	207.504161927471	178.381372487312	8	11	10
318	1	8	84.7037387427017	42.4824063572075	207.504161927471	146.935319585122	14	11	10
319	1	8	84.7037387427017	42.4824063572075	207.504161927471	156.100681154991	10	11	12
320	1	8	84.7037387427017	42.4824063572075	207.504161927471	178.805047679625	12	11	10
321	1	8	84.7037387427017	42.4824063572075	207.504161927471	156.288483282002	8	11	10
322	1	8	84.7037387427017	42.4824063572075	207.504161927471	194.990741578898	9	11	14
323	1	8	84.7037387427017	42.4824063572075	207.504161927471	172.029066202878	9	11	11
324	1	8	84.7037387427017	42.4824063572075	207.504161927471	148.261688412205	10	11	12
325	1	8	84.7037387427017	42.4824063572075	207.504161927471	160.916163270307	11	11	14
326	1	8	84.7037387427017	42.4824063572075	207.504161927471	187.532437591819	10	11	12
327	1	8	84.7037387427017	42.4824063572075	207.504161927471	159.445719773084	11	11	14
328	1	8	84.7037387427017	42.4824063572075	207.504161927471	178.726935670739	11	11	10
329	1	8	84.7037387427017	42.4824063572075	207.504161927471	182.407070728688	9	11	11
330	1	8	84.7037387427017	42.4824063572075	207.504161927471	146.950633315247	10	11	11
331	1	8	84.7037387427017	42.4824063572075	207.504161927471	176.720237874775	12	11	11
332	1	8	84.7037387427017	42.4824063572075	207.504161927471	159.906287846454	14	11	10
333	1	8	84.7037387427017	42.4824063572075	207.504161927471	161.745268780911	9	11	11
334	1	8	84.7037387427017	42.4824063572075	207.504161927471	172.727191467593	10	11	6
335	1	8	84.7037387427017	42.4824063572075	207.504161927471	151.371402492265	11	11	12
336	1	8	84.7037387427017	42.4824063572075	207.504161927471	168.775767054369	10	11	6
337	1	8	84.7037387427017	42.4824063572075	207.504161927471	142.714348254716	13	11	9
338	1	8	84.7037387427017	42.4824063572075	207.504161927471	169.155386520154	11	11	9
339	1	8	84.7037387427017	42.4824063572075	207.504161927471	158.588693700807	11	11	11
340	1	8	84.7037387427017	42.4824063572075	207.504161927471	171.3317909073	10	11	13
341	1	8	84.7037387427017	42.4824063572075	207.504161927471	186.966074089756	12	11	11
342	1	8	84.7037387427017	42.4824063572075	207.504161927471	176.400160304265	6	11	10
343	1	8	84.7037387427017	42.4824063572075	207.504161927471	171.204657414438	10	11	9
344	1	8	84.7037387427017	42.4824063572075	207.504161927471	144.020818536136	12	11	13
345	1	8	84.7037387427017	42.4824063572075	207.504161927471	159.477657928839	12	11	12
346	1	8	84.7037387427017	42.4824063572075	207.504161927471	183.97037128201	12	11	12
347	1	8	84.7037387427017	42.4824063572075	207.504161927471	168.409990527879	9	11	7
348	1	8	84.7037387427017	42.4824063572075	207.504161927471	191.680291912631	8	11	8
349	1	8	84.7037387427017	42.4824063572075	207.504161927471	155.539772139763	8	11	13
350	1	10	87.0711968535232	44.020739572059	215.252286407321	215.252286407321	9	8	8
351	1	10	87.0711968535232	44.020739572059	215.252286407321	189.981795471466	11	8	9
352	1	10	87.0711968535232	44.020739572059	215.252286407321	157.45655669627	8	8	10
353	1	10	87.0711968535232	44.020739572059	215.252286407321	194.232700811178	7	8	8
354	1	10	87.0711968535232	44.020739572059	215.252286407321	162.831393750207	8	8	14
355	1	10	87.0711968535232	44.020739572059	215.252286407321	164.295180377929	12	8	12
356	1	10	87.0711968535232	44.020739572059	215.252286407321	159.099102700148	6	8	13
357	1	10	87.0711968535232	44.020739572059	215.252286407321	144.051958240436	8	8	8
358	1	10	87.0711968535232	44.020739572059	215.252286407321	149.034168246547	11	8	8
359	1	10	87.0711968535232	44.020739572059	215.252286407321	168.902098942058	12	8	9
360	1	10	87.0711968535232	44.020739572059	215.252286407321	138.136887660995	9	8	13
361	1	10	87.0711968535232	44.020739572059	215.252286407321	185.826874793871	10	8	8
362	1	10	87.0711968535232	44.020739572059	215.252286407321	174.319617014659	12	8	12
363	1	10	87.0711968535232	44.020739572059	215.252286407321	159.549000857801	10	8	14
364	1	10	87.0711968535232	44.020739572059	215.252286407321	137.026348430764	8	8	3
365	1	10	87.0711968535232	44.020739572059	215.252286407321	157.653249176603	10	8	12
366	1	10	87.0711968535232	44.020739572059	215.252286407321	182.267001600966	8	8	9
367	1	10	87.0711968535232	44.020739572059	215.252286407321	189.260359066145	10	8	12
368	1	10	87.0711968535232	44.020739572059	215.252286407321	160.469096616155	9	8	12
369	1	10	87.0711968535232	44.020739572059	215.252286407321	173.608201740922	9	8	9
370	1	10	87.0711968535232	44.020739572059	215.252286407321	167.300602775499	14	8	8
371	1	10	87.0711968535232	44.020739572059	215.252286407321	173.670779281027	13	8	9
372	1	10	87.0711968535232	44.020739572059	215.252286407321	160.219840606902	10	8	9
373	1	10	87.0711968535232	44.020739572059	215.252286407321	160.273973282655	10	8	7
374	1	10	87.0711968535232	44.020739572059	215.252286407321	168.197211336926	12	8	9
375	1	10	87.0711968535232	44.020739572059	215.252286407321	162.226280521833	6	8	9
376	1	10	87.0711968535232	44.020739572059	215.252286407321	188.580382988086	10	8	9
377	1	10	87.0711968535232	44.020739572059	215.252286407321	149.658529414555	10	8	10
378	1	10	87.0711968535232	44.020739572059	215.252286407321	180.582739878366	13	8	10
379	1	10	87.0711968535232	44.020739572059	215.252286407321	158.526443066568	13	8	13
380	1	10	87.0711968535232	44.020739572059	215.252286407321	157.727383591699	6	8	9
381	1	10	87.0711968535232	44.020739572059	215.252286407321	194.311549251349	13	8	9
382	1	10	87.0711968535232	44.020739572059	215.252286407321	161.850515697533	9	8	10
383	1	10	87.0711968535232	44.020739572059	215.252286407321	143.077671459118	10	8	7
384	1	10	87.0711968535232	44.020739572059	215.252286407321	178.786283343605	13	8	8
385	1	10	87.0711968535232	44.020739572059	215.252286407321	153.551795595969	10	8	11
386	1	10	87.0711968535232	44.020739572059	215.252286407321	143.649735676046	12	8	8
387	1	10	87.0711968535232	44.020739572059	215.252286407321	200.037855424427	10	8	9
388	1	10	87.0711968535232	44.020739572059	215.252286407321	154.470411221909	9	8	8
389	1	10	87.0711968535232	44.020739572059	215.252286407321	175.91894340036	9	8	10
390	1	10	87.0711968535232	44.020739572059	215.252286407321	153.593749323986	9	8	11
391	1	10	87.0711968535232	44.020739572059	215.252286407321	158.064194978392	10	8	11
392	1	10	87.0711968535232	44.020739572059	215.252286407321	167.196043341746	9	8	10
393	1	10	87.0711968535232	44.020739572059	215.252286407321	177.809221408362	11	8	11
394	1	10	87.0711968535232	44.020739572059	215.252286407321	162.443324550909	11	8	12
395	1	10	87.0711968535232	44.020739572059	215.252286407321	146.84474131807	8	8	16
396	1	10	87.0711968535232	44.020739572059	215.252286407321	153.384749605218	10	8	11
397	1	10	87.0711968535232	44.020739572059	215.252286407321	165.117802698525	10	8	8
398	1	10	87.0711968535232	44.020739572059	215.252286407321	173.756983392761	8	8	10
399	1	10	87.0711968535232	44.020739572059	215.252286407321	177.982349495234	12	8	10
400	1	10	87.0711968535232	44.020739572059	215.252286407321	177.108510848058	7	8	11
401	1	10	87.0711968535232	44.020739572059	215.252286407321	168.22190594735	12	8	6
402	1	10	87.0711968535232	44.020739572059	215.252286407321	166.925128555743	9	8	11
403	1	10	87.0711968535232	44.020739572059	215.252286407321	197.046117092513	7	8	7
404	1	10	87.0711968535232	44.020739572059	215.252286407321	166.080355514534	9	8	6
405	1	10	87.0711968535232	44.020739572059	215.252286407321	172.080304912008	12	8	12
406	1	10	87.0711968535232	44.020739572059	215.252286407321	142.822176953013	10	8	7
407	1	10	87.0711968535232	44.020739572059	215.252286407321	179.861311165832	14	8	8
408	1	10	87.0711968535232	44.020739572059	215.252286407321	174.284708118095	9	8	14
409	1	10	87.0711968535232	44.020739572059	215.252286407321	168.009217623715	8	8	8
410	1	10	87.0711968535232	44.020739572059	215.252286407321	143.958229461692	14	8	9
411	1	10	87.0711968535232	44.020739572059	215.252286407321	181.382781864259	10	8	8
412	1	10	87.0711968535232	44.020739572059	215.252286407321	155.093668668861	10	8	8
413	1	10	87.0711968535232	44.020739572059	215.252286407321	205.255464060218	6	8	10
414	1	10	87.0711968535232	44.020739572059	215.252286407321	163.062447810534	9	8	8
415	1	10	87.0711968535232	44.020739572059	215.252286407321	164.058765640829	7	8	7
416	1	10	87.0711968535232	44.020739572059	215.252286407321	159.736434235788	12	8	10
417	1	10	87.0711968535232	44.020739572059	215.252286407321	145.702998342923	9	8	9
418	1	10	87.0711968535232	44.020739572059	215.252286407321	148.879341436082	11	8	8
419	1	10	87.0711968535232	44.020739572059	215.252286407321	162.426001094595	8	8	9
420	1	10	87.0711968535232	44.020739572059	215.252286407321	153.737997842837	6	8	10
421	1	10	87.0711968535232	44.020739572059	215.252286407321	180.764126210135	12	8	5
422	1	10	87.0711968535232	44.020739572059	215.252286407321	151.165252198305	6	8	5
423	1	10	87.0711968535232	44.020739572059	215.252286407321	184.551369712118	9	8	11
424	1	10	87.0711968535232	44.020739572059	215.252286407321	208.217983389652	15	8	9
425	1	10	87.0711968535232	44.020739572059	215.252286407321	153.935515550303	11	8	12
426	1	10	87.0711968535232	44.020739572059	215.252286407321	171.802053673004	11	8	11
427	1	10	87.0711968535232	44.020739572059	215.252286407321	180.413809631367	11	8	9
428	1	10	87.0711968535232	44.020739572059	215.252286407321	153.564039853699	10	8	9
429	1	10	87.0711968535232	44.020739572059	215.252286407321	139.779554446521	9	8	11
430	1	10	87.0711968535232	44.020739572059	215.252286407321	154.862361275618	14	8	10
431	1	10	87.0711968535232	44.020739572059	215.252286407321	151.308318973251	6	8	11
432	1	10	87.0711968535232	44.020739572059	215.252286407321	164.926020193258	9	8	7
433	1	10	87.0711968535232	44.020739572059	215.252286407321	154.595450860195	9	8	9
434	1	10	87.0711968535232	44.020739572059	215.252286407321	131.456075312366	12	8	11
435	1	10	87.0711968535232	44.020739572059	215.252286407321	174.716091133364	7	8	10
436	1	10	87.0711968535232	44.020739572059	215.252286407321	148.229683244185	9	8	15
437	1	10	87.0711968535232	44.020739572059	215.252286407321	165.029465084728	12	8	9
438	1	10	87.0711968535232	44.020739572059	215.252286407321	147.581652736643	10	8	9
439	1	10	87.0711968535232	44.020739572059	215.252286407321	191.661032761248	13	8	11
440	1	10	87.0711968535232	44.020739572059	215.252286407321	173.613464838647	7	8	11
441	1	10	87.0711968535232	44.020739572059	215.252286407321	169.191334711448	7	8	7
442	1	10	87.0711968535232	44.020739572059	215.252286407321	192.543506419439	8	8	11
443	1	10	87.0711968535232	44.020739572059	215.252286407321	164.368897007652	10	8	10
444	1	10	87.0711968535232	44.020739572059	215.252286407321	177.308932185762	10	8	10
445	1	10	87.0711968535232	44.020739572059	215.252286407321	156.101294821863	11	8	9
446	1	10	87.0711968535232	44.020739572059	215.252286407321	201.227997235188	9	8	10
447	1	10	87.0711968535232	44.020739572059	215.252286407321	152.22368492399	15	8	10
448	1	10	87.0711968535232	44.020739572059	215.252286407321	164.863227513352	13	8	11
449	1	10	87.0711968535232	44.020739572059	215.252286407321	190.489334257802	11	8	10
450	1	10	87.0711968535232	44.020739572059	215.252286407321	161.059282918415	6	8	12
451	1	10	87.0711968535232	44.020739572059	215.252286407321	163.019216312273	10	8	9
452	1	10	87.0711968535232	44.020739572059	215.252286407321	173.89684747371	9	8	11
453	1	10	87.0711968535232	44.020739572059	215.252286407321	162.732802268847	12	8	9
454	1	10	87.0711968535232	44.020739572059	215.252286407321	154.630492920335	4	8	10
455	1	10	87.0711968535232	44.020739572059	215.252286407321	180.621991753619	9	8	10
456	1	10	87.0711968535232	44.020739572059	215.252286407321	153.919696965999	7	8	10
457	1	10	87.0711968535232	44.020739572059	215.252286407321	154.36075562569	11	8	10
458	1	10	87.0711968535232	44.020739572059	215.252286407321	151.863773389424	9	8	9
459	1	10	87.0711968535232	44.020739572059	215.252286407321	139.349880523739	9	8	5
460	1	10	87.0711968535232	44.020739572059	215.252286407321	166.190795610114	11	8	10
461	1	10	87.0711968535232	44.020739572059	215.252286407321	174.812150843545	10	8	9
462	1	10	87.0711968535232	44.020739572059	215.252286407321	161.496911942601	11	8	9
463	1	10	87.0711968535232	44.020739572059	215.252286407321	161.308547061316	7	8	9
464	1	10	87.0711968535232	44.020739572059	215.252286407321	167.502950591698	14	8	15
465	1	10	87.0711968535232	44.020739572059	215.252286407321	153.384917365779	12	8	7
466	1	10	87.0711968535232	44.020739572059	215.252286407321	167.187237858264	8	8	11
467	1	10	87.0711968535232	44.020739572059	215.252286407321	170.024142188188	9	8	5
468	1	10	87.0711968535232	44.020739572059	215.252286407321	165.847824920879	6	8	8
469	1	10	87.0711968535232	44.020739572059	215.252286407321	164.648854021213	12	8	11
470	1	10	87.0711968535232	44.020739572059	215.252286407321	175.135344959778	9	8	8
471	1	10	87.0711968535232	44.020739572059	215.252286407321	188.696539011735	7	8	10
472	1	10	87.0711968535232	44.020739572059	215.252286407321	196.280549641365	12	8	11
473	1	10	87.0711968535232	44.020739572059	215.252286407321	172.537663420834	11	8	10
474	1	10	87.0711968535232	44.020739572059	215.252286407321	147.48570741784	9	8	6
475	1	10	87.0711968535232	44.020739572059	215.252286407321	171.089042699788	10	8	10
476	1	10	87.0711968535232	44.020739572059	215.252286407321	149.216866277605	11	8	8
477	1	10	87.0711968535232	44.020739572059	215.252286407321	147.220955915127	11	8	11
478	1	10	87.0711968535232	44.020739572059	215.252286407321	176.372897481271	9	8	8
479	1	10	87.0711968535232	44.020739572059	215.252286407321	186.688817938643	8	8	10
480	1	8	85.7104118706405	42.5185876729957	215.959120988224	215.959120988224	8	8	8
481	1	8	85.7104118706405	42.5185876729957	215.959120988224	140.345696356988	9	8	11
482	1	8	85.7104118706405	42.5185876729957	215.959120988224	180.657708446376	9	8	7
483	1	8	85.7104118706405	42.5185876729957	215.959120988224	175.277548474533	12	8	12
484	1	8	85.7104118706405	42.5185876729957	215.959120988224	176.627806223285	11	8	11
485	1	8	85.7104118706405	42.5185876729957	215.959120988224	167.186886207412	10	8	11
486	1	8	85.7104118706405	42.5185876729957	215.959120988224	160.676469026602	7	8	11
487	1	8	85.7104118706405	42.5185876729957	215.959120988224	164.77179746578	11	8	7
488	1	8	85.7104118706405	42.5185876729957	215.959120988224	158.515929383864	10	8	11
489	1	8	85.7104118706405	42.5185876729957	215.959120988224	157.17689470593	12	8	11
490	1	8	85.7104118706405	42.5185876729957	215.959120988224	164.208169069672	13	8	11
491	1	8	85.7104118706405	42.5185876729957	215.959120988224	155.616329398998	8	8	10
492	1	8	85.7104118706405	42.5185876729957	215.959120988224	163.226551106686	8	8	9
493	1	8	85.7104118706405	42.5185876729957	215.959120988224	158.737961078474	7	8	10
494	1	8	85.7104118706405	42.5185876729957	215.959120988224	190.905424917319	7	8	11
495	1	8	85.7104118706405	42.5185876729957	215.959120988224	148.076169580145	11	8	12
496	1	8	85.7104118706405	42.5185876729957	215.959120988224	170.783655716843	9	8	10
497	1	8	85.7104118706405	42.5185876729957	215.959120988224	160.971045504109	13	8	11
498	1	8	85.7104118706405	42.5185876729957	215.959120988224	153.915419135558	8	8	10
499	1	8	85.7104118706405	42.5185876729957	215.959120988224	185.825876304907	8	8	11
500	1	8	85.7104118706405	42.5185876729957	215.959120988224	159.738032732106	11	8	13
501	1	8	85.7104118706405	42.5185876729957	215.959120988224	135.418069989399	10	8	12
502	1	8	85.7104118706405	42.5185876729957	215.959120988224	167.907744888007	11	8	9
503	1	8	85.7104118706405	42.5185876729957	215.959120988224	173.211693685176	9	8	11
504	1	8	85.7104118706405	42.5185876729957	215.959120988224	175.926281545782	12	8	8
505	1	8	85.7104118706405	42.5185876729957	215.959120988224	156.374373209817	13	8	11
506	1	8	85.7104118706405	42.5185876729957	215.959120988224	161.306367528411	10	8	11
507	1	8	85.7104118706405	42.5185876729957	215.959120988224	186.413806053027	8	8	5
508	1	8	85.7104118706405	42.5185876729957	215.959120988224	181.421424712823	13	8	9
509	1	8	85.7104118706405	42.5185876729957	215.959120988224	135.320074565767	11	8	12
510	1	8	85.7104118706405	42.5185876729957	215.959120988224	158.914620989545	6	8	9
511	1	8	85.7104118706405	42.5185876729957	215.959120988224	159.496155777431	8	8	12
512	1	8	85.7104118706405	42.5185876729957	215.959120988224	166.100234009571	9	8	9
513	1	8	85.7104118706405	42.5185876729957	215.959120988224	127.259010840865	10	8	11
514	1	8	85.7104118706405	42.5185876729957	215.959120988224	160.59781359342	9	8	7
515	1	8	85.7104118706405	42.5185876729957	215.959120988224	155.127693679544	13	8	9
516	1	8	85.7104118706405	42.5185876729957	215.959120988224	146.6909450386	8	8	9
517	1	8	85.7104118706405	42.5185876729957	215.959120988224	151.461899698093	11	8	10
518	1	8	85.7104118706405	42.5185876729957	215.959120988224	160.465076170154	9	8	7
519	1	8	85.7104118706405	42.5185876729957	215.959120988224	151.096905050862	7	8	9
520	1	8	85.7104118706405	42.5185876729957	215.959120988224	148.16142143029	7	8	8
521	1	8	85.7104118706405	42.5185876729957	215.959120988224	140.092867634296	10	8	7
522	1	8	85.7104118706405	42.5185876729957	215.959120988224	189.051746139008	9	8	10
523	1	8	85.7104118706405	42.5185876729957	215.959120988224	167.224808332778	10	8	8
524	1	8	85.7104118706405	42.5185876729957	215.959120988224	170.822379498768	11	8	11
525	1	8	85.7104118706405	42.5185876729957	215.959120988224	144.931312488334	7	8	7
526	1	8	85.7104118706405	42.5185876729957	215.959120988224	134.334365052584	13	8	7
527	1	8	85.7104118706405	42.5185876729957	215.959120988224	160.102999786508	8	8	7
528	1	8	85.7104118706405	42.5185876729957	215.959120988224	153.635584364186	8	8	6
529	1	8	85.7104118706405	42.5185876729957	215.959120988224	160.95622388349	3	8	7
530	1	8	85.7104118706405	42.5185876729957	215.959120988224	158.25541053603	7	8	11
531	1	8	85.7104118706405	42.5185876729957	215.959120988224	157.120961217033	13	8	7
532	1	8	85.7104118706405	42.5185876729957	215.959120988224	166.517267080758	11	8	10
533	1	8	85.7104118706405	42.5185876729957	215.959120988224	154.458852181153	10	8	13
534	1	8	85.7104118706405	42.5185876729957	215.959120988224	158.629155306182	10	8	12
535	1	8	85.7104118706405	42.5185876729957	215.959120988224	155.367243498455	11	8	12
536	1	8	85.7104118706405	42.5185876729957	215.959120988224	142.520576451587	9	8	11
537	1	8	85.7104118706405	42.5185876729957	215.959120988224	157.028838515776	10	8	11
538	1	8	85.7104118706405	42.5185876729957	215.959120988224	159.785403839302	9	8	10
539	1	8	85.7104118706405	42.5185876729957	215.959120988224	138.451138595736	12	8	11
540	1	8	85.7104118706405	42.5185876729957	215.959120988224	161.780536403105	9	8	12
541	1	8	85.7104118706405	42.5185876729957	215.959120988224	175.731889096118	11	8	7
542	1	8	85.7104118706405	42.5185876729957	215.959120988224	149.881147308046	11	8	12
543	1	8	85.7104118706405	42.5185876729957	215.959120988224	163.748188904461	8	8	10
544	1	8	85.7104118706405	42.5185876729957	215.959120988224	151.803477107489	8	8	11
545	1	8	85.7104118706405	42.5185876729957	215.959120988224	195.022578771838	10	8	8
546	1	8	85.7104118706405	42.5185876729957	215.959120988224	161.100384129211	10	8	12
547	1	8	85.7104118706405	42.5185876729957	215.959120988224	153.751046270895	8	8	11
548	1	8	85.7104118706405	42.5185876729957	215.959120988224	159.124083149178	7	8	11
549	1	8	85.7104118706405	42.5185876729957	215.959120988224	149.122889382033	11	8	12
550	1	8	85.7104118706405	42.5185876729957	215.959120988224	179.532116138872	12	8	11
551	1	8	85.7104118706405	42.5185876729957	215.959120988224	188.805451628441	8	8	12
552	1	8	85.7104118706405	42.5185876729957	215.959120988224	187.31758396493	7	8	10
553	1	8	85.7104118706405	42.5185876729957	215.959120988224	166.725584378343	11	8	12
554	1	8	85.7104118706405	42.5185876729957	215.959120988224	172.909827197736	11	8	10
555	1	8	85.7104118706405	42.5185876729957	215.959120988224	172.944243428833	12	8	10
556	1	8	85.7104118706405	42.5185876729957	215.959120988224	156.760117314162	10	8	8
557	1	8	85.7104118706405	42.5185876729957	215.959120988224	128.868069238456	11	8	10
558	1	8	85.7104118706405	42.5185876729957	215.959120988224	148.630114483553	11	8	12
559	1	8	85.7104118706405	42.5185876729957	215.959120988224	160.110227816243	11	8	12
560	1	8	85.7104118706405	42.5185876729957	215.959120988224	154.917515467409	5	8	11
561	1	8	85.7104118706405	42.5185876729957	215.959120988224	157.543912795295	9	8	12
562	1	8	85.7104118706405	42.5185876729957	215.959120988224	172.401773382918	8	8	8
563	1	8	85.7104118706405	42.5185876729957	215.959120988224	152.151987892341	12	8	9
564	1	8	85.7104118706405	42.5185876729957	215.959120988224	187.101018586117	8	8	10
565	1	8	85.7104118706405	42.5185876729957	215.959120988224	163.471297730906	7	8	8
566	1	8	85.7104118706405	42.5185876729957	215.959120988224	159.211081065277	6	8	7
567	1	8	85.7104118706405	42.5185876729957	215.959120988224	151.525561237305	8	8	12
568	1	8	85.7104118706405	42.5185876729957	215.959120988224	147.310918304938	10	8	10
569	1	8	85.7104118706405	42.5185876729957	215.959120988224	161.827597805726	12	8	10
570	1	8	85.7104118706405	42.5185876729957	215.959120988224	184.982130422491	9	8	7
571	1	8	85.7104118706405	42.5185876729957	215.959120988224	142.272919104475	10	8	8
572	1	8	85.7104118706405	42.5185876729957	215.959120988224	172.041057440516	11	8	7
573	1	8	85.7104118706405	42.5185876729957	215.959120988224	156.511836869209	10	8	9
574	1	8	85.7104118706405	42.5185876729957	215.959120988224	152.135079673699	8	8	8
575	1	8	85.7104118706405	42.5185876729957	215.959120988224	188.341392368835	9	8	12
576	1	8	85.7104118706405	42.5185876729957	215.959120988224	146.578570864287	12	8	10
577	1	8	85.7104118706405	42.5185876729957	215.959120988224	145.67262200201	8	8	10
578	1	8	85.7104118706405	42.5185876729957	215.959120988224	169.544857256405	8	8	12
579	1	8	85.7104118706405	42.5185876729957	215.959120988224	161.915667322144	11	8	12
580	1	8	85.7104118706405	42.5185876729957	215.959120988224	174.156062794109	9	8	11
581	1	8	85.7104118706405	42.5185876729957	215.959120988224	159.475577869117	14	8	15
582	1	8	85.7104118706405	42.5185876729957	215.959120988224	167.937467642235	9	8	11
583	1	8	85.7104118706405	42.5185876729957	215.959120988224	178.314659905779	10	8	12
584	1	8	85.7104118706405	42.5185876729957	215.959120988224	145.852645925821	10	8	12
585	1	8	85.7104118706405	42.5185876729957	215.959120988224	159.086257328874	10	8	5
586	1	8	85.7104118706405	42.5185876729957	215.959120988224	182.678626271709	12	8	8
587	1	8	85.7104118706405	42.5185876729957	215.959120988224	158.711912270192	11	8	10
588	1	8	85.7104118706405	42.5185876729957	215.959120988224	147.117493338716	10	8	11
589	1	8	85.7104118706405	42.5185876729957	215.959120988224	190.220666416838	6	8	9
590	1	8	85.7104118706405	42.5185876729957	215.959120988224	153.300411499704	9	8	11
591	1	8	85.7104118706405	42.5185876729957	215.959120988224	163.610971900952	11	8	10
592	1	8	85.7104118706405	42.5185876729957	215.959120988224	160.130400090526	12	8	9
593	1	8	85.7104118706405	42.5185876729957	215.959120988224	166.392100841582	9	8	7
594	1	8	85.7104118706405	42.5185876729957	215.959120988224	148.010568510114	9	8	10
595	1	8	85.7104118706405	42.5185876729957	215.959120988224	174.529535087075	13	8	10
596	1	8	85.7104118706405	42.5185876729957	215.959120988224	159.425016246256	10	8	10
597	1	8	85.7104118706405	42.5185876729957	215.959120988224	149.649334475341	8	8	7
598	1	8	85.7104118706405	42.5185876729957	215.959120988224	159.58144077752	8	8	8
599	1	8	85.7104118706405	42.5185876729957	215.959120988224	143.401688248368	11	8	11
600	1	8	85.7104118706405	42.5185876729957	215.959120988224	153.737657289119	7	8	11
601	1	8	85.7104118706405	42.5185876729957	215.959120988224	162.84341147573	9	8	9
602	1	8	85.7104118706405	42.5185876729957	215.959120988224	172.129574146751	8	8	11
603	1	8	85.7104118706405	42.5185876729957	215.959120988224	150.366041131164	8	8	4
604	1	8	85.7104118706405	42.5185876729957	215.959120988224	133.170996255364	10	8	9
605	1	8	85.7104118706405	42.5185876729957	215.959120988224	148.976263236569	5	8	4
606	1	8	85.7104118706405	42.5185876729957	215.959120988224	176.939154197084	14	8	7
607	1	8	85.7104118706405	42.5185876729957	215.959120988224	197.084519423692	6	8	8
608	1	8	85.7104118706405	42.5185876729957	215.959120988224	177.66674501808	10	8	10
609	1	8	85.7104118706405	42.5185876729957	215.959120988224	203.755241383213	9	8	13
610	1	8	85.7104118706405	42.5185876729957	215.959120988224	162.551291763964	8	8	7
611	1	8	85.7104118706405	42.5185876729957	215.959120988224	162.606791712988	10	8	11
612	1	8	85.7104118706405	42.5185876729957	215.959120988224	190.836112830365	9	8	7
613	1	8	85.7104118706405	42.5185876729957	215.959120988224	174.00538070221	9	8	12
614	1	8	85.7104118706405	42.5185876729957	215.959120988224	183.870497310302	11	8	7
615	1	8	85.7104118706405	42.5185876729957	215.959120988224	156.927818913214	6	8	7
616	1	8	85.7104118706405	42.5185876729957	215.959120988224	170.528015349313	8	8	9
617	1	8	85.7104118706405	42.5185876729957	215.959120988224	165.222370144496	13	8	9
618	1	8	85.7104118706405	42.5185876729957	215.959120988224	176.583803998545	12	8	10
619	1	8	85.7104118706405	42.5185876729957	215.959120988224	162.645628524476	8	8	10
620	1	8	85.7104118706405	42.5185876729957	215.959120988224	196.117046291949	11	8	12
621	1	8	85.7104118706405	42.5185876729957	215.959120988224	186.521199277431	8	8	12
622	1	8	85.7104118706405	42.5185876729957	215.959120988224	179.605212873229	8	8	9
623	1	8	85.7104118706405	42.5185876729957	215.959120988224	173.456865747795	7	8	10
624	1	8	85.7104118706405	42.5185876729957	215.959120988224	179.384888221473	13	8	9
625	1	8	85.7104118706405	42.5185876729957	215.959120988224	149.575193922779	9	8	9
626	1	8	85.7104118706405	42.5185876729957	215.959120988224	162.757817038213	13	8	9
627	1	8	85.7104118706405	42.5185876729957	215.959120988224	176.637838283804	8	8	7
628	1	8	85.7104118706405	42.5185876729957	215.959120988224	156.34493166958	9	8	9
629	1	8	85.7104118706405	42.5185876729957	215.959120988224	159.83301014137	6	8	7
630	1	8	85.7104118706405	42.5185876729957	215.959120988224	182.810372657459	7	8	11
631	1	8	85.7104118706405	42.5185876729957	215.959120988224	151.069520320768	10	8	12
632	1	8	85.7104118706405	42.5185876729957	215.959120988224	183.189218311288	11	8	6
633	1	8	85.7104118706405	42.5185876729957	215.959120988224	176.502153201822	12	8	9
634	1	8	85.7104118706405	42.5185876729957	215.959120988224	164.070720267524	11	8	9
635	1	8	85.7104118706405	42.5185876729957	215.959120988224	145.57639944134	13	8	10
636	1	8	85.7104118706405	42.5185876729957	215.959120988224	185.035082649386	12	8	8
637	1	8	85.7104118706405	42.5185876729957	215.959120988224	183.01587698278	13	8	12
638	1	8	85.7104118706405	42.5185876729957	215.959120988224	185.146030218977	9	8	13
639	1	8	85.7104118706405	42.5185876729957	215.959120988224	147.177587253784	8	8	13
640	1	8	85.7104118706405	42.5185876729957	215.959120988224	157.517492701041	11	8	9
641	1	8	85.7104118706405	42.5185876729957	215.959120988224	180.308048250074	10	8	11
642	1	8	85.7104118706405	42.5185876729957	215.959120988224	145.184787947931	5	8	10
643	1	8	85.7104118706405	42.5185876729957	215.959120988224	139.044490346291	12	8	14
644	1	8	85.7104118706405	42.5185876729957	215.959120988224	182.793172002934	9	8	7
645	1	8	85.7104118706405	42.5185876729957	215.959120988224	165.479388783594	6	8	8
646	1	8	85.7104118706405	42.5185876729957	215.959120988224	158.656739216372	8	8	7
647	1	8	85.7104118706405	42.5185876729957	215.959120988224	140.089533926456	8	8	10
648	1	8	85.7104118706405	42.5185876729957	215.959120988224	151.796921611283	12	8	11
649	1	8	85.7104118706405	42.5185876729957	215.959120988224	130.804063965982	10	8	10
650	1	8	85.7104118706405	42.5185876729957	215.959120988224	149.248057661063	6	8	10
651	1	8	85.7104118706405	42.5185876729957	215.959120988224	172.666221678475	11	8	9
652	1	8	85.7104118706405	42.5185876729957	215.959120988224	134.861006038892	11	8	9
653	1	8	85.7104118706405	42.5185876729957	215.959120988224	173.065225064489	12	8	10
654	1	8	85.7104118706405	42.5185876729957	215.959120988224	159.773223308152	10	8	9
655	1	8	85.7104118706405	42.5185876729957	215.959120988224	136.183401979023	9	8	8
656	1	8	85.7104118706405	42.5185876729957	215.959120988224	154.304265026294	14	8	10
657	1	8	85.7104118706405	42.5185876729957	215.959120988224	177.764972342511	9	8	12
658	1	8	85.7104118706405	42.5185876729957	215.959120988224	149.842756449894	7	8	9
659	1	8	85.7104118706405	42.5185876729957	215.959120988224	160.950707032108	10	8	7
660	1	8	85.7104118706405	42.5185876729957	215.959120988224	136.159574311826	13	8	14
661	1	8	85.7104118706405	42.5185876729957	215.959120988224	142.187271500394	10	8	7
662	1	8	85.7104118706405	42.5185876729957	215.959120988224	187.262981388299	13	8	8
663	1	8	85.7104118706405	42.5185876729957	215.959120988224	147.491438603242	7	8	7
664	1	8	85.7104118706405	42.5185876729957	215.959120988224	158.802123697397	11	8	9
665	1	8	85.7104118706405	42.5185876729957	215.959120988224	184.666793194518	12	8	11
666	1	8	85.7104118706405	42.5185876729957	215.959120988224	145.12307344699	10	8	12
667	1	8	85.7104118706405	42.5185876729957	215.959120988224	165.050645228408	9	8	10
668	1	8	85.7104118706405	42.5185876729957	215.959120988224	130.289515436425	7	8	9
669	1	8	85.7104118706405	42.5185876729957	215.959120988224	173.247533231889	13	8	7
670	1	8	85.7104118706405	42.5185876729957	215.959120988224	152.831895642555	8	8	6
671	1	8	85.7104118706405	42.5185876729957	215.959120988224	148.025179836713	8	8	10
672	1	8	85.7104118706405	42.5185876729957	215.959120988224	162.182157738998	8	8	11
673	1	8	85.7104118706405	42.5185876729957	215.959120988224	172.689701368727	7	8	8
674	1	8	85.7104118706405	42.5185876729957	215.959120988224	150.613887778514	12	8	8
675	1	8	85.7104118706405	42.5185876729957	215.959120988224	152.950012560773	11	8	9
676	1	8	85.7104118706405	42.5185876729957	215.959120988224	173.70869316441	11	8	11
677	1	8	85.7104118706405	42.5185876729957	215.959120988224	176.686032602518	7	8	11
678	1	8	85.7104118706405	42.5185876729957	215.959120988224	184.69612800011	8	8	8
679	1	8	85.7104118706405	42.5185876729957	215.959120988224	168.333246491028	11	8	8
680	1	8	85.7104118706405	42.5185876729957	215.959120988224	175.020956037993	7	8	7
681	1	8	85.7104118706405	42.5185876729957	215.959120988224	151.503477708144	7	8	8
682	1	8	85.7104118706405	42.5185876729957	215.959120988224	140.776985807955	12	8	8
683	1	8	85.7104118706405	42.5185876729957	215.959120988224	171.588175906647	12	8	11
684	1	8	85.7104118706405	42.5185876729957	215.959120988224	138.241098996941	11	8	12
685	1	8	85.7104118706405	42.5185876729957	215.959120988224	163.114460877096	6	8	11
686	1	8	85.7104118706405	42.5185876729957	215.959120988224	152.215285808436	10	8	11
687	1	8	85.7104118706405	42.5185876729957	215.959120988224	192.786282494103	10	8	7
688	1	8	85.7104118706405	42.5185876729957	215.959120988224	169.410905424123	9	8	7
689	1	8	85.7104118706405	42.5185876729957	215.959120988224	180.84673462774	13	8	7
690	1	8	85.7104118706405	42.5185876729957	215.959120988224	147.611891111716	7	8	10
691	1	8	85.7104118706405	42.5185876729957	215.959120988224	175.864047969242	11	8	11
692	1	8	85.7104118706405	42.5185876729957	215.959120988224	169.070124933177	11	8	6
693	1	8	85.7104118706405	42.5185876729957	215.959120988224	162.07706808887	10	8	6
694	1	8	85.7104118706405	42.5185876729957	215.959120988224	168.812569064736	9	8	14
695	1	8	85.7104118706405	42.5185876729957	215.959120988224	193.749271502262	10	8	12
696	1	8	85.7104118706405	42.5185876729957	215.959120988224	178.475661798884	10	8	8
697	1	8	85.7104118706405	42.5185876729957	215.959120988224	160.291937923592	6	8	8
698	1	8	85.7104118706405	42.5185876729957	215.959120988224	166.732678435443	16	8	10
699	1	8	85.7104118706405	42.5185876729957	215.959120988224	158.585239557108	12	8	14
700	1	8	85.7104118706405	42.5185876729957	215.959120988224	174.942806944895	9	8	5
701	1	8	85.7104118706405	42.5185876729957	215.959120988224	151.494186910072	13	8	13
702	1	8	85.7104118706405	42.5185876729957	215.959120988224	162.555022106765	8	8	15
703	1	8	85.7104118706405	42.5185876729957	215.959120988224	169.781441448099	10	8	8
704	1	8	85.7104118706405	42.5185876729957	215.959120988224	132.319415821745	14	8	13
705	1	8	85.7104118706405	42.5185876729957	215.959120988224	154.914094471246	10	8	12
706	1	8	85.7104118706405	42.5185876729957	215.959120988224	155.025191429748	8	8	13
707	1	8	85.7104118706405	42.5185876729957	215.959120988224	193.962691373027	7	8	15
708	1	8	85.7104118706405	42.5185876729957	215.959120988224	158.652660691703	9	8	10
709	1	8	85.7104118706405	42.5185876729957	215.959120988224	165.528904070197	12	8	8
710	1	8	85.7104118706405	42.5185876729957	215.959120988224	161.567094674866	15	8	15
711	1	8	85.7104118706405	42.5185876729957	215.959120988224	137.50242235034	7	8	10
712	1	8	85.7104118706405	42.5185876729957	215.959120988224	169.021693121977	6	8	7
713	1	8	85.7104118706405	42.5185876729957	215.959120988224	185.63204871917	7	8	9
714	1	8	85.7104118706405	42.5185876729957	215.959120988224	176.045549671617	10	8	14
715	1	8	85.7104118706405	42.5185876729957	215.959120988224	165.387004022786	12	8	10
716	1	8	85.7104118706405	42.5185876729957	215.959120988224	155.736725407796	10	8	9
717	1	8	85.7104118706405	42.5185876729957	215.959120988224	178.520857731396	12	8	9
718	1	8	85.7104118706405	42.5185876729957	215.959120988224	170.202544533116	12	8	14
719	1	8	85.7104118706405	42.5185876729957	215.959120988224	183.633905093422	7	8	10
720	1	8	85.7104118706405	42.5185876729957	215.959120988224	173.956029945824	12	8	14
721	1	8	85.7104118706405	42.5185876729957	215.959120988224	158.300385924716	7	8	7
722	1	8	85.7104118706405	42.5185876729957	215.959120988224	161.505892076938	10	8	10
723	1	8	85.7104118706405	42.5185876729957	215.959120988224	165.568393474515	8	8	9
724	1	8	85.7104118706405	42.5185876729957	215.959120988224	145.945408568482	9	8	14
725	1	8	85.7104118706405	42.5185876729957	215.959120988224	177.215026596251	11	8	10
726	1	8	85.7104118706405	42.5185876729957	215.959120988224	157.617360518116	11	8	7
727	1	8	85.7104118706405	42.5185876729957	215.959120988224	174.912806492335	11	8	10
728	1	8	85.7104118706405	42.5185876729957	215.959120988224	179.128943092453	8	8	8
729	1	8	85.7104118706405	42.5185876729957	215.959120988224	180.019511318029	7	8	8
730	1	8	85.7104118706405	42.5185876729957	215.959120988224	202.439696468473	10	8	6
731	1	8	85.7104118706405	42.5185876729957	215.959120988224	153.314455456334	10	8	10
732	1	8	85.7104118706405	42.5185876729957	215.959120988224	140.282170499062	12	8	10
733	1	8	85.7104118706405	42.5185876729957	215.959120988224	195.281368762872	12	8	12
734	1	8	85.7104118706405	42.5185876729957	215.959120988224	159.849221829921	10	8	6
735	1	8	85.7104118706405	42.5185876729957	215.959120988224	174.613450368684	8	8	8
736	1	8	85.7104118706405	42.5185876729957	215.959120988224	160.667735420329	9	8	10
737	1	8	85.7104118706405	42.5185876729957	215.959120988224	159.916865065812	12	8	8
738	1	8	85.7104118706405	42.5185876729957	215.959120988224	129.365029413313	10	8	9
739	1	8	85.7104118706405	42.5185876729957	215.959120988224	154.023799879748	13	8	10
740	1	8	85.7104118706405	42.5185876729957	215.959120988224	165.965479812275	9	8	8
741	1	8	85.7104118706405	42.5185876729957	215.959120988224	165.889563054336	10	8	14
742	1	8	85.7104118706405	42.5185876729957	215.959120988224	160.992278218695	11	8	8
743	1	8	85.7104118706405	42.5185876729957	215.959120988224	154.812843228849	14	8	14
744	1	8	85.7104118706405	42.5185876729957	215.959120988224	161.654835485252	10	8	8
745	1	8	85.7104118706405	42.5185876729957	215.959120988224	150.568077886217	9	8	8
746	1	8	85.7104118706405	42.5185876729957	215.959120988224	161.818174580054	10	8	10
747	1	8	85.7104118706405	42.5185876729957	215.959120988224	170.347013507101	9	8	9
748	1	8	85.7104118706405	42.5185876729957	215.959120988224	146.282096478604	10	8	9
749	1	8	85.7104118706405	42.5185876729957	215.959120988224	141.706562659171	9	8	8
750	1	8	85.7104118706405	42.5185876729957	215.959120988224	147.55681918067	7	8	8
751	1	8	85.7104118706405	42.5185876729957	215.959120988224	143.465724605454	11	8	9
752	1	8	85.7104118706405	42.5185876729957	215.959120988224	143.870279225798	7	8	10
753	1	8	85.7104118706405	42.5185876729957	215.959120988224	159.354757625773	11	8	9
754	1	8	85.7104118706405	42.5185876729957	215.959120988224	150.457160098971	8	8	5
755	1	8	85.7104118706405	42.5185876729957	215.959120988224	154.025298021463	9	8	12
756	1	8	85.7104118706405	42.5185876729957	215.959120988224	145.595837489322	11	8	9
757	1	8	85.7104118706405	42.5185876729957	215.959120988224	170.238752361721	7	8	11
758	1	8	85.7104118706405	42.5185876729957	215.959120988224	159.517606705223	9	8	11
759	1	8	85.7104118706405	42.5185876729957	215.959120988224	177.811090571579	6	8	10
760	1	8	85.7104118706405	42.5185876729957	215.959120988224	149.868210265637	5	8	11
761	1	8	85.7104118706405	42.5185876729957	215.959120988224	191.599572148164	11	8	8
762	1	8	85.7104118706405	42.5185876729957	215.959120988224	176.974831652765	5	8	9
763	1	8	85.7104118706405	42.5185876729957	215.959120988224	125.079578575819	11	8	10
764	1	8	85.7104118706405	42.5185876729957	215.959120988224	169.711845431346	8	8	11
765	1	8	85.7104118706405	42.5185876729957	215.959120988224	157.92125876961	14	8	10
766	1	8	85.7104118706405	42.5185876729957	215.959120988224	173.042086023775	10	8	12
767	1	8	85.7104118706405	42.5185876729957	215.959120988224	141.309813597022	13	8	5
768	1	8	85.7104118706405	42.5185876729957	215.959120988224	159.286309319533	11	8	10
769	1	8	85.7104118706405	42.5185876729957	215.959120988224	187.183588144075	6	8	12
770	1	8	85.7104118706405	42.5185876729957	215.959120988224	157.548963954616	8	8	10
771	1	8	85.7104118706405	42.5185876729957	215.959120988224	153.573611669304	10	8	12
772	1	8	85.7104118706405	42.5185876729957	215.959120988224	150.171560517568	11	8	10
773	1	8	85.7104118706405	42.5185876729957	215.959120988224	152.593895977204	11	8	13
774	1	8	85.7104118706405	42.5185876729957	215.959120988224	169.936519888151	13	8	14
775	1	8	85.7104118706405	42.5185876729957	215.959120988224	184.861143342528	9	8	10
776	1	8	85.7104118706405	42.5185876729957	215.959120988224	176.257463599411	9	8	5
777	1	8	85.7104118706405	42.5185876729957	215.959120988224	186.894106999897	12	8	9
778	1	8	85.7104118706405	42.5185876729957	215.959120988224	159.488738686193	11	8	10
779	1	8	85.7104118706405	42.5185876729957	215.959120988224	164.022232064225	11	8	8
780	1	8	85.7104118706405	42.5185876729957	215.959120988224	160.763572983861	16	8	12
781	1	8	85.7104118706405	42.5185876729957	215.959120988224	181.257880483858	12	8	10
782	1	8	85.7104118706405	42.5185876729957	215.959120988224	183.293750420294	11	8	12
783	1	8	85.7104118706405	42.5185876729957	215.959120988224	146.525915142381	12	8	12
784	1	8	85.7104118706405	42.5185876729957	215.959120988224	118.998365761609	9	8	8
785	1	8	85.7104118706405	42.5185876729957	215.959120988224	192.355650439211	15	8	10
786	1	8	85.7104118706405	42.5185876729957	215.959120988224	139.722873763389	10	8	11
787	1	8	85.7104118706405	42.5185876729957	215.959120988224	144.809919542247	7	8	13
788	1	8	85.7104118706405	42.5185876729957	215.959120988224	191.236354741784	7	8	6
789	1	8	85.7104118706405	42.5185876729957	215.959120988224	174.235137590233	8	8	11
790	1	8	85.7104118706405	42.5185876729957	215.959120988224	153.733051076041	11	8	9
791	1	8	85.7104118706405	42.5185876729957	215.959120988224	168.80970270184	11	8	9
792	1	8	85.7104118706405	42.5185876729957	215.959120988224	153.603236905002	8	8	10
793	1	8	85.7104118706405	42.5185876729957	215.959120988224	158.989627480131	10	8	10
794	1	8	85.7104118706405	42.5185876729957	215.959120988224	172.007853266839	8	8	10
795	1	8	85.7104118706405	42.5185876729957	215.959120988224	173.423067493828	12	8	12
796	1	8	85.7104118706405	42.5185876729957	215.959120988224	157.535514436688	12	8	12
797	1	8	85.7104118706405	42.5185876729957	215.959120988224	152.945287437157	10	8	12
798	1	8	85.7104118706405	42.5185876729957	215.959120988224	164.95654567401	6	8	9
799	1	8	85.7104118706405	42.5185876729957	215.959120988224	162.968891066704	8	8	10
800	1	8	85.7104118706405	42.5185876729957	215.959120988224	163.724327439581	9	8	7
801	1	8	85.7104118706405	42.5185876729957	215.959120988224	167.809779999792	7	8	14
802	1	8	85.7104118706405	42.5185876729957	215.959120988224	163.527970285841	5	8	7
803	1	8	85.7104118706405	42.5185876729957	215.959120988224	174.236818973601	10	8	11
804	1	8	85.7104118706405	42.5185876729957	215.959120988224	157.46992258407	12	8	12
805	1	8	85.7104118706405	42.5185876729957	215.959120988224	182.218527679887	8	8	8
806	1	8	85.7104118706405	42.5185876729957	215.959120988224	177.487612738795	8	8	8
807	1	8	85.7104118706405	42.5185876729957	215.959120988224	188.106123872184	9	8	9
808	1	8	85.7104118706405	42.5185876729957	215.959120988224	170.416513913176	8	8	12
809	1	8	85.7104118706405	42.5185876729957	215.959120988224	175.105353491517	9	8	8
810	1	8	85.7104118706405	42.5185876729957	215.959120988224	142.906170576781	11	8	14
811	1	8	85.7104118706405	42.5185876729957	215.959120988224	158.634991985687	8	8	8
812	1	8	85.7104118706405	42.5185876729957	215.959120988224	162.521186658391	8	8	11
813	1	8	85.7104118706405	42.5185876729957	215.959120988224	142.161454548124	9	8	8
814	1	8	85.7104118706405	42.5185876729957	215.959120988224	166.219756984365	13	8	10
815	1	8	85.7104118706405	42.5185876729957	215.959120988224	169.543471605984	6	8	13
816	1	8	85.7104118706405	42.5185876729957	215.959120988224	158.112495872191	8	8	11
817	1	8	85.7104118706405	42.5185876729957	215.959120988224	148.86105168094	10	8	8
818	1	8	85.7104118706405	42.5185876729957	215.959120988224	153.091919809863	11	8	11
819	1	8	85.7104118706405	42.5185876729957	215.959120988224	175.230630275597	9	8	7
820	1	8	85.7104118706405	42.5185876729957	215.959120988224	161.252001690815	11	8	10
