"Iteration #"	"Inertia"	"Number of features"	"CV best"	"Permuted CV best"	"Global best fitness"	"Current best fitness"	"Number of features in current best agent"	"Number of features in global best"	"Number of features in local best"
1	0.98	44	79.868111905473	-Inf	11121.4303056639	11121.4303056639	25	44	44
2	0.96	44	78.7244656671746	-Inf	11299.9922752495	11299.9922752495	14	20	20
3	0.94	44	81.762000970385	-Inf	12341.0569403264	12341.0569403264	25	24	24
4	0.92	44	81.762000970385	-Inf	12341.0569403264	11080.86487873	13	24	21
5	0.9	44	81.4106890699597	-Inf	13867.0262596447	13867.0262596447	30	28	28
6	0.88	44	81.4106890699597	-Inf	13867.0262596447	12450.0510351479	28	28	29
7	0.86	44	81.4106890699597	-Inf	13867.0262596447	12763.1929743962	37	28	35
8	0.84	44	81.4106890699597	-Inf	13867.0262596447	13145.9039856988	32	28	29
9	0.82	44	81.4106890699597	-Inf	13867.0262596447	13576.8204389854	26	28	32
10	0.8	44	81.4106890699597	-Inf	13867.0262596447	11670.2322836777	25	28	19
11	0.78	44	81.4106890699597	-Inf	13867.0262596447	-1e+21	27	28	32
12	0.76	44	84.2272344659549	-Inf	15401.78299309	15401.78299309	30	23	23
13	0.74	44	84.2272344659549	-Inf	15401.78299309	12653.3272877681	25	23	24
14	0.72	44	84.2272344659549	-Inf	15401.78299309	12324.0737257276	24	23	26
15	0.7	44	84.2272344659549	-Inf	15401.78299309	13221.1378554189	21	23	19
16	0.68	44	84.2272344659549	-Inf	15401.78299309	13476.9777805928	22	23	27
17	0.66	44	84.2272344659549	-Inf	15401.78299309	10747.9847145323	28	23	23
18	0.64	44	84.2272344659549	-Inf	15401.78299309	-1e+21	18	23	23
19	0.62	44	84.2272344659549	-Inf	15401.78299309	13706.7876619904	26	23	25
20	0.6	44	84.643556798657	-Inf	15582.7363118272	15582.7363118272	22	29	29
21	0.58	44	84.643556798657	-Inf	15582.7363118272	13924.4562221598	25	29	24
22	0.56	44	84.643556798657	-Inf	15582.7363118272	11901.6956147557	22	29	27
23	0.54	44	84.643556798657	-Inf	15582.7363118272	11157.4451079006	13	29	30
24	0.52	44	84.643556798657	-Inf	15582.7363118272	12335.9577539583	29	29	19
25	0.5	44	84.643556798657	-Inf	15582.7363118272	12409.8219773262	25	29	28
26	0.48	44	84.643556798657	-Inf	15582.7363118272	-1e+21	24	29	19
27	0.46	44	82.6261182610772	-Inf	16708.2208775345	16708.2208775345	19	28	28
28	0.44	44	82.6261182610772	-Inf	16708.2208775345	12110.9728691493	15	28	21
29	0.42	44	82.6261182610772	-Inf	16708.2208775345	13195.513276182	27	28	27
30	0.4	44	82.6261182610772	-Inf	16708.2208775345	13785.5591697468	21	28	30
31	0.38	44	82.6261182610772	-Inf	16708.2208775345	12178.2322807166	29	28	22
32	0.36	44	82.6261182610772	-Inf	16708.2208775345	13875.5161307311	19	28	29
33	0.34	44	82.6261182610772	-Inf	16708.2208775345	-1e+21	22	28	26
34	0.32	44	82.6261182610772	-Inf	16708.2208775345	13787.2612957504	25	28	22
35	0.3	44	82.6261182610772	-Inf	16708.2208775345	14117.6500079282	22	28	27
36	0.28	44	82.6261182610772	-Inf	16708.2208775345	12729.3976295601	23	28	21
37	0.26	44	82.6261182610772	-Inf	16708.2208775345	12277.7308873926	25	28	25
38	0.24	44	82.6261182610772	-Inf	16708.2208775345	13213.2070641522	23	28	17
39	0.22	44	82.6261182610772	-Inf	16708.2208775345	-1e+21	17	28	22
40	0.2	44	82.6261182610772	-Inf	16708.2208775345	12138.5234255527	22	28	24
41	0.18	44	82.6261182610772	-Inf	16708.2208775345	11193.4813342907	24	28	29
42	0.16	44	82.6261182610772	-Inf	16708.2208775345	12227.8636399863	26	28	23
43	0.14	44	82.6261182610772	-Inf	16708.2208775345	11625.849310032	26	28	24
44	0.12	44	82.6261182610772	-Inf	16708.2208775345	12054.3351550587	16	28	29
45	0.1	44	82.6261182610772	-Inf	16708.2208775345	-1e+21	25	28	26
46	0.0800000000000001	44	82.6261182610772	-Inf	16708.2208775345	12918.1856542391	20	28	22
47	0.0600000000000001	44	82.6261182610772	-Inf	16708.2208775345	12793.5928483642	24	28	26
48	0.04	44	82.6261182610772	-Inf	16708.2208775345	10685.3690337889	28	28	17
49	0.02	44	82.6261182610772	-Inf	16708.2208775345	12322.0481494463	28	28	27
50	0	44	82.6261182610772	-Inf	16708.2208775345	11876.9401766977	22	28	21
51	-0.02	44	82.6261182610772	-Inf	16708.2208775345	-1e+21	23	28	22
52	-0.04	44	82.6261182610772	-Inf	16708.2208775345	12811.8369033818	24	28	21
53	-0.0600000000000001	44	82.6261182610772	-Inf	16708.2208775345	12049.4602432449	25	28	24
54	-0.08	44	82.6261182610772	-Inf	16708.2208775345	12929.1111487878	21	28	24
55	-0.1	44	82.6261182610772	-Inf	16708.2208775345	12885.9027749803	30	28	20
56	-0.12	44	82.6261182610772	-Inf	16708.2208775345	11934.6968670417	23	28	24
57	-0.14	44	82.6261182610772	-Inf	16708.2208775345	-1e+21	20	28	19
58	-0.16	44	82.6261182610772	-Inf	16708.2208775345	13449.705125579	25	28	22
59	-0.18	44	82.6261182610772	-Inf	16708.2208775345	13141.5994444238	21	28	23
60	-0.2	44	82.6261182610772	-Inf	16708.2208775345	14136.8866466968	23	28	26
61	-0.22	44	82.6261182610772	-Inf	16708.2208775345	12007.4683125313	23	28	22
62	-0.24	44	82.6261182610772	-Inf	16708.2208775345	13203.8240712904	24	28	28
63	-0.26	44	82.6261182610772	-Inf	16708.2208775345	-1e+21	27	28	24
64	-0.28	44	82.6261182610772	-Inf	16708.2208775345	11595.1221678584	20	28	27
65	-0.3	44	82.6261182610772	-Inf	16708.2208775345	11755.8992035142	22	28	27
66	-0.32	44	82.6261182610772	-Inf	16708.2208775345	11351.9689818277	22	28	27
67	-0.34	44	82.6261182610772	-Inf	16708.2208775345	13368.2834316547	17	28	22
68	-0.36	44	82.6261182610772	-Inf	16708.2208775345	12748.1286752018	17	28	27
69	-0.38	44	82.6261182610772	-Inf	16708.2208775345	-1e+21	17	28	22
70	-0.4	44	82.6261182610772	-Inf	16708.2208775345	11663.9294311688	28	28	22
71	-0.42	44	82.6261182610772	-Inf	16708.2208775345	13393.0322031068	28	28	23
72	-0.44	44	82.6261182610772	-Inf	16708.2208775345	12118.1942914289	25	28	20
73	-0.46	44	82.6261182610772	-Inf	16708.2208775345	12836.6286484266	28	28	22
74	-0.48	44	82.6261182610772	-Inf	16708.2208775345	12895.635937197	17	28	26
75	-0.5	44	82.6261182610772	-Inf	16708.2208775345	-1e+21	25	28	20
76	-0.52	44	82.6261182610772	-Inf	16708.2208775345	12861.2515544747	32	28	18
77	-0.54	44	82.6261182610772	-Inf	16708.2208775345	11379.8342687493	23	28	22
78	-0.56	44	82.6261182610772	-Inf	16708.2208775345	13299.6739042499	25	28	26
79	-0.58	44	82.6261182610772	-Inf	16708.2208775345	12191.0844112316	21	28	23
80	-0.6	44	82.6261182610772	-Inf	16708.2208775345	12190.582341907	21	28	26
81	-0.62	44	82.6261182610772	-Inf	16708.2208775345	-1e+21	24	28	22
82	-0.64	44	82.6261182610772	-Inf	16708.2208775345	11140.1206500094	19	28	23
83	-0.66	44	82.6261182610772	-Inf	16708.2208775345	11681.6913144236	23	28	21
84	-0.68	44	82.6261182610772	-Inf	16708.2208775345	12463.032110369	25	28	18
85	-0.7	44	82.6261182610772	-Inf	16708.2208775345	13814.4166158341	32	28	17
86	-0.72	44	82.6261182610772	-Inf	16708.2208775345	12385.7152902383	19	28	28
87	-0.74	44	82.6261182610772	-Inf	16708.2208775345	-1e+21	21	28	29
88	-0.76	44	82.6261182610772	-Inf	16708.2208775345	11916.0457860865	21	28	25
89	-0.78	44	82.6261182610772	-Inf	16708.2208775345	11432.7478218105	25	28	17
90	-0.8	44	82.6261182610772	-Inf	16708.2208775345	12200.9664296536	22	28	22
91	-0.82	44	82.6261182610772	-Inf	16708.2208775345	11506.9753004606	28	28	13
92	-0.84	44	82.6261182610772	-Inf	16708.2208775345	11033.9985755975	22	28	25
93	-0.86	44	82.6261182610772	-Inf	16708.2208775345	-1e+21	20	28	27
94	-0.88	44	82.6261182610772	-Inf	16708.2208775345	11231.1501089321	19	28	27
95	-0.9	44	82.6261182610772	-Inf	16708.2208775345	11537.8547395257	17	28	25
96	-0.92	44	82.6261182610772	-Inf	16708.2208775345	13553.2605495793	19	28	24
97	-0.94	44	82.6261182610772	-Inf	16708.2208775345	12504.364888411	17	28	22
98	-0.96	44	82.6261182610772	-Inf	16708.2208775345	12590.6470668637	29	28	15
99	-0.98	44	82.6261182610772	-Inf	16708.2208775345	-1e+21	20	28	22
100	-1	44	82.6261182610772	-Inf	16708.2208775345	11811.4466035887	26	28	17
101	-1.02	44	82.6261182610772	-Inf	16708.2208775345	11504.5737069593	16	28	28
102	-0.02	44	82.6261182610772	-Inf	16708.2208775345	16271.7333079991	23	28	16
103	-0.03	44	82.6261182610772	-Inf	16708.2208775345	12208.4507184258	20	28	24
104	-0.04	44	82.6261182610772	-Inf	16708.2208775345	11536.6835057642	21	28	23
105	-0.05	44	82.6261182610772	-Inf	16708.2208775345	-1e+21	23	28	23
106	-0.0600000000000001	44	82.6261182610772	-Inf	16708.2208775345	12847.6842048622	24	28	23
107	-0.07	44	82.6261182610772	-Inf	16708.2208775345	12051.810267855	26	28	18
108	-0.08	44	82.6261182610772	-Inf	16708.2208775345	12295.5175689208	24	28	24
109	-0.09	44	82.6261182610772	-Inf	16708.2208775345	12064.6676672379	26	28	25
110	-0.1	44	82.6261182610772	-Inf	16708.2208775345	15113.1751434252	25	28	24
111	-0.11	44	82.6261182610772	-Inf	16708.2208775345	-1e+21	23	28	21
112	-0.12	44	82.6261182610772	-Inf	16708.2208775345	12805.0286231413	18	28	25
113	-0.13	44	82.6261182610772	-Inf	16708.2208775345	13338.6774731914	20	28	29
114	-0.14	44	82.6261182610772	-Inf	16708.2208775345	12086.1454449847	23	28	22
115	-0.15	44	82.6261182610772	-Inf	16708.2208775345	13544.5359836583	21	28	16
116	-0.16	44	82.6261182610772	-Inf	16708.2208775345	11971.5751787374	23	28	27
117	-0.17	44	82.6261182610772	-Inf	16708.2208775345	-1e+21	21	28	24
118	-0.18	44	82.6261182610772	-Inf	16708.2208775345	12004.2043586137	21	28	25
119	-0.19	44	82.6261182610772	-Inf	16708.2208775345	11972.4632258041	26	28	23
120	-0.2	44	82.6261182610772	-Inf	16708.2208775345	15239.4805281274	19	28	19
121	-0.21	44	82.6261182610772	-Inf	16708.2208775345	12165.8389005077	20	28	29
122	-0.22	44	82.6261182610772	-Inf	16708.2208775345	11658.4036820952	23	28	23
123	-0.23	44	82.6261182610772	-Inf	16708.2208775345	-1e+21	22	28	23
124	-0.24	44	82.6261182610772	-Inf	16708.2208775345	14189.4339794925	24	28	23
125	-0.25	44	82.6261182610772	-Inf	16708.2208775345	13569.5347506573	25	28	17
126	-0.26	44	82.6261182610772	-Inf	16708.2208775345	11310.0192308938	22	28	28
127	-0.27	44	82.6261182610772	-Inf	16708.2208775345	11751.1962080778	35	28	22
128	-0.28	44	82.6261182610772	-Inf	16708.2208775345	11733.5121764176	13	28	27
129	-0.29	44	82.6261182610772	-Inf	16708.2208775345	-1e+21	26	28	20
130	-0.3	44	82.6261182610772	-Inf	16708.2208775345	12366.6954690754	23	28	27
131	-0.31	44	82.6261182610772	-Inf	16708.2208775345	12853.5395606122	21	28	27
132	-0.32	44	82.6261182610772	-Inf	16708.2208775345	12748.6835964127	24	28	25
133	-0.33	44	82.6261182610772	-Inf	16708.2208775345	14248.8251011707	25	28	21
134	-0.34	44	82.6261182610772	-Inf	16708.2208775345	11928.2209008764	20	28	29
135	-0.35	44	82.6261182610772	-Inf	16708.2208775345	-1e+21	21	28	23
136	-0.36	44	82.6261182610772	-Inf	16708.2208775345	11020.631854967	21	28	25
137	-0.37	44	82.6261182610772	-Inf	16708.2208775345	11462.2394964003	25	28	21
138	-0.38	44	82.6261182610772	-Inf	16708.2208775345	12699.5445176269	26	28	22
139	-0.39	44	82.6261182610772	-Inf	16708.2208775345	11419.4097206613	21	28	23
140	-0.4	44	82.6261182610772	-Inf	16708.2208775345	11982.9474951645	20	28	21
141	-0.41	44	82.6261182610772	-Inf	16708.2208775345	-1e+21	21	28	27
142	-0.42	44	82.6261182610772	-Inf	16708.2208775345	13822.9190787594	32	28	22
143	-0.43	44	82.6261182610772	-Inf	16708.2208775345	10862.7947733003	25	28	28
144	-0.44	44	82.6261182610772	-Inf	16708.2208775345	13269.7544162163	22	28	27
145	-0.45	44	82.6261182610772	-Inf	16708.2208775345	12032.0555453834	20	28	27
146	-0.46	44	82.6261182610772	-Inf	16708.2208775345	16370.7427895139	23	28	23
147	-0.47	44	82.6261182610772	-Inf	16708.2208775345	-1e+21	17	28	27
148	-0.48	44	82.6261182610772	-Inf	16708.2208775345	12168.323092339	21	28	20
149	-0.49	44	82.6261182610772	-Inf	16708.2208775345	11882.6844934582	14	28	31
150	-0.5	44	82.6261182610772	-Inf	16708.2208775345	14557.8409823219	26	28	27
151	-0.51	44	82.6261182610772	-Inf	16708.2208775345	11170.2238261591	25	28	24
152	-0.52	44	82.6261182610772	-Inf	16708.2208775345	11018.3776273391	20	28	25
153	-0.53	44	82.6261182610772	-Inf	16708.2208775345	-1e+21	25	28	23
154	-0.54	44	82.6261182610772	-Inf	16708.2208775345	14237.3051283504	26	28	16
155	-0.55	44	82.6261182610772	-Inf	16708.2208775345	11361.4916820483	30	28	13
156	-0.56	44	82.6261182610772	-Inf	16708.2208775345	13097.2512690533	25	28	22
157	-0.57	44	82.6261182610772	-Inf	16708.2208775345	12439.1905964067	31	28	15
158	-0.58	44	82.6261182610772	-Inf	16708.2208775345	12804.2527209874	23	28	25
159	-0.59	44	82.6261182610772	-Inf	16708.2208775345	-1e+21	17	28	26
160	-0.6	44	82.6261182610772	-Inf	16708.2208775345	12290.0661293433	26	28	20
161	-0.61	44	82.6261182610772	-Inf	16708.2208775345	14147.1365383831	26	28	21
162	-0.62	44	82.6261182610772	-Inf	16708.2208775345	15006.662738181	30	28	17
163	-0.63	44	82.6261182610772	-Inf	16708.2208775345	12066.9231990333	18	28	24
164	-0.64	44	82.6261182610772	-Inf	16708.2208775345	11181.6217987133	20	28	21
165	-0.65	44	82.6261182610772	-Inf	16708.2208775345	-1e+21	17	28	23
166	-0.66	44	82.6261182610772	-Inf	16708.2208775345	12762.9396404426	25	28	19
167	-0.67	44	82.6261182610772	-Inf	16708.2208775345	12637.6703028938	24	28	21
168	-0.68	44	82.6261182610772	-Inf	16708.2208775345	14337.8312224305	20	28	22
169	-0.69	44	82.6261182610772	-Inf	16708.2208775345	11845.8879602113	19	28	24
170	-0.7	44	82.6261182610772	-Inf	16708.2208775345	12040.5959397432	14	28	29
171	-0.71	44	82.6261182610772	-Inf	16708.2208775345	-1e+21	18	28	24
172	-0.72	44	82.6261182610772	-Inf	16708.2208775345	14157.5840584515	30	28	13
173	-0.73	44	82.6261182610772	-Inf	16708.2208775345	11210.5927640641	14	28	27
174	-0.74	44	82.6261182610772	-Inf	16708.2208775345	13101.7105027052	24	28	21
175	-0.75	44	82.6261182610772	-Inf	16708.2208775345	12337.7620246141	17	28	30
176	-0.76	44	82.6261182610772	-Inf	16708.2208775345	12079.7160284554	18	28	26
177	-0.77	44	82.6261182610772	-Inf	16708.2208775345	-1e+21	20	28	26
178	-0.78	44	82.6261182610772	-Inf	16708.2208775345	12264.1732590661	21	28	21
179	-0.79	44	82.6261182610772	-Inf	16708.2208775345	12670.3807494351	21	28	21
180	-0.8	44	82.6261182610772	-Inf	16708.2208775345	12303.7598550196	25	28	24
181	-0.81	44	82.6261182610772	-Inf	16708.2208775345	11174.6799252818	25	28	15
182	-0.82	44	82.6261182610772	-Inf	16708.2208775345	12389.9760567476	19	28	27
183	-0.83	44	82.6261182610772	-Inf	16708.2208775345	-1e+21	22	28	25
184	-0.84	44	82.6261182610772	-Inf	16708.2208775345	11568.2222234719	26	28	18
185	-0.85	44	82.6261182610772	-Inf	16708.2208775345	11471.8964582676	18	28	23
186	-0.86	44	82.6261182610772	-Inf	16708.2208775345	13805.6936110559	24	28	20
187	-0.87	44	82.6261182610772	-Inf	16708.2208775345	11396.083468216	22	28	22
188	-0.88	44	82.6261182610772	-Inf	16708.2208775345	11182.4344993996	20	28	24
189	-0.89	44	82.6261182610772	-Inf	16708.2208775345	-1e+21	20	28	20
190	-0.9	44	82.6261182610772	-Inf	16708.2208775345	13034.9607219234	22	28	22
191	-0.91	44	82.6261182610772	-Inf	16708.2208775345	11855.4423425834	22	28	22
192	-0.92	44	82.6261182610772	-Inf	16708.2208775345	14379.1996288952	23	28	21
193	-0.93	44	82.6261182610772	-Inf	16708.2208775345	13621.8326198268	24	28	21
194	-0.94	44	82.6261182610772	-Inf	16708.2208775345	13982.6944849363	20	28	24
195	-0.95	44	82.6261182610772	-Inf	16708.2208775345	-1e+21	24	28	21
196	-0.96	44	82.6261182610772	-Inf	16708.2208775345	12022.6061297196	25	28	20
197	-0.97	44	82.6261182610772	-Inf	16708.2208775345	10584.3940240403	23	28	22
198	-0.98	44	82.6261182610772	-Inf	16708.2208775345	11942.9663912737	15	28	29
199	-0.99	44	82.6261182610772	-Inf	16708.2208775345	14914.7297676783	23	28	21
200	-1	44	82.6261182610772	-Inf	16708.2208775345	15647.2878911323	20	28	24
201	-1.01	44	82.6261182610772	-Inf	16708.2208775345	-1e+21	24	28	20
202	-0.01	44	82.6261182610772	-Inf	16708.2208775345	11482.6582792965	21	28	23
203	-0.015	44	82.6261182610772	-Inf	16708.2208775345	16310.0992190444	25	28	19
204	-0.02	44	82.6261182610772	-Inf	16708.2208775345	10644.8390911166	27	28	25
205	-0.025	44	82.6261182610772	-Inf	16708.2208775345	12604.4248470761	27	28	23
206	-0.03	44	82.6261182610772	-Inf	16708.2208775345	11417.0406806361	24	28	23
207	-0.035	44	82.6261182610772	-Inf	16708.2208775345	-1e+21	24	28	26
208	-0.04	44	82.6261182610772	-Inf	16708.2208775345	12375.041495177	23	28	22
209	-0.045	44	82.6261182610772	-Inf	16708.2208775345	12465.4374554669	23	28	29
210	-0.05	44	82.6261182610772	-Inf	16708.2208775345	11667.2014725954	22	28	22
211	-0.055	44	82.6261182610772	-Inf	16708.2208775345	12444.7977312564	36	28	20
212	-0.0600000000000001	44	82.6261182610772	-Inf	16708.2208775345	13515.0515724553	22	28	22
