"Iteration #"	"Inertia"	"Number of features"	"CV best"	"Permuted CV best"	"Global best fitness"	"Current best fitness"	"Number of features in current best agent"	"Number of features in global best"	"Number of features in local best"
1	1	52	92.7441128431039	32.2565181761082	61.4507441312744	61.4507441312744	52	52	1040
2	1	24	97.5709458224759	34.7078006084198	71.2748429580571	71.2748429580571	52	24	24
3	1	25	97.6856221999555	31.3415559915126	74.0548283106086	74.0548283106086	52	25	25
4	1	30	100	32.4817603975472	75.2488788328281	75.2488788328281	52	30	30
5	1	30	100	32.4817603975472	75.2488788328281	69.1176180374707	52	30	30
6	1	30	100	32.4817603975472	75.2488788328281	68.9507441312744	52	30	988
7	1	30	100	32.4817603975472	75.2488788328281	72.0702427619453	52	30	30
8	1	30	100	32.4817603975472	75.2488788328281	75.020622490174	52	30	30
9	1	30	100	32.4817603975472	75.2488788328281	74.0272493201121	52	30	30
10	1	30	100	32.4817603975472	75.2488788328281	74.3587323467732	52	30	30
11	1	30	100	32.4817603975472	75.2488788328281	74.1317729675712	52	30	30
12	1	30	100	30.6523258121202	77.3948676580116	77.3948676580116	52	30	30
13	1	30	100	30.6523258121202	77.3948676580116	77.4281516816803	52	30	30
14	1	30	100	30.6523258121202	77.3948676580116	77.4566808448248	52	30	30
15	1	30	100	30.6523258121202	77.3948676580116	77.4814061195501	52	30	30
16	1	30	100	30.6523258121202	77.3948676580116	74.5765475177134	52	30	30
17	1	30	100	30.6523258121202	77.3948676580116	74.5681340561749	52	30	30
18	1	30	100	30.6523258121202	77.3948676580116	74.645057133098	52	30	30
19	1	30	100	30.6523258121202	77.3948676580116	73.5124478822291	52	30	30
20	1	30	100	30.6523258121202	77.3948676580116	70.0007441312744	52	30	988
21	1	30	100	30.6523258121202	77.3948676580116	74.995456422269	52	30	30
22	1	30	100	30.6523258121202	77.3948676580116	75.7004367279886	52	30	30
23	1	29	100	29.1772598434669	78.6611094882428	78.6611094882428	52	29	29
24	1	29	100	29.1772598434669	78.6611094882428	71.0038585372877	52	29	29
25	1	29	100	29.1772598434669	78.6611094882428	77.319469754418	52	29	29
26	1	29	100	29.1772598434669	78.6611094882428	72.9798153748212	52	29	29
27	1	29	100	29.1772598434669	78.6611094882428	76.2710742613454	52	29	29
28	1	19	100	25.9618354904655	81.3438854863445	81.3438854863445	52	19	19
29	1	19	100	25.9618354904655	81.3438854863445	70.8387875615474	52	19	19
30	1	19	100	25.9618354904655	81.3438854863445	73.8503137393926	52	19	19
31	1	19	100	25.9618354904655	81.3438854863445	76.6402021244491	52	19	19
32	1	19	100	25.9618354904655	81.3438854863445	76.926883768612	52	19	19
33	1	19	100	25.9618354904655	81.3438854863445	77.2518134992014	52	19	19
34	1	19	100	25.9618354904655	81.3438854863445	79.392300251606	52	19	19
35	1	19	100	25.9618354904655	81.3438854863445	79.395209107456	52	19	19
36	1	19	100	25.9618354904655	81.3438854863445	70.2007441312744	52	19	988
37	1	19	100	25.9618354904655	81.3438854863445	76.7052428659254	52	19	19
38	1	19	100	25.9618354904655	81.3438854863445	74.2179456856299	52	19	19
39	1	19	100	25.9618354904655	81.3438854863445	77.579524570192	2	19	19
40	1	19	100	25.9618354904655	81.3438854863445	81.379119002828	2	19	361
41	1	19	100	25.9618354904655	81.3438854863445	81.3811241623027	2	19	361
42	1	19	100	25.9618354904655	81.3438854863445	81.3830338379929	2	19	361
43	1	19	100	25.9618354904655	81.3438854863445	81.3848546915579	2	19	361
44	1	19	100	25.9618354904655	81.3438854863445	81.3865927790518	2	19	361
45	1	19	100	25.9618354904655	81.3438854863445	81.3882536182126	2	19	361
46	1	19	100	25.9618354904655	81.3438854863445	81.3898422469752	2	19	361
47	1	19	100	25.9618354904655	81.3438854863445	81.3913632745138	2	19	361
48	1	19	100	25.9618354904655	81.3438854863445	81.3928209259049	2	19	361
49	1	19	100	25.9618354904655	81.3438854863445	81.394219081321	2	19	361
50	1	19	100	25.9618354904655	81.3438854863445	81.3955613105203	2	19	361
51	1	19	100	25.9618354904655	81.3438854863445	81.3968509032805	2	19	361
52	1	19	100	25.9618354904655	81.3438854863445	81.3980908963191	2	19	361
53	1	19	100	25.9618354904655	81.3438854863445	81.3992840971676	2	19	361
54	1	19	100	25.9618354904655	81.3438854863445	81.4004331053921	2	19	361
55	1	19	100	25.9618354904655	81.3438854863445	81.4015403314993	2	19	361
56	1	19	100	25.9618354904655	81.3438854863445	81.402608013817	2	19	361
57	1	19	100	25.9618354904655	81.3438854863445	81.4036382335972	2	19	361
58	1	19	100	25.9618354904655	81.3438854863445	81.4046329285575	2	19	361
59	1	19	100	25.9618354904655	81.3438854863445	81.4055939050444	2	19	361
60	1	19	100	25.9618354904655	81.3438854863445	81.4065228489819	2	19	361
61	1	18	100	24.5282429700111	82.3635597514532	82.3635597514532	2	18	18
62	1	18	100	24.5282429700111	82.3635597514532	81.4082908390563	2	18	361
63	1	18	100	24.5282429700111	82.3635597514532	81.4091327390917	2	18	361
64	1	18	100	24.5282429700111	82.3635597514532	81.4099483297511	2	18	361
65	1	18	100	24.5282429700111	82.3635597514532	81.4107388253132	2	18	361
66	1	18	100	24.5282429700111	82.3635597514532	81.4115053664644	2	18	361
67	1	18	100	24.5282429700111	82.3635597514532	81.4122490257901	2	18	361
68	1	18	100	24.5282429700111	82.3635597514532	81.4129708127828	2	18	361
69	1	18	100	24.5282429700111	82.3635597514532	82.1872379016025	2	18	18
70	1	18	100	24.5282429700111	82.3635597514532	81.4143525193115	2	18	361
71	1	18	100	24.5282429700111	82.3635597514532	81.4150141815929	2	18	361
72	1	18	100	24.5282429700111	82.3635597514532	82.3713623996247	2	18	18
73	1	18	100	24.5282429700111	82.3635597514532	82.3719551288133	2	18	18
74	1	18	100	24.5282429700111	82.3635597514532	82.3725318382941	2	18	18
75	1	18	100	24.5282429700111	82.3635597514532	82.3730931688555	2	18	18
76	1	18	100	24.5282429700111	82.3635597514532	81.4180613105203	2	18	361
77	1	18	100	24.5282429700111	82.3635597514532	81.4186232485823	2	18	361
78	1	18	100	24.5282429700111	82.3635597514532	81.4191707779759	2	18	361
79	1	20	97.5709458224759	20.2794459699065	83.415275971867	83.415275971867	2	20	20
80	1	20	97.5709458224759	20.2794459699065	83.415275971867	83.4158236836489	2	20	20
81	1	20	97.5709458224759	20.2794459699065	83.415275971867	81.4207322506913	2	20	361
82	1	17	100	22.5530412831689	83.850066223733	83.850066223733	2	17	17
83	1	17	100	22.5530412831689	83.850066223733	81.4217105227539	2	17	361
84	1	17	100	22.5530412831689	83.850066223733	81.4221821896412	2	17	361
85	1	17	100	22.5530412831689	83.850066223733	81.4226427584841	2	17	361
86	1	17	100	22.5530412831689	83.850066223733	81.4230926164237	2	17	361
87	1	17	100	22.5530412831689	83.850066223733	81.7361061556601	2	17	17
88	1	17	100	22.5530412831689	83.850066223733	81.4239616601707	2	17	361
89	1	17	100	22.5530412831689	83.850066223733	81.4243815352394	2	17	361
90	1	17	100	22.5530412831689	83.850066223733	81.4247920797511	2	17	361
91	1	17	100	22.5530412831689	83.850066223733	81.6345707754968	2	17	17
92	1	17	100	22.5530412831689	83.850066223733	81.4255863941324	2	17	361
93	1	17	100	22.5530412831689	83.850066223733	83.0965446490914	2	17	17
94	1	17	100	22.5530412831689	83.850066223733	83.8546468791959	2	17	323
95	1	17	100	22.5530412831689	83.850066223733	83.8549763649397	2	17	323
96	1	17	100	22.5530412831689	83.850066223733	83.8552989863972	2	17	323
97	1	17	100	22.5530412831689	83.850066223733	83.8556149558658	2	17	323
98	1	17	100	22.5530412831689	83.850066223733	83.855924476978	2	17	323
99	1	17	100	22.5530412831689	83.850066223733	83.8562277451384	2	17	323
100	1	17	100	22.5530412831689	83.850066223733	83.8565249479356	2	17	323
101	1	17	100	22.5530412831689	83.850066223733	83.8568162655289	2	17	323
102	1	17	100	22.5530412831689	83.850066223733	83.8571018710126	2	17	323
103	1	17	100	22.5530412831689	83.850066223733	83.8573819307586	2	17	323
104	1	17	100	22.5530412831689	83.850066223733	83.8576566047404	2	17	323
105	1	17	100	22.5530412831689	83.850066223733	83.8579260468367	2	17	323
106	1	17	100	22.5530412831689	83.850066223733	83.85819040512	2	17	323
107	1	17	100	22.5530412831689	83.850066223733	83.8584498221269	2	17	323
108	1	17	100	22.5530412831689	83.850066223733	83.8587044351151	2	17	323
109	1	17	100	22.5530412831689	83.850066223733	83.8589543763054	2	17	323
110	1	17	100	22.5530412831689	83.850066223733	83.8591997731105	2	17	323
111	1	17	100	22.5530412831689	83.850066223733	83.8594407483514	2	17	323
112	1	17	100	22.5530412831689	83.850066223733	83.8596774204631	2	17	323
113	1	17	100	22.5530412831689	83.850066223733	83.8599099036878	2	17	323
114	1	17	100	22.5530412831689	83.850066223733	83.8601383082595	2	17	323
115	1	17	100	22.5530412831689	83.850066223733	83.8603627405778	2	17	323
116	1	17	100	22.5530412831689	83.850066223733	83.8605833033733	2	17	323
117	1	17	100	22.5530412831689	83.850066223733	83.8608000958646	2	17	323
118	1	17	100	22.5530412831689	83.850066223733	83.8610132139069	2	17	323
119	1	17	100	22.5530412831689	83.850066223733	83.8612227501334	2	17	323
120	1	17	100	22.5530412831689	83.850066223733	83.8614287940895	2	17	323
121	1	17	100	22.5530412831689	83.850066223733	83.8616314323603	2	17	323
122	1	17	100	22.5530412831689	83.850066223733	83.8618307486923	2	17	323
123	1	17	100	22.5530412831689	83.850066223733	83.8620268241082	2	17	323
124	1	17	100	22.5530412831689	83.850066223733	83.8622197370175	2	17	323
125	1	17	100	22.5530412831689	83.850066223733	83.8624095633202	2	17	323
126	1	17	100	22.5530412831689	83.850066223733	83.8625963765071	2	17	323
127	1	17	100	22.5530412831689	83.850066223733	83.8627802477539	2	17	323
128	1	17	100	22.5530412831689	83.850066223733	83.8629612460126	2	17	323
129	1	17	100	22.5530412831689	83.850066223733	83.8631394380966	2	17	323
130	1	17	100	22.5530412831689	83.850066223733	83.863314888764	2	17	323
131	1	17	100	22.5530412831689	83.850066223733	83.8634876607953	2	17	323
132	1	17	100	22.5530412831689	83.850066223733	83.8636578150685	2	17	323
133	1	17	100	22.5530412831689	83.850066223733	83.8638254106308	2	17	323
134	1	17	100	22.5530412831689	83.850066223733	83.8639905047669	2	17	323
135	1	17	100	22.5530412831689	83.850066223733	83.8641531530638	2	17	323
136	1	17	100	22.5530412831689	83.850066223733	83.8643134094741	2	17	323
137	1	17	100	22.5530412831689	83.850066223733	83.8644713263747	2	17	323
138	1	17	100	22.5530412831689	83.850066223733	83.8646269546246	2	17	323
139	1	17	100	22.5530412831689	83.850066223733	83.8647803436191	2	17	323
140	1	17	100	22.5530412831689	83.850066223733	83.8649315413422	2	17	323
141	1	17	100	22.5530412831689	83.850066223733	83.8650805944168	2	17	323
142	1	17	100	22.5530412831689	83.850066223733	83.8652275481523	2	17	323
143	1	17	100	22.5530412831689	83.850066223733	83.8653724465908	2	17	323
144	1	17	100	22.5530412831689	83.850066223733	83.865515332551	2	17	323
145	1	17	100	22.5530412831689	83.850066223733	83.8656562476704	2	17	323
146	1	17	100	22.5530412831689	83.850066223733	83.8657952324456	2	17	323
147	1	17	100	22.5530412831689	83.850066223733	83.8659323262716	2	17	323
148	1	17	100	22.5530412831689	83.850066223733	83.8660675674783	2	17	323
149	1	17	100	22.5530412831689	83.850066223733	83.8662009933667	2	17	323
150	1	17	100	22.5530412831689	83.850066223733	83.8663326402433	2	17	323
151	1	17	100	22.5530412831689	83.850066223733	83.8664625434527	2	17	323
152	1	17	100	22.5530412831689	83.850066223733	83.8665907374093	2	17	323
153	1	17	100	22.5530412831689	83.850066223733	83.8667172556279	2	17	323
154	1	17	100	22.5530412831689	83.850066223733	83.8668421307528	2	17	323
155	1	17	100	22.5530412831689	83.850066223733	83.8669653945858	2	17	323
156	1	17	100	22.5530412831689	83.850066223733	83.8670870781131	2	17	323
157	1	17	100	22.5530412831689	83.850066223733	83.8672072115319	2	17	323
158	1	17	100	22.5530412831689	83.850066223733	83.8673258242745	2	17	323
159	1	17	100	22.5530412831689	83.850066223733	83.8674429450329	2	17	323
160	1	17	100	22.5530412831689	83.850066223733	83.8675586017818	2	17	340
161	1	17	100	22.5530412831689	83.850066223733	83.8676728218009	2	17	323
162	1	17	100	22.5530412831689	83.850066223733	83.8677856316963	2	17	323
163	1	17	100	22.5530412831689	83.850066223733	83.8678970574212	2	17	340
164	1	17	100	22.5530412831689	83.850066223733	83.8680071242959	2	17	323
165	1	17	100	22.5530412831689	83.850066223733	83.8681158570265	2	17	323
166	1	17	100	22.5530412831689	83.850066223733	83.8682232797243	2	17	323
167	1	17	100	22.5530412831689	83.850066223733	83.8683294159227	2	17	323
168	1	17	100	22.5530412831689	83.850066223733	83.868434288595	2	17	323
169	1	17	100	22.5530412831689	83.850066223733	83.8685379201705	2	17	323
170	1	17	100	22.5530412831689	83.850066223733	83.868640332551	2	17	323
171	1	17	100	22.5530412831689	83.850066223733	83.8687415471259	2	17	323
172	1	17	100	22.5530412831689	83.850066223733	83.8688415847871	2	17	323
173	1	17	100	22.5530412831689	83.850066223733	83.8689404659436	2	17	323
174	1	17	100	22.5530412831689	83.850066223733	83.8690382105351	2	17	323
175	1	17	100	22.5530412831689	83.850066223733	83.8691348380455	2	17	323
176	1	17	100	22.5530412831689	83.850066223733	83.8692303675161	2	17	323
177	1	17	100	22.5530412831689	83.850066223733	83.8693248175575	2	17	323
178	1	17	100	22.5530412831689	83.850066223733	83.8694182063626	2	17	323
179	1	17	100	22.5530412831689	83.850066223733	83.8695105517173	2	17	340
180	1	17	100	22.5530412831689	83.850066223733	83.8696018710125	2	17	340
181	1	17	100	22.5530412831689	83.850066223733	83.8696921812548	2	17	340
182	1	17	100	22.5530412831689	83.850066223733	83.8697814990768	2	17	340
183	1	17	100	22.5530412831689	83.850066223733	83.8698698407477	2	17	340
184	1	17	100	22.5530412831689	83.850066223733	83.8699572221831	2	17	340
185	1	17	100	22.5530412831689	83.850066223733	83.8700436589543	2	17	340
186	1	17	100	22.5530412831689	83.850066223733	83.8701291662979	2	17	340
187	1	17	100	22.5530412831689	83.850066223733	83.8702137591244	2	17	323
188	1	17	100	22.5530412831689	83.850066223733	83.8702974520273	2	17	340
189	1	17	100	22.5530412831689	83.850066223733	83.8703802592909	2	17	323
190	1	17	100	22.5530412831689	83.850066223733	83.8704621948992	2	17	323
191	1	17	100	22.5530412831689	83.850066223733	83.870543272543	2	17	323
192	1	17	100	22.5530412831689	83.850066223733	83.8706235056279	2	17	340
193	1	17	100	22.5530412831689	83.850066223733	83.870702907282	2	17	323
194	1	17	100	22.5530412831689	83.850066223733	83.8707814903623	2	17	323
195	1	17	100	22.5530412831689	83.850066223733	83.8708592674623	2	17	323
196	1	17	100	22.5530412831689	83.850066223733	83.8709362509184	2	17	323
197	1	17	100	22.5530412831689	83.850066223733	83.8710124528165	2	17	323
198	1	17	100	22.5530412831689	83.850066223733	83.8710878849986	2	17	323
199	1	17	100	22.5530412831689	83.850066223733	83.8711625590682	2	17	323
200	1	17	100	22.5530412831689	83.850066223733	83.8712364863972	2	17	323
201	1	17	100	22.5530412831689	83.850066223733	83.8713096781308	2	17	323
202	1	17	100	22.5530412831689	83.850066223733	83.8713821451938	2	17	323
