"Iteration #"	"Inertia"	"Number of features"	"CV best"	"Permuted CV best"	"Global best fitness"	"Current best fitness"	"Number of features in current best agent"	"Number of features in global best"	"Number of features in local best"
1	1	40	76.0494596549705	47.3271367198321	-44.7724565182101	-44.7724565182101	15	40	800
2	1	24	66.0110861072892	45.1043221817184	26.8811223865973	26.8811223865973	10	11	11
3	1	19	75.782652861464	35.8260774994795	41.2309576186846	41.2309576186846	13	15	15
4	1	17	74.6850100862491	30.4072570502947	47.1724276294806	47.1724276294806	14	13	13
5	1	13	76.225099400881	34.552425950385	50.899904163169	50.899904163169	20	13	13
6	1	13	76.225099400881	34.552425950385	50.899904163169	47.1638772914588	16	13	17
7	1	13	76.225099400881	34.552425950385	50.899904163169	46.2948249443973	16	13	17
8	1	18	78.1633648054697	36.0311184457267	51.8146295809825	51.8146295809825	16	16	16
9	1	15	77.691738461427	31.8864066871371	53.0455413872965	53.0455413872965	15	15	15
10	1	15	77.691738461427	31.8864066871371	53.4163747206299	53.4163747206299	16	15	15
11	1	18	80.517846832877	36.8726642914712	54.8363585044663	54.8363585044663	18	12	12
12	1	18	80.517846832877	36.8726642914712	54.8363585044663	54.5983096700904	15	12	14
13	1	14	75.9255908912541	33.7974713108646	55.1560487209208	55.1560487209208	11	11	11
14	1	13	76.6900006399247	29.9508462984368	57.3759160075457	57.3759160075457	10	11	11
15	1	12	78.9297579178109	28.5996765324234	60.3608781989952	60.3608781989952	17	10	10
16	1	9	85.1891001253867	30.802482832702	64.0861635000376	64.0861635000376	15	13	13
17	1	9	85.1891001253867	30.802482832702	64.0861635000376	61.7074677134298	12	13	10
18	1	9	85.1891001253867	30.802482832702	64.0861635000376	64.1717597584702	13	13	14
19	1	13	85.1891001253867	30.802482832702	64.3716075789849	64.3716075789849	13	13	26
20	1	13	85.1891001253867	30.802482832702	64.3716075789849	64.4477260000376	13	13	26
21	1	15	85.1891001253867	30.802482832702	64.5165950476566	64.5165950476566	13	13	13
22	1	15	85.1891001253867	30.802482832702	64.5165950476566	64.5792032727648	14	13	13
23	1	13	85.2347909711334	27.2894042751557	67.1297904289777	67.1297904289777	13	13	13
24	1	13	85.2347909711334	27.2894042751557	67.1297904289777	67.1821907912966	13	13	26
25	1	13	85.2347909711334	27.2894042751557	67.2303991246299	67.2303991246299	13	13	26
26	1	13	85.2347909711334	27.2894042751557	67.2303991246299	67.2748991246299	13	13	39
27	1	13	85.2347909711334	27.2894042751557	67.2303991246299	67.3161028283336	13	13	39
28	1	13	85.2347909711334	27.2894042751557	67.3543634103442	67.3543634103442	13	13	39
29	1	13	85.2347909711334	27.2894042751557	67.3543634103442	67.3899853315265	13	13	39
30	1	13	85.2347909711334	27.2894042751557	67.3543634103442	67.4232324579632	13	13	39
31	1	13	85.2347909711334	27.2894042751557	67.3543634103442	67.4543346085009	13	13	39
32	1	13	85.2347909711334	27.2894042751557	67.4834928746299	67.4834928746299	13	13	39
33	1	13	85.2347909711334	27.2894042751557	67.4834928746299	67.5108839731148	13	13	39
34	1	13	85.2347909711334	27.2894042751557	67.4834928746299	67.5366638305123	13	13	39
35	1	13	85.2347909711334	27.2894042751557	67.4834928746299	67.5609705532013	13	13	39
36	1	13	85.2347909711334	27.2894042751557	67.5839269024077	67.5839269024077	13	13	39
37	1	13	85.2347909711334	27.2894042751557	67.5839269024077	67.6056423678732	13	13	39
38	1	13	85.2347909711334	27.2894042751557	67.5839269024077	67.6262149141036	13	13	39
39	1	13	85.2347909711334	27.2894042751557	67.5839269024077	67.6457324579632	13	13	39
40	1	13	85.2347909711334	27.2894042751557	67.5839269024077	67.6642741246299	13	13	39
41	1	13	85.2347909711334	27.2894042751557	67.5839269024077	67.6819113197519	13	13	39
42	1	13	85.2347909711334	27.2894042751557	67.6987086484394	67.6987086484394	13	13	39
43	1	13	85.2347909711334	27.2894042751557	67.6987086484394	67.7147247060253	13	13	39
44	1	13	85.2347909711334	27.2894042751557	67.6987086484394	67.7300127609935	13	13	39
45	1	13	85.2347909711334	27.2894042751557	67.6987086484394	67.7446213468521	13	13	39
46	1	13	85.2347909711334	27.2894042751557	67.6987086484394	67.7585947768038	13	13	52
47	1	13	85.2347909711334	27.2894042751557	67.6987086484394	67.771973592715	13	13	52
48	1	13	85.2347909711334	27.2894042751557	67.6987086484394	67.7847949579632	13	13	52
49	1	13	85.2347909711334	27.2894042751557	67.6987086484394	67.7970930021809	13	13	52
50	1	13	85.2347909711334	27.2894042751557	67.8088991246299	67.8088991246299	13	13	52
51	1	13	85.2347909711334	27.2894042751557	67.8088991246299	67.8202422618848	13	13	52
52	1	13	85.2347909711334	27.2894042751557	67.8088991246299	67.8311491246299	13	13	52
53	1	13	85.2347909711334	27.2894042751557	67.8088991246299	67.8416444076488	13	13	52
54	1	13	85.2347909711334	27.2894042751557	67.8088991246299	67.8517509764818	13	13	52
55	1	13	85.2347909711334	27.2894042751557	67.8088991246299	67.8614900337208	13	13	52
56	1	13	85.2347909711334	27.2894042751557	67.8088991246299	67.8708812674871	13	13	52
57	1	13	85.2347909711334	27.2894042751557	67.8088991246299	67.879942984279	13	13	52
58	1	13	85.2347909711334	27.2894042751557	67.8088991246299	67.8886922280782	13	13	52
59	1	13	85.2347909711334	27.2894042751557	67.8088991246299	67.8971448873418	13	13	52
60	1	13	85.2347909711334	27.2894042751557	67.8088991246299	67.9053157912966	13	13	52
61	1	13	85.2347909711334	27.2894042751557	67.9132187967611	67.9132187967611	13	13	52
62	1	13	85.2347909711334	27.2894042751557	67.9132187967611	67.9208668665654	13	13	52
63	1	13	85.2347909711334	27.2894042751557	67.9132187967611	67.9282721405029	13	13	52
64	1	13	85.2347909711334	27.2894042751557	67.9132187967611	67.9354459996299	13	13	52
65	1	13	85.2347909711334	27.2894042751557	67.9132187967611	67.9423991246299	13	13	52
66	1	13	85.2347909711334	27.2894042751557	67.9132187967611	67.9491415488723	13	13	52
67	1	13	85.2347909711334	27.2894042751557	67.9132187967611	67.9556827067195	13	13	52
68	1	13	85.2347909711334	27.2894042751557	67.9132187967611	67.9620314775711	13	13	52
69	1	13	85.2347909711334	27.2894042751557	67.9132187967611	67.9681962260792	13	13	52
70	1	13	85.2347909711334	27.2894042751557	67.9132187967611	67.9741848389156	13	13	52
71	1	13	85.2347909711334	27.2894042751557	67.9132187967611	67.9800047584327	13	13	52
72	1	13	85.2347909711334	27.2894042751557	67.9132187967611	67.9856630135188	14	13	52
73	1	13	85.2347909711334	27.2894042751557	67.9132187967611	67.9911662479176	13	13	26
74	1	13	85.2347909711334	27.2894042751557	67.9132187967611	67.9965207462515	13	13	65
75	1	13	85.2347909711334	27.2894042751557	67.9132187967611	68.0017324579632	13	13	65
76	1	13	85.2347909711334	27.2894042751557	67.9132187967611	68.0068070193667	13	13	65
77	1	13	85.2347909711334	27.2894042751557	67.9132187967611	68.0117497739806	13	13	65
78	1	7	85.2347909711334	27.2894042751557	68.0165657912966	68.0165657912966	13	13	65
79	1	7	85.2347909711334	27.2894042751557	68.0165657912966	68.0212598841236	13	13	65
80	1	7	85.2347909711334	27.2894042751557	68.0165657912966	68.0258366246299	13	13	65
81	1	7	85.2347909711334	27.2894042751557	68.0165657912966	68.0303003591978	13	13	65
82	1	7	85.2347909711334	27.2894042751557	68.0165657912966	68.0346552221909	13	13	65
83	1	7	85.2347909711334	27.2894042751557	68.0165657912966	68.0389051487263	13	13	65
84	1	7	85.2347909711334	27.2894042751557	68.0165657912966	68.0430538865347	13	13	65
85	1	7	85.2347909711334	27.2894042751557	68.0165657912966	68.0471050069828	13	13	65
86	1	7	85.2347909711334	27.2894042751557	68.0165657912966	68.0510619153276	13	13	65
87	1	7	85.2347909711334	27.2894042751557	68.0165657912966	68.0549278602621	13	13	65
88	1	7	85.2347909711334	27.2894042751557	68.0165657912966	68.0587059428117	13	13	65
89	1	7	85.2347909711334	27.2894042751557	68.0165657912966	68.0623991246299	15	13	65
90	1	7	85.2347909711334	27.2894042751557	68.0165657912966	68.066010235741	13	13	39
91	1	7	85.2347909711334	27.2894042751557	68.0165657912966	68.0695419817728	15	13	52
92	1	7	85.2347909711334	27.2894042751557	68.0165657912966	68.0729969507169	13	13	39
93	1	7	85.2347909711334	27.2894042751557	68.0165657912966	68.0763776192536	13	13	52
94	1	7	85.2347909711334	27.2894042751557	68.0165657912966	68.0796863586725	13	13	52
95	1	7	85.2347909711334	27.2894042751557	68.0165657912966	68.0829254404194	13	13	52
96	1	7	85.2347909711334	27.2894042751557	68.0165657912966	68.0860970412966	13	13	52
97	1	7	85.2347909711334	27.2894042751557	68.0165657912966	68.0892032483412	13	13	52
98	1	7	85.2347909711334	27.2894042751557	68.0165657912966	68.0922460634054	13	13	52
99	1	7	85.2347909711334	27.2894042751557	68.0165657912966	68.0952274074582	13	13	52
