"Iteration #"	"Inertia"	"Number of features"	"CV best"	"Permuted CV best"	"Global best fitness"	"Current best fitness"	"Number of features in current best agent"	"Number of features in global best"	"Number of features in local best"
1	1	40	78.3380091380645	46.5709192663788	-43.9155810773612	-43.9155810773612	15	40	800
2	1	24	67.324605709418	43.1272333901693	26.5418909089449	26.5418909089449	10	11	11
3	1	19	79.5123569790294	45.1776891612501	39.6487742102859	39.6487742102859	10	10	10
4	1	17	79.5123569790294	45.1776891612501	41.5029408769525	41.5029408769525	10	10	10
5	1	10	82.6558818007061	47.3027377325612	45.7933282710701	45.7933282710701	15	11	11
6	1	15	85.2857526952008	48.3083805548472	47.3359481330076	47.3359481330076	15	15	15
7	1	15	85.2857526952008	48.3083805548472	48.1305909901504	48.1305909901504	15	15	15
8	1	11	83.6414584844206	39.4621403565998	50.30829005814	50.30829005814	14	14	14
9	1	16	89.0773530941272	40.9046639609365	54.1553056034954	54.1553056034954	14	14	14
10	1	15	86.8394789372332	38.4523971909034	56.8009867248481	56.8009867248481	17	13	13
11	1	15	86.8394789372332	38.4523971909034	56.8009867248481	54.6870747296777	16	13	13
12	1	15	86.8394789372332	38.4523971909034	56.8009867248481	56.5165413813323	12	13	12
13	1	8	86.8121379080624	36.7989992453667	59.0463851558713	59.0463851558713	15	15	15
14	1	14	90.4469312495017	37.2918368260973	60.6142459921915	60.6142459921915	15	14	14
15	1	14	90.4469312495017	37.2918368260973	60.6142459921915	57.8887062835985	12	14	14
16	1	14	90.4469312495017	37.2918368260973	60.6142459921915	57.0167159462068	10	14	14
17	1	14	90.4469312495017	37.2918368260973	60.6142459921915	56.6772141906773	16	14	14
18	1	13	88.2857331831716	34.6907003109278	61.2488652252848	61.2488652252848	13	13	13
19	1	13	88.2857331831716	34.6907003109278	61.2488652252848	61.3334412486766	13	13	26
20	1	13	88.2857331831716	34.6907003109278	61.4095596697292	61.4095596697292	13	13	26
21	1	13	88.2857331831716	34.6907003109278	61.4095596697292	61.4784287173483	11	13	13
22	1	13	88.2857331831716	34.6907003109278	61.4095596697292	58.3787139975754	13	13	13
23	1	13	88.2857331831716	34.6907003109278	61.5982009740771	61.5982009740771	12	13	13
24	1	13	88.2857331831716	34.6907003109278	61.5982009740771	60.223067848179	13	13	15
25	1	13	88.2857331831716	34.6907003109278	61.6988096697292	61.6988096697292	13	13	13
26	1	13	88.2857331831716	34.6907003109278	61.6988096697292	61.7433096697292	13	13	26
27	1	13	88.2857331831716	34.6907003109278	61.6988096697292	61.7845133734329	13	13	26
28	1	13	88.2857331831716	34.6907003109278	61.8227739554435	61.8227739554435	13	13	26
29	1	13	88.2857331831716	34.6907003109278	61.8227739554435	61.8583958766258	13	13	39
30	1	13	88.2857331831716	34.6907003109278	61.8227739554435	61.8916430030626	15	13	52
31	1	13	89.7895786306711	41.1443751848971	62.0303686554033	62.0303686554033	10	7	7
32	1	13	89.7895786306711	41.1443751848971	62.0303686554033	61.9519034197292	13	7	39
33	1	13	89.7895786306711	41.1443751848971	62.0303686554033	61.9792945182141	13	7	52
34	1	13	89.7895786306711	41.1443751848971	62.0303686554033	62.0050743756116	13	7	52
35	1	13	89.7895786306711	41.1443751848971	62.0303686554033	62.0293810983007	15	7	52
36	1	13	89.7895786306711	41.1443751848971	62.0303686554033	62.1001491213531	8	7	7
37	1	13	89.7895786306711	41.1443751848971	62.0303686554033	62.0740529129725	13	7	52
38	1	13	89.7895786306711	41.1443751848971	62.0303686554033	62.0946254592029	13	7	52
39	1	13	89.7895786306711	41.1443751848971	62.1334290358831	62.1334290358831	7	7	7
40	1	13	89.7895786306711	41.1443751848971	62.1334290358831	62.1326846697292	14	7	52
41	1	13	89.7895786306711	41.1443751848971	62.1334290358831	62.1529099614615	6	7	7
42	1	13	89.7895786306711	41.1443751848971	62.1334290358831	62.1671191935388	13	7	52
43	1	13	89.7895786306711	41.1443751848971	62.1334290358831	62.1831352511246	13	7	52
44	1	13	89.7895786306711	41.1443751848971	62.1334290358831	62.1984233060929	13	7	52
45	1	13	89.7895786306711	41.1443751848971	62.1334290358831	62.2130318919515	14	7	52
46	1	13	89.7895786306711	41.1443751848971	62.1334290358831	62.2270053219031	13	7	39
47	1	13	88.2857331831716	34.6907003109278	62.2403841378143	62.2403841378143	13	13	52
48	1	13	88.2857331831716	34.6907003109278	62.2403841378143	62.2532055030626	13	13	52
49	1	13	88.2857331831716	34.6907003109278	62.2403841378143	62.2655035472803	13	13	52
50	1	13	88.2857331831716	34.6907003109278	62.2403841378143	62.2773096697292	13	13	52
51	1	13	88.2857331831716	34.6907003109278	62.2403841378143	62.2886528069841	13	13	52
52	1	13	88.2857331831716	34.6907003109278	62.2403841378143	62.2995596697292	13	13	52
53	1	13	88.2857331831716	34.6907003109278	62.2403841378143	62.3100549527481	13	13	52
54	1	13	88.2857331831716	34.6907003109278	62.2403841378143	62.3201615215811	13	13	52
55	1	13	88.2857331831716	34.6907003109278	62.2403841378143	62.3299005788201	13	13	52
56	1	13	88.2857331831716	34.6907003109278	62.2403841378143	62.3392918125864	13	13	52
57	1	13	88.2857331831716	34.6907003109278	62.3483535293784	62.3483535293784	13	13	52
58	1	13	88.2857331831716	34.6907003109278	62.3483535293784	62.3571027731775	13	13	52
59	1	13	88.2857331831716	34.6907003109278	62.3483535293784	62.3655554324411	13	13	52
60	1	13	88.2857331831716	34.6907003109278	62.3483535293784	62.3737263363959	13	13	52
61	1	13	88.2857331831716	34.6907003109278	62.3483535293784	62.3816293418604	13	13	52
62	1	13	88.2857331831716	34.6907003109278	62.3483535293784	62.3892774116647	13	13	52
63	1	13	88.2857331831716	34.6907003109278	62.3483535293784	62.3966826856023	13	13	52
64	1	13	88.2857331831716	34.6907003109278	62.3483535293784	62.4038565447292	13	13	52
65	1	13	88.2857331831716	34.6907003109278	62.3483535293784	62.4108096697292	13	13	52
66	1	13	88.2857331831716	34.6907003109278	62.3483535293784	62.4175520939717	13	13	52
67	1	13	88.2857331831716	34.6907003109278	62.3483535293784	62.4240932518188	13	13	52
68	1	13	88.2857331831716	34.6907003109278	62.3483535293784	62.4304420226704	16	13	52
69	1	13	88.2857331831716	34.6907003109278	62.3483535293784	62.4366067711785	13	13	13
70	1	13	88.2857331831716	34.6907003109278	62.3483535293784	62.442595384015	13	13	39
71	1	8	88.2857331831716	34.6907003109278	62.4484153035321	62.4484153035321	13	13	52
72	1	8	88.2857331831716	34.6907003109278	62.4484153035321	62.4540735586181	13	13	52
73	1	8	88.2857331831716	34.6907003109278	62.4484153035321	62.4595767930169	13	13	52
74	1	8	88.2857331831716	34.6907003109278	62.4484153035321	62.4649312913509	13	13	65
75	1	8	88.2857331831716	34.6907003109278	62.4484153035321	62.4701430030626	13	13	65
76	1	8	88.2857331831716	34.6907003109278	62.4484153035321	62.4752175644661	13	13	65
77	1	8	88.2857331831716	34.6907003109278	62.4484153035321	62.4801603190799	13	13	65
78	1	8	88.2857331831716	34.6907003109278	62.4484153035321	62.4849763363959	13	13	65
79	1	8	88.2857331831716	34.6907003109278	62.4484153035321	62.4896704292229	13	13	65
80	1	8	88.2857331831716	34.6907003109278	62.4484153035321	62.4942471697292	13	13	65
81	1	8	88.2857331831716	34.6907003109278	62.4484153035321	62.4987109042971	13	13	65
82	1	8	88.2857331831716	34.6907003109278	62.4484153035321	62.5030657672902	14	13	65
83	1	8	88.2857331831716	34.6907003109278	62.4484153035321	62.5073156938256	13	13	26
84	1	8	88.2857331831716	34.6907003109278	62.4484153035321	62.511464431634	13	13	26
85	1	8	88.2857331831716	34.6907003109278	62.4484153035321	62.5155155520822	13	13	39
86	1	8	88.2857331831716	34.6907003109278	62.4484153035321	62.5194724604269	13	13	39
87	1	8	88.2857331831716	34.6907003109278	62.4484153035321	62.5233384053614	13	13	39
88	1	8	88.2857331831716	34.6907003109278	62.4484153035321	62.5271164879111	13	13	39
89	1	8	88.2857331831716	34.6907003109278	62.4484153035321	62.5308096697292	13	13	39
90	1	8	88.2857331831716	34.6907003109278	62.4484153035321	62.5344207808403	13	13	39
91	1	8	88.2857331831716	34.6907003109278	62.4484153035321	62.5379525268721	13	13	39
92	1	8	88.2857331831716	34.6907003109278	62.4484153035321	62.5414074958162	13	13	39
