"Iteration #"	"Inertia"	"Number of features"	"CV best"	"Permuted CV best"	"Global best fitness"	"Current best fitness"	"Number of features in current best agent"	"Number of features in global best"	"Number of features in local best"
1	1	80	100	36.6381621953158	63.4343223864201	63.4343223864201	80	80	1600
2	1	80	100	36.6381621953158	67.9343223864201	67.9343223864201	80	80	1520
3	1	54	100	36.6381621953158	69.4343223864201	69.4343223864201	80	80	1520
4	1	71	100	36.6381621953158	70.1843223864201	70.1843223864201	80	80	1520
5	1	71	100	34.9543898278468	72.2407449985357	72.2407449985357	80	71	71
6	1	71	100	34.9543898278468	72.2407449985357	71.1170518272139	80	71	71
7	1	71	100	34.9543898278468	72.2407449985357	71.1486081007058	80	71	1520
8	1	71	100	34.9543898278468	72.2407449985357	71.3093223864201	80	71	1520
9	1	71	100	34.9543898278468	72.2407449985357	71.4343223864201	80	71	1520
10	1	71	100	34.9543898278468	72.2407449985357	71.5343223864201	80	71	1520
11	1	71	100	34.9543898278468	72.2407449985357	71.6161405682383	80	71	1520
12	1	71	100	34.9543898278468	72.2407449985357	71.6843223864201	80	71	1520
13	1	71	100	34.9543898278468	72.2407449985357	71.7420146941124	80	71	1520
14	1	71	100	34.9543898278468	72.2407449985357	71.791465243563	80	71	1520
15	1	71	100	34.9543898278468	72.2407449985357	71.8343223864201	80	71	1520
16	1	71	100	34.9543898278468	72.2407449985357	71.8718223864201	1	71	1520
17	1	42	100	34.9543898278468	73.3683920573592	73.3683920573592	1	71	1349
18	1	42	100	34.9543898278468	73.3683920573592	73.3944949985357	1	71	1349
19	1	42	100	34.9543898278468	73.3683920573592	73.4178502616936	1	71	1349
20	1	42	100	34.9543898278468	73.3683920573592	73.4388699985357	1	71	1349
21	1	44	100	35.9684848519407	73.9047673705588	73.9047673705588	1	44	44
22	1	44	100	35.9684848519407	73.9047673705588	73.4751768167175	1	44	1349
23	1	44	100	35.9684848519407	73.9047673705588	73.49096238984	1	44	1349
24	1	44	100	35.9684848519407	73.9047673705588	73.5054324985357	1	44	1349
25	1	44	100	35.9684848519407	73.9047673705588	73.5187449985357	1	44	1349
26	1	44	100	35.9684848519407	73.9047673705588	73.5310334600741	1	44	1349
27	1	44	100	35.9684848519407	73.9047673705588	73.5424116652023	1	44	1349
28	1	44	100	35.9684848519407	73.9047673705588	73.5529771413928	1	44	1349
29	1	44	100	35.9684848519407	73.9047673705588	73.9697920011007	1	44	44
30	1	44	100	35.9684848519407	73.9047673705588	73.9754816562731	1	44	44
31	1	44	100	35.9684848519407	73.9047673705588	73.5805837082131	1	44	1349
32	1	44	100	35.9684848519407	73.9047673705588	73.5886356235357	1	44	1349
33	1	44	100	35.9684848519407	73.9047673705588	73.5961995439902	1	44	1349
34	1	44	100	35.9684848519407	73.9047673705588	73.6033185279474	1	44	1349
35	1	44	100	35.9684848519407	73.9047673705588	73.6100307128214	1	44	1349
36	1	44	100	35.9684848519407	73.9047673705588	73.6163699985357	1	44	1349
37	1	58	100	34.3654784310287	74.4152030535284	74.4152030535284	1	58	58
38	1	58	100	34.3654784310287	74.4152030535284	74.419843878564	1	58	58
39	1	58	100	34.3654784310287	74.4152030535284	74.424246712572	1	58	58
40	1	58	100	34.3654784310287	74.4152030535284	74.4284294048797	1	58	58
41	1	58	100	34.3654784310287	74.4152030535284	73.6434279253649	1	58	1349
42	1	58	100	34.3654784310287	74.4152030535284	73.65794340548	1	58	58
43	1	58	100	34.3654784310287	74.4152030535284	74.454926497903	1	58	57
44	1	58	100	34.3654784310287	74.4152030535284	74.4583157685161	1	58	57
45	1	58	100	34.3654784310287	74.4152030535284	74.4615544048797	1	58	57
46	1	58	100	34.3654784310287	74.4152030535284	73.6646036941878	1	58	1349
47	1	58	100	34.3654784310287	74.4152030535284	74.2145787209892	1	58	57
48	1	58	100	34.3654784310287	74.4152030535284	73.6718387485357	1	58	1349
49	1	58	100	34.3654784310287	74.4152030535284	74.0380360579869	1	58	59
50	1	58	100	34.3654784310287	74.4152030535284	73.6784949985357	1	58	1349
51	1	58	100	34.3654784310287	74.4152030535284	73.6816273514768	1	58	1349
52	1	58	100	34.3654784310287	74.4152030535284	73.6846392293049	1	58	1349
53	1	58	100	34.3654784310287	74.4152030535284	73.6875374513659	1	58	1349
54	1	58	100	34.3654784310287	74.4152030535284	73.690328331869	1	58	1349
55	1	58	100	34.3654784310287	74.4152030535284	73.6930177258084	1	58	1349
56	1	58	100	34.3654784310287	74.4152030535284	73.6956110699642	1	58	1349
57	1	58	100	34.3654784310287	74.4152030535284	73.6981134195883	1	58	1349
58	1	58	100	34.3654784310287	74.4152030535284	73.7005294812943	1	58	1349
59	1	58	100	34.3654784310287	74.4152030535284	73.7028636426035	1	58	1349
60	1	58	100	34.3654784310287	74.4152030535284	74.4828044048797	1	58	1102
61	1	58	100	34.3654784310287	74.4152030535284	74.484587191765	1	58	1102
62	1	58	100	34.3654784310287	74.4152030535284	74.4863124693959	1	58	1102
63	1	58	100	34.3654784310287	74.4152030535284	74.4879829763083	1	58	1102
64	1	58	100	34.3654784310287	74.4152030535284	74.4896012798797	1	58	1102
65	1	58	100	34.3654784310287	74.4152030535284	74.4911697894951	1	58	1102
66	1	58	100	34.3654784310287	74.4152030535284	74.4926907685161	1	58	1102
67	1	58	100	34.3654784310287	74.4152030535284	74.4941663451782	1	58	1102
68	1	58	100	34.3654784310287	74.4152030535284	74.4955985225268	1	58	1102
69	1	58	100	34.3654784310287	74.4152030535284	74.4969891874884	1	58	1102
70	1	58	100	34.3654784310287	74.4152030535284	74.4983401191654	1	58	1102
71	1	58	100	34.3654784310287	74.4152030535284	74.499652996429	1	58	1102
72	1	58	100	34.3654784310287	74.4152030535284	74.5009294048797	1	58	1102
73	1	58	100	34.3654784310287	74.4152030535284	74.5021708432359	1	58	1102
74	1	58	100	34.3654784310287	74.4152030535284	74.5033787292041	1	58	1102
75	1	58	100	34.3654784310287	74.4152030535284	74.5045544048797	1	58	1102
76	1	58	100	34.3654784310287	74.4152030535284	74.5056991417218	1	58	1102
77	1	58	100	34.3654784310287	74.4152030535284	74.5068141451395	1	58	1102
78	1	58	100	34.3654784310287	74.4152030535284	74.5079005587259	1	58	1102
79	1	58	100	34.3654784310287	74.4152030535284	74.5089594681709	1	58	1102
80	1	58	100	34.3654784310287	74.4152030535284	74.5099919048797	1	58	1102
81	1	58	100	34.3654784310287	74.4152030535284	74.5109988493242	1	58	1102
82	1	58	100	34.3654784310287	74.4152030535284	74.511981234148	1	58	1102
83	1	58	100	34.3654784310287	74.4152030535284	74.5129399470484	1	58	1102
84	1	58	100	34.3654784310287	74.4152030535284	74.5138758334512	1	58	1102
85	1	58	100	34.3654784310287	74.4152030535284	74.5147896989974	1	58	1102
86	1	58	100	34.3654784310287	74.5156823118565	74.5156823118565	1	58	1102
87	1	58	100	34.3654784310287	74.5156823118565	74.5165544048797	1	58	1102
88	1	58	100	34.3654784310287	74.5156823118565	74.517406677607	1	58	1102
89	1	58	100	34.3654784310287	74.5156823118565	74.5182397981382	1	58	1102
90	1	58	100	34.3654784310287	74.5156823118565	74.5190544048797	1	58	1102
91	1	58	100	34.3654784310287	74.5156823118565	74.5198511081764	1	58	1102
92	1	58	100	34.3654784310287	74.5156823118565	74.5206304918363	1	58	1102
93	1	58	100	34.3654784310287	74.5156823118565	74.5213931145572	1	58	1102
94	1	58	100	34.3654784310287	74.5156823118565	74.5221395112627	1	58	1102
95	1	58	100	34.3654784310287	74.5156823118565	74.5228701943534	1	58	1102
96	1	58	100	34.3654784310287	74.5156823118565	74.5235856548797	1	58	1102
97	1	58	100	34.3654784310287	74.5156823118565	74.5242863636426	1	58	1102
98	1	58	100	34.3654784310287	74.5156823118565	74.5249727722267	1	58	1102
99	1	58	100	34.3654784310287	74.5156823118565	74.5256453139706	1	58	1102
100	1	58	100	34.3654784310287	74.5156823118565	74.5263044048797	1	58	1102
101	1	58	100	34.3654784310287	74.5156823118565	74.5269504444837	1	58	1102
102	1	58	100	34.3654784310287	74.5156823118565	74.5275838166444	1	58	1102
103	1	58	100	34.3654784310287	74.5156823118565	74.5282048903166	1	58	1102
104	1	58	100	34.3654784310287	74.5156823118565	74.5288140202643	1	58	1102
105	1	47	100	34.1613436809362	75.2048413782319	75.2048413782319	1	47	47
106	1	47	100	34.1613436809362	75.2048413782319	74.5299978011061	1	47	1102
107	1	47	100	34.1613436809362	75.2048413782319	74.5305730964685	1	47	1102
108	1	47	100	34.1613436809362	75.2048413782319	74.5311377382131	1	47	1102
109	1	47	100	34.1613436809362	75.2048413782319	74.5316920195586	1	47	1102
110	1	47	100	34.1613436809362	75.2048413782319	74.5322362230616	1	47	1102
111	1	47	100	34.1613436809362	75.2048413782319	74.5327706210959	1	47	1102
112	1	47	100	34.1613436809362	75.2048413782319	74.5332954763083	1	47	1102
113	1	47	100	34.1613436809362	75.2048413782319	74.5338110420479	1	47	1102
114	1	47	100	34.1613436809362	75.2048413782319	74.5343175627745	1	47	1102
115	1	47	100	34.1613436809362	75.2048413782319	74.534815274445	1	47	1102
116	1	47	100	34.1613436809362	75.2048413782319	74.5353044048797	1	47	1102
117	1	47	100	34.1613436809362	75.2048413782319	74.5357851741105	1	47	1102
118	1	47	100	34.1613436809362	75.2048413782319	74.5362577947103	1	47	1102
119	1	47	100	34.1613436809362	75.2048413782319	74.5367224721066	1	47	1102
120	1	47	100	34.1613436809362	75.2048413782319	74.5371794048797	1	47	1102
121	1	47	100	34.1613436809362	75.2048413782319	74.537628785045	1	47	1102
122	1	47	100	34.1613436809362	75.2048413782319	74.5380707983224	1	47	1102
123	1	47	100	34.1613436809362	75.2048413782319	74.5385056243919	1	47	1102
124	1	47	100	34.1613436809362	75.2048413782319	74.5389334371378	1	47	1102
125	1	47	100	34.1613436809362	75.2048413782319	74.5393544048797	1	47	1102
126	1	47	100	34.1613436809362	75.2048413782319	74.539768690594	1	47	1102
127	1	47	100	34.1613436809362	75.2048413782319	74.5401764521238	1	47	1102
128	1	47	100	34.1613436809362	75.2048413782319	74.5405778423797	1	47	1102
129	1	47	100	34.1613436809362	75.2048413782319	74.5409730095309	1	47	1102
130	1	47	100	34.1613436809362	75.2048413782319	74.5413620971874	1	47	1102
131	1	47	100	34.1613436809362	75.2048413782319	74.5417452445744	1	47	1102
132	1	47	100	34.1613436809362	75.2048413782319	74.5421225866979	1	47	1102
133	1	47	100	34.1613436809362	75.2048413782319	74.5424942545038	1	47	1102
134	1	47	100	34.1613436809362	75.2048413782319	74.542860375029	1	47	1102
135	1	47	100	34.1613436809362	75.2048413782319	74.5432210715464	1	47	1102
136	1	47	100	34.1613436809362	75.2048413782319	74.5435764637033	1	47	1102
137	1	47	100	34.1613436809362	75.2048413782319	74.5439266676535	1	47	1102
138	1	47	100	34.1613436809362	75.2048413782319	74.5442717961841	1	47	1102
139	1	47	100	34.1613436809362	75.2048413782319	74.5446119588366	1	47	1102
140	1	47	100	34.1613436809362	75.2048413782319	74.5449472620226	1	47	1102
141	1	47	100	34.1613436809362	75.2048413782319	74.5452778091351	1	47	1102
142	1	47	100	34.1613436809362	75.2048413782319	74.5456037006544	1	47	1102
143	1	47	100	34.1613436809362	75.2048413782319	74.5459250342504	1	47	1102
144	1	47	100	34.1613436809362	75.2048413782319	74.5462419048797	1	47	1102
145	1	47	100	34.1613436809362	75.2048413782319	74.5465544048797	1	47	1102
146	1	47	100	34.1613436809362	75.2048413782319	74.5468626240578	1	47	1102
147	1	47	100	34.1613436809362	75.2048413782319	74.5471666497777	1	47	1102
148	1	47	100	34.1613436809362	75.2048413782319	74.5474665670419	1	47	1102
149	1	47	100	34.1613436809362	75.2048413782319	74.547762458571	1	47	1102
150	1	47	100	34.1613436809362	75.2048413782319	74.5480544048797	1	47	1102
151	1	47	100	34.1613436809362	75.2048413782319	74.5483424843499	1	47	1102
152	1	47	100	34.1613436809362	75.2048413782319	75.0373667355298	1	47	44
153	1	47	100	34.1613436809362	75.2048413782319	74.5489073460562	1	47	1102
154	1	47	100	34.1613436809362	75.2048413782319	74.5491842750096	1	47	1102
155	1	47	100	34.1613436809362	75.2048413782319	74.5494576306862	1	47	1102
156	1	47	100	34.1613436809362	75.2048413782319	74.5497274818028	1	47	1102
157	1	47	100	34.1613436809362	75.2048413782319	74.5499938953256	1	47	1102
158	1	47	100	34.1613436809362	75.2048413782319	74.5502569365253	1	47	1102
159	1	47	100	34.1613436809362	75.2048413782319	75.0998462415741	1	47	49
160	1	47	100	34.1613436809362	75.2048413782319	75.1000629278949	1	47	49
161	1	47	100	34.1613436809362	75.2048413782319	74.5510264545692	1	47	1102
162	1	43	100	32.0586807833571	76.5028405360276	76.5028405360276	1	43	43
163	1	43	100	32.0586807833571	76.5028405360276	75.0668368082296	1	43	43
164	1	43	100	32.0586807833571	76.5028405360276	74.5517678195139	1	43	1102
165	1	43	100	32.0586807833571	76.5028405360276	75.6862788465008	1	43	43
166	1	43	100	32.0586807833571	76.5028405360276	75.5992124891571	1	43	43
167	1	43	100	32.0586807833571	76.5028405360276	76.3726423588463	1	43	43
168	1	43	100	32.0586807833571	76.5028405360276	75.2581179883812	1	43	43
169	1	43	100	32.0586807833571	76.5028405360276	75.0368346910087	1	43	43
170	1	43	100	32.0586807833571	76.5028405360276	75.6294443306541	1	43	43
171	1	43	100	32.0586807833571	76.5028405360276	75.7055564112113	1	43	43
172	1	43	100	32.0586807833571	76.5028405360276	75.7057247098649	1	43	43
173	1	43	100	32.0586807833571	76.5028405360276	76.070349703303	1	43	43
174	1	44	100	32.0586807833571	76.6703247998481	76.6703247998481	1	44	44
175	1	44	100	32.0586807833571	76.6703247998481	76.6704873614245	1	44	44
176	1	44	100	32.0586807833571	76.6703247998481	74.5544805412434	1	44	1102
177	1	44	100	32.0586807833571	76.6703247998481	74.5546899981001	1	44	1102
178	1	44	100	32.0586807833571	76.6703247998481	74.9783145923388	1	44	44
179	1	44	100	32.0586807833571	76.6703247998481	76.4925480158538	1	44	44
180	1	44	100	32.0586807833571	76.6703247998481	74.5553044048797	1	44	1102
181	1	44	100	32.0586807833571	76.6703247998481	76.6714250094118	1	44	44
182	1	44	100	32.0586807833571	76.6703247998481	74.5557027565281	1	44	1102
183	1	44	100	32.0586807833571	76.6703247998481	74.6854779146905	1	44	44
184	1	44	100	32.0586807833571	76.6703247998481	75.5881596213807	1	44	44
185	1	44	100	32.0586807833571	76.6703247998481	76.3862112477723	1	44	44
186	1	44	100	32.0586807833571	76.6703247998481	76.6830118351638	1	44	44
187	1	44	100	32.0586807833571	76.6703247998481	76.6831541501544	1	44	44
188	1	44	100	32.0586807833571	76.6703247998481	76.6832949511556	1	44	44
189	1	44	100	32.0586807833571	76.6703247998481	76.6834342621992	1	44	44
190	1	44	100	32.0586807833571	76.6703247998481	76.6835721068107	1	44	44
191	1	44	100	32.0586807833571	76.6703247998481	75.4630640570599	1	44	44
192	1	44	100	32.0586807833571	76.6703247998481	76.6729918257102	1	44	44
193	1	44	100	32.0586807833571	76.6703247998481	76.6862083088708	1	44	43
194	1	44	100	32.0586807833571	76.6703247998481	76.6863375086999	1	44	43
195	1	44	100	32.0586807833571	76.6703247998481	76.6864653834025	1	44	43
196	1	44	100	32.0586807833571	76.6703247998481	76.6735179736694	1	44	43
197	1	44	100	32.0586807833571	76.6703247998481	76.6736461721569	1	44	44
198	1	44	100	32.0586807833571	76.6703247998481	76.6737730757102	1	44	44
199	1	44	100	32.0586807833571	76.6703247998481	76.6738987038509	1	44	44
200	1	44	100	32.0586807833571	76.6703247998481	76.6740230757102	1	44	44
201	1	44	100	32.0586807833571	76.6703247998481	74.9539864230178	1	44	44
202	1	44	100	32.0586807833571	76.6703247998481	74.5592524246817	1	44	1102
203	1	44	100	32.0586807833571	76.6703247998481	74.5594115477369	1	44	1102
204	1	44	100	32.0586807833571	76.6703247998481	74.5595691107621	1	44	1102
205	1	44	100	32.0586807833571	76.6703247998481	74.5597251365871	1	44	1102
206	1	44	100	32.0586807833571	76.6703247998481	74.5598796475982	1	44	1102
207	1	44	100	32.0586807833571	76.6703247998481	76.2757009237837	1	44	44
208	1	44	100	32.0586807833571	76.6703247998481	75.2421822693003	1	44	37
209	1	44	100	32.0586807833571	76.6703247998481	74.560334309186	1	44	1102
210	1	44	100	32.0586807833571	76.6703247998481	74.5604829763083	1	44	1102
211	1	44	100	32.0586807833571	76.6703247998481	74.5606302342636	1	44	1102
212	1	44	100	32.0586807833571	76.6703247998481	75.5910414274734	1	44	40
213	1	44	100	32.0586807833571	76.6703247998481	75.5470841834561	1	44	40
214	1	44	100	32.0586807833571	76.6703247998481	74.5610637506741	1	44	1102
215	1	44	100	32.0586807833571	76.6703247998481	74.5612055676704	1	44	1102
216	1	44	100	32.0586807833571	76.6703247998481	74.5613460715464	1	44	1102
217	1	44	100	32.0586807833571	76.6703247998481	74.5614852804558	1	44	1102
218	1	44	100	32.0586807833571	76.6703247998481	74.5616232122192	1	44	1102
219	1	44	100	32.0586807833571	76.6703247998481	74.5617598843318	1	44	1102
220	1	44	100	32.0586807833571	76.6703247998481	74.5618953139707	1	44	1102
221	1	44	100	32.0586807833571	76.6703247998481	74.5620295180019	1	44	1102
222	1	44	100	32.0586807833571	76.6703247998481	74.5621625129878	1	44	1102
223	1	44	100	32.0586807833571	76.6703247998481	74.5622943151936	1	44	1102
224	1	44	100	32.0586807833571	76.6703247998481	74.562424940594	1	44	1102
225	1	44	100	32.0586807833571	76.6703247998481	74.5625544048797	1	44	1102
226	1	44	100	32.0586807833571	76.6703247998481	74.5626827234638	1	44	1102
227	1	44	100	32.0586807833571	76.6703247998481	74.5628099114877	1	44	1102
228	1	44	100	32.0586807833571	76.6703247998481	74.5629359838271	1	44	1102
229	1	44	100	32.0586807833571	76.6703247998481	74.8845363138005	1	44	47
230	1	44	100	32.0586807833571	76.6703247998481	74.8846367030164	1	44	47
231	1	44	100	32.0586807833571	76.6703247998481	74.563307651633	1	44	1102
232	1	44	100	32.0586807833571	76.6703247998481	74.5634294048797	1	44	1102
233	1	44	100	32.0586807833571	76.6703247998481	74.5635501130342	1	44	1102
234	1	44	100	32.0586807833571	76.6703247998481	75.1367192369173	1	44	36
235	1	44	100	32.0586807833571	76.6703247998481	74.5637884474329	1	44	1102
236	1	44	100	32.0586807833571	76.6703247998481	74.563906099795	1	44	1102
237	1	44	100	32.0586807833571	76.6703247998481	74.5640227593101	1	44	1102
238	1	44	100	32.0586807833571	76.6703247998481	74.5641384384932	1	44	1102
239	1	44	100	32.0586807833571	76.6703247998481	75.5208039473963	1	44	42
240	1	44	100	32.0586807833571	76.6703247998481	74.5643669048797	1	44	1102
241	1	44	100	32.0586807833571	76.6703247998481	76.678233656623	1	44	836
242	1	44	100	32.0586807833571	76.6703247998481	76.6783185302556	1	44	836
243	1	44	100	32.0586807833571	76.6703247998481	76.6784027053398	1	44	836
244	1	44	100	32.0586807833571	76.6703247998481	76.6784861904643	1	44	836
245	1	44	100	32.0586807833571	76.6703247998481	76.6785689940775	1	44	836
246	1	44	100	32.0586807833571	76.6703247998481	76.6786511244907	1	44	836
247	1	44	100	32.0586807833571	76.6703247998481	76.6787325898802	1	44	836
248	1	44	100	32.0586807833571	76.6703247998481	76.6788133982908	1	44	836
249	1	44	100	32.0586807833571	76.6703247998481	76.6788935576379	1	44	836
250	1	44	100	32.0586807833571	76.6703247998481	76.6789730757102	1	44	836
251	1	44	100	32.0586807833571	76.6703247998481	76.6790519601723	1	44	836
252	1	44	100	32.0586807833571	76.6703247998481	76.6791302185673	1	44	836
253	1	44	100	32.0586807833571	76.6703247998481	76.6792078583189	1	44	836
254	1	44	100	32.0586807833571	76.6703247998481	76.6792848867338	1	44	836
255	1	44	100	32.0586807833571	76.6703247998481	76.6793613110043	1	44	836
256	1	44	100	32.0586807833571	76.6703247998481	76.6794371382102	1	44	836
257	1	44	100	32.0586807833571	76.6703247998481	76.6795123753211	1	44	836
258	1	44	100	32.0586807833571	76.6703247998481	76.6795870291985	1	44	836
259	1	44	100	32.0586807833571	76.6703247998481	76.6796611065982	1	44	836
260	1	44	100	32.0586807833571	76.6703247998481	76.6797346141717	1	44	836
261	1	44	100	32.0586807833571	76.6703247998481	76.6798075584688	1	44	836
262	1	44	100	32.0586807833571	76.6703247998481	76.6798799459392	1	44	836
263	1	44	100	32.0586807833571	76.6703247998481	76.6799517829345	1	44	836
264	1	44	100	32.0586807833571	76.6703247998481	76.6800230757102	1	44	836
265	1	44	100	32.0586807833571	76.6703247998481	76.6800938304272	1	44	836
266	1	44	100	32.0586807833571	76.6703247998481	76.6801640531538	1	44	836
267	1	44	100	32.0586807833571	76.6703247998481	76.6802337498675	1	44	836
268	1	44	100	32.0586807833571	76.6703247998481	76.6803029264564	1	44	880
269	1	44	100	32.0586807833571	76.6703247998481	76.6803715887213	1	44	880
270	1	44	100	32.0586807833571	76.6703247998481	76.6804397423768	1	44	880
271	1	44	100	32.0586807833571	76.6703247998481	76.6805073930533	1	44	836
272	1	44	100	32.0586807833571	76.6703247998481	76.6805745462984	1	44	836
273	1	44	100	32.0586807833571	76.6703247998481	76.6806412075783	1	44	836
274	1	44	100	32.0586807833571	76.6703247998481	76.6807073822795	1	44	836
275	1	44	100	32.0586807833571	76.6703247998481	76.6807730757102	1	44	836
276	1	44	100	32.0586807833571	76.6703247998481	76.6808382931015	1	44	880
277	1	44	100	32.0586807833571	76.6703247998481	76.6809030396091	1	44	880
278	1	44	100	32.0586807833571	76.6703247998481	76.6809673203145	1	44	880
279	1	44	100	32.0586807833571	76.6703247998481	76.6810311402263	1	44	880
280	1	44	100	32.0586807833571	76.6703247998481	76.6810945042816	1	44	880
281	1	44	100	32.0586807833571	76.6703247998481	76.6811574173472	1	44	836
282	1	44	100	32.0586807833571	76.6703247998481	76.6812198842208	1	44	880
283	1	44	100	32.0586807833571	76.6703247998481	76.6812819096324	1	44	880
284	1	44	100	32.0586807833571	76.6703247998481	76.6813434982454	1	44	880
285	1	44	100	32.0586807833571	76.6703247998481	76.6814046546575	1	44	880
286	1	44	100	32.0586807833571	76.6703247998481	76.6814653834025	1	44	836
287	1	44	100	32.0586807833571	76.6703247998481	76.6815256889506	1	44	836
288	1	44	100	32.0586807833571	76.6703247998481	76.6815855757102	1	44	836
289	1	44	100	32.0586807833571	76.6703247998481	76.6816450480285	1	44	836
290	1	44	100	32.0586807833571	76.6703247998481	76.6817041101929	1	44	836
291	1	44	100	32.0586807833571	76.6703247998481	76.6817627664318	1	44	836
292	1	44	100	32.0586807833571	76.6703247998481	76.6818210209156	1	44	836
293	1	44	100	32.0586807833571	76.6703247998481	76.681878877758	1	44	836
294	1	44	100	32.0586807833571	76.6703247998481	76.6819363410163	1	44	836
