"Iteration #"	"Inertia"	"Number of features"	"CV best"	"Permuted CV best"	"Global best fitness"	"Current best fitness"	"Number of features in current best agent"	"Number of features in global best"	"Number of features in local best"
1	1	20	78.066221767213	48.0694365594966	181.217036922189	181.217036922189	13	20	200
2	1	10	77.5202718786828	36.4294819674071	244.21408549572	244.21408549572	10	10	10
3	1	10	77.5202718786828	36.4294819674071	244.21408549572	232.710352686917	9	10	8
4	1	10	77.5202718786828	36.4294819674071	244.21408549572	240.563493824713	10	10	10
5	1	9	84.5932128044948	35.8280274420484	286.12253321448	286.12253321448	10	9	9
6	1	9	84.5932128044948	35.8280274420484	286.12253321448	277.425212467073	7	9	7
7	1	9	89.2883145904178	34.3398847775292	319.386306359651	319.386306359651	12	8	8
8	1	9	89.2883145904178	34.3398847775292	319.386306359651	223.336227417385	11	8	12
9	1	9	89.2883145904178	34.3398847775292	319.386306359651	246.745618808706	9	8	11
10	1	9	89.2883145904178	34.3398847775292	319.386306359651	277.559956645686	7	8	6
11	1	9	89.2883145904178	34.3398847775292	319.386306359651	282.815913321603	9	8	11
12	1	9	89.2883145904178	34.3398847775292	319.386306359651	270.449664330141	9	8	10
13	1	9	89.2883145904178	34.3398847775292	319.386306359651	283.944232746999	13	8	10
14	1	9	89.2883145904178	34.3398847775292	319.386306359651	298.594468015223	8	8	7
15	1	9	89.2883145904178	34.3398847775292	319.386306359651	292.672383537869	8	8	9
16	1	9	89.2883145904178	34.3398847775292	319.386306359651	290.158113523028	7	8	7
17	1	9	89.2883145904178	34.3398847775292	319.386306359651	274.396927144253	11	8	10
18	1	9	89.2883145904178	34.3398847775292	319.386306359651	273.657457821928	11	8	9
19	1	9	89.2883145904178	34.3398847775292	319.386306359651	261.09861831931	8	8	13
20	1	9	89.2883145904178	34.3398847775292	319.386306359651	280.722521127309	9	8	8
21	1	9	89.2883145904178	34.3398847775292	319.386306359651	262.77777428877	8	8	9
22	1	9	89.2883145904178	34.3398847775292	319.386306359651	265.836339887474	12	8	13
23	1	9	89.2883145904178	34.3398847775292	319.386306359651	276.222876803343	8	8	8
24	1	9	89.2883145904178	34.3398847775292	319.386306359651	303.598262778939	11	8	10
25	1	9	89.2883145904178	34.3398847775292	319.386306359651	240.562814410922	7	8	8
26	1	9	89.2883145904178	34.3398847775292	319.386306359651	257.583178398025	9	8	8
27	1	9	89.2883145904178	34.3398847775292	319.386306359651	269.533991922739	8	8	9
28	1	9	89.2883145904178	34.3398847775292	319.386306359651	286.99183768415	8	8	8
29	1	9	89.2883145904178	34.3398847775292	319.386306359651	287.306228055431	11	8	9
30	1	9	89.2883145904178	34.3398847775292	319.386306359651	246.073614257903	10	8	13
31	1	9	89.2883145904178	34.3398847775292	319.386306359651	244.94937442435	13	8	11
32	1	9	89.2883145904178	34.3398847775292	319.386306359651	229.949200194588	13	8	11
33	1	9	89.2883145904178	34.3398847775292	319.386306359651	207.173292187938	10	8	9
34	1	9	89.2883145904178	34.3398847775292	319.386306359651	319.386306359651	6	8	8
35	1	9	89.2883145904178	34.3398847775292	319.386306359651	285.743196097313	12	8	8
36	1	9	89.2883145904178	34.3398847775292	319.386306359651	265.514625623574	8	8	9
37	1	9	89.2883145904178	34.3398847775292	319.386306359651	273.678713960562	7	8	8
38	1	9	89.2883145904178	34.3398847775292	319.386306359651	271.108156353724	7	8	9
39	1	9	89.2883145904178	34.3398847775292	319.386306359651	260.443429541153	10	8	12
40	1	9	89.2883145904178	34.3398847775292	319.386306359651	274.844862200994	14	8	12
41	1	9	89.2883145904178	34.3398847775292	319.386306359651	262.952297934002	7	8	12
42	1	9	89.2883145904178	34.3398847775292	319.386306359651	247.735384354389	8	8	10
43	1	9	89.2883145904178	34.3398847775292	319.386306359651	265.377013096592	8	8	8
44	1	9	89.2883145904178	34.3398847775292	319.386306359651	224.248605673566	11	8	12
45	1	9	89.2883145904178	34.3398847775292	319.386306359651	287.856440030399	5	8	9
46	1	9	89.2883145904178	34.3398847775292	319.386306359651	245.943953588799	12	8	12
47	1	9	89.2883145904178	34.3398847775292	319.386306359651	256.627249265697	9	8	9
48	1	9	89.2883145904178	34.3398847775292	319.386306359651	226.790915459129	12	8	11
49	1	9	89.2883145904178	34.3398847775292	319.386306359651	279.83248744831	10	8	9
50	1	9	89.2883145904178	34.3398847775292	319.386306359651	302.583270551244	7	8	9
51	1	9	89.2883145904178	34.3398847775292	319.386306359651	251.821841154163	8	8	12
52	1	9	89.2883145904178	34.3398847775292	319.386306359651	305.982879196569	12	8	7
53	1	9	89.2883145904178	34.3398847775292	319.386306359651	293.21529619776	9	8	5
54	1	9	89.2883145904178	34.3398847775292	319.386306359651	251.342153571153	8	8	10
55	1	9	89.2883145904178	34.3398847775292	319.386306359651	285.260720406459	10	8	8
56	1	9	89.2883145904178	34.3398847775292	319.386306359651	289.198671056844	6	8	5
57	1	9	89.2883145904178	34.3398847775292	319.386306359651	275.185640411896	9	8	5
58	1	9	89.2883145904178	34.3398847775292	319.386306359651	278.440387106582	10	8	10
59	1	9	89.2883145904178	34.3398847775292	319.386306359651	232.245721649355	6	8	8
60	1	9	89.2883145904178	34.3398847775292	319.386306359651	276.450457678234	10	8	7
61	1	9	89.2883145904178	34.3398847775292	319.386306359651	291.385455050557	12	8	8
62	1	9	89.2883145904178	34.3398847775292	319.386306359651	289.430523542059	12	8	8
63	1	9	89.2883145904178	34.3398847775292	319.386306359651	228.957648135517	5	8	10
64	1	9	89.2883145904178	34.3398847775292	319.386306359651	258.409831473502	11	8	9
65	1	9	89.2883145904178	34.3398847775292	319.386306359651	281.69404906923	12	8	9
66	1	9	89.2883145904178	34.3398847775292	319.386306359651	265.975850193921	12	8	7
67	1	9	89.2883145904178	34.3398847775292	319.386306359651	252.003095502747	9	8	7
68	1	9	89.2883145904178	34.3398847775292	319.386306359651	281.819653469924	6	8	8
69	1	9	89.2883145904178	34.3398847775292	319.386306359651	234.519433857458	11	8	11
70	1	9	89.2883145904178	34.3398847775292	319.386306359651	243.09693973292	10	8	11
71	1	9	89.2883145904178	34.3398847775292	319.386306359651	263.550644245999	7	8	8
72	1	9	89.2883145904178	34.3398847775292	319.386306359651	263.72424301513	6	8	8
73	1	9	89.2883145904178	34.3398847775292	319.386306359651	297.188058095764	12	8	9
74	1	9	89.2883145904178	34.3398847775292	319.386306359651	259.038532171884	11	8	8
75	1	9	89.2883145904178	34.3398847775292	319.386306359651	284.151316857135	9	8	11
76	1	9	89.2883145904178	34.3398847775292	319.386306359651	221.014448046325	4	8	7
77	1	9	89.2883145904178	34.3398847775292	319.386306359651	274.806822768773	10	8	8
78	1	9	89.2883145904178	34.3398847775292	319.386306359651	302.416396924408	9	8	8
79	1	9	89.2883145904178	34.3398847775292	319.386306359651	258.080856193844	9	8	8
80	1	9	89.2883145904178	34.3398847775292	319.386306359651	309.697364710794	8	8	8
81	1	9	89.2883145904178	34.3398847775292	319.386306359651	217.056907014628	7	8	8
82	1	9	89.2883145904178	34.3398847775292	319.386306359651	252.003244771442	9	8	8
83	1	9	89.2883145904178	34.3398847775292	319.386306359651	277.515841078895	12	8	9
84	1	9	89.2883145904178	34.3398847775292	319.386306359651	274.831750106666	11	8	8
85	1	9	89.2883145904178	34.3398847775292	319.386306359651	248.246699415151	6	8	7
86	1	9	89.2883145904178	34.3398847775292	319.386306359651	231.87536339456	9	8	12
87	1	9	89.2883145904178	34.3398847775292	319.386306359651	266.596715763407	10	8	9
88	1	9	89.2883145904178	34.3398847775292	319.386306359651	222.798173907992	11	8	9
89	1	9	89.2883145904178	34.3398847775292	319.386306359651	279.154499959916	11	8	9
90	1	9	89.2883145904178	34.3398847775292	319.386306359651	248.961168489576	10	8	9
91	1	9	89.2883145904178	34.3398847775292	319.386306359651	287.475301629704	9	8	9
92	1	9	89.2883145904178	34.3398847775292	319.386306359651	264.493813152814	12	8	8
93	1	9	89.2883145904178	34.3398847775292	319.386306359651	250.876932959171	7	8	9
94	1	9	89.2883145904178	34.3398847775292	319.386306359651	238.599390945405	12	8	9
95	1	9	89.2883145904178	34.3398847775292	319.386306359651	296.878189148423	10	8	9
96	1	9	89.2883145904178	34.3398847775292	319.386306359651	267.677416490747	6	8	10
97	1	9	89.2883145904178	34.3398847775292	319.386306359651	242.696178118114	12	8	12
98	1	9	89.2883145904178	34.3398847775292	319.386306359651	258.041461661126	10	8	9
99	1	9	89.2883145904178	34.3398847775292	319.386306359651	262.452500129303	6	8	8
100	1	9	89.2883145904178	34.3398847775292	319.386306359651	249.924505395428	8	8	11
101	1	9	89.2883145904178	34.3398847775292	319.386306359651	260.883892587202	8	8	10
102	1	9	89.2883145904178	34.3398847775292	319.386306359651	279.83934680687	8	8	11
103	1	9	89.2883145904178	34.3398847775292	319.386306359651	233.979718884186	11	8	10
104	1	9	89.2883145904178	34.3398847775292	319.386306359651	264.071943790188	9	8	8
105	1	9	89.2883145904178	34.3398847775292	319.386306359651	264.208442809413	12	8	9
106	1	9	89.2883145904178	34.3398847775292	319.386306359651	264.986830063794	10	8	11
107	1	9	89.2883145904178	34.3398847775292	319.386306359651	262.520617457946	12	8	9
108	1	9	89.2883145904178	34.3398847775292	319.386306359651	257.989922613948	11	8	8
109	1	9	89.2883145904178	34.3398847775292	319.386306359651	279.324180130064	12	8	8
110	1	9	89.2883145904178	34.3398847775292	319.386306359651	257.995621995892	6	8	9
111	1	9	89.2883145904178	34.3398847775292	319.386306359651	258.497948505636	9	8	12
112	1	9	89.2883145904178	34.3398847775292	319.386306359651	304.163303044557	8	8	9
113	1	9	89.2883145904178	34.3398847775292	319.386306359651	243.867793096657	8	8	9
114	1	9	89.2883145904178	34.3398847775292	319.386306359651	267.111468972766	7	8	8
115	1	9	89.2883145904178	34.3398847775292	319.386306359651	264.989423734444	11	8	10
116	1	9	89.2883145904178	34.3398847775292	319.386306359651	306.359593337957	10	8	9
117	1	9	89.2883145904178	34.3398847775292	319.386306359651	269.453114574993	11	8	9
118	1	9	89.2883145904178	34.3398847775292	319.386306359651	242.403416323239	11	8	11
119	1	9	89.2883145904178	34.3398847775292	319.386306359651	255.582352422801	9	8	10
120	1	9	89.2883145904178	34.3398847775292	319.386306359651	253.765815764249	10	8	10
121	1	9	89.2883145904178	34.3398847775292	319.386306359651	257.719794115302	14	8	10
122	1	9	89.2883145904178	34.3398847775292	319.386306359651	263.3002473193	9	8	5
123	1	9	89.2883145904178	34.3398847775292	319.386306359651	259.34947411342	8	8	7
124	1	9	89.2883145904178	34.3398847775292	319.386306359651	276.937399456129	6	8	8
125	1	9	89.2883145904178	34.3398847775292	319.386306359651	266.416209424562	9	8	12
126	1	9	79.8541634444936	22.1365937634232	324.981180127598	324.981180127598	7	11	11
127	1	9	79.8541634444936	22.1365937634232	324.981180127598	258.659845535993	6	11	10
128	1	9	79.8541634444936	22.1365937634232	324.981180127598	282.201916212533	12	11	11
129	1	9	79.8541634444936	22.1365937634232	324.981180127598	288.580009489394	10	11	10
130	1	9	79.8541634444936	22.1365937634232	324.981180127598	287.825037264333	8	11	10
131	1	9	79.8541634444936	22.1365937634232	324.981180127598	277.147513588537	10	11	10
132	1	9	79.8541634444936	22.1365937634232	324.981180127598	259.815417110358	11	11	10
133	1	9	79.8541634444936	22.1365937634232	324.981180127598	277.350738714058	11	11	6
134	1	9	79.8541634444936	22.1365937634232	324.981180127598	244.814388561007	7	11	10
135	1	9	79.8541634444936	22.1365937634232	324.981180127598	262.584828462377	10	11	7
136	1	10	81.9178885531268	24.2010904370635	329.54293485688	329.54293485688	10	10	10
137	1	10	81.9178885531268	24.2010904370635	329.54293485688	261.731028031942	9	10	11
138	1	10	81.9178885531268	24.2010904370635	329.54293485688	295.089033617272	9	10	8
139	1	10	81.9178885531268	24.2010904370635	329.54293485688	272.139097892949	15	10	10
140	1	10	81.9178885531268	24.2010904370635	329.54293485688	252.303044410221	9	10	10
141	1	10	81.9178885531268	24.2010904370635	329.54293485688	272.997866333153	12	10	6
142	1	10	81.9178885531268	24.2010904370635	329.54293485688	246.976714043546	9	10	10
143	1	10	81.9178885531268	24.2010904370635	329.54293485688	296.531258782242	9	10	7
144	1	10	81.9178885531268	24.2010904370635	329.54293485688	274.569690592101	9	10	7
145	1	10	81.9178885531268	24.2010904370635	329.54293485688	272.255383081862	8	10	10
146	1	10	81.9178885531268	24.2010904370635	329.54293485688	273.019647744051	12	10	10
147	1	10	81.9178885531268	24.2010904370635	329.54293485688	329.54293485688	11	10	10
148	1	10	81.9178885531268	24.2010904370635	329.54293485688	249.344145467302	9	10	7
149	1	10	81.9178885531268	24.2010904370635	329.54293485688	260.176632986368	8	10	11
150	1	10	81.9178885531268	24.2010904370635	329.54293485688	242.852398818722	11	10	3
151	1	10	81.9178885531268	24.2010904370635	329.54293485688	281.507198632834	10	10	8
152	1	10	81.9178885531268	24.2010904370635	329.54293485688	286.266447604905	7	10	9
153	1	10	81.9178885531268	24.2010904370635	329.54293485688	272.628895173056	10	10	9
154	1	10	81.9178885531268	24.2010904370635	329.54293485688	266.95874922623	13	10	8
155	1	10	81.9178885531268	24.2010904370635	329.54293485688	210.386456706497	11	10	9
156	1	10	81.9178885531268	24.2010904370635	329.54293485688	253.487110440692	10	10	8
157	1	10	81.9178885531268	24.2010904370635	329.54293485688	257.79634144682	11	10	8
158	1	10	81.9178885531268	24.2010904370635	329.54293485688	246.104195049574	14	10	12
159	1	10	81.9178885531268	24.2010904370635	329.54293485688	256.723215050387	10	10	10
160	1	10	81.9178885531268	24.2010904370635	329.54293485688	298.233631279615	8	10	10
161	1	10	81.9178885531268	24.2010904370635	329.54293485688	259.821255193398	9	10	11
162	1	10	81.9178885531268	24.2010904370635	329.54293485688	276.143417680463	10	10	7
163	1	10	81.9178885531268	24.2010904370635	329.54293485688	277.662362149462	10	10	12
164	1	10	81.9178885531268	24.2010904370635	329.54293485688	244.539989668906	10	10	11
165	1	10	81.9178885531268	24.2010904370635	329.54293485688	286.48549201071	14	10	10
166	1	10	81.9178885531268	24.2010904370635	329.54293485688	270.461463452935	11	10	9
167	1	10	81.9178885531268	24.2010904370635	329.54293485688	306.020371215679	13	10	10
168	1	10	81.9178885531268	24.2010904370635	329.54293485688	290.807864921681	11	10	9
169	1	10	81.9178885531268	24.2010904370635	329.54293485688	245.702148332939	7	10	9
170	1	10	81.9178885531268	24.2010904370635	329.54293485688	270.213282480758	11	10	10
171	1	10	81.9178885531268	24.2010904370635	329.54293485688	260.229452859904	7	10	11
172	1	10	81.9178885531268	24.2010904370635	329.54293485688	255.268622282282	10	10	11
173	1	10	81.9178885531268	24.2010904370635	329.54293485688	273.77187481447	10	10	9
174	1	8	84.2590900161419	25.00897148494	338.380137664081	338.380137664081	10	8	8
175	1	8	84.2590900161419	25.00897148494	338.380137664081	320.435104147673	7	8	8
176	1	8	84.2590900161419	25.00897148494	338.380137664081	279.432054166001	9	8	7
177	1	8	84.2590900161419	25.00897148494	338.380137664081	246.671562384278	9	8	8
178	1	8	84.2590900161419	25.00897148494	338.380137664081	260.046984554101	13	8	8
179	1	8	84.2590900161419	25.00897148494	338.380137664081	277.513928544292	10	8	11
180	1	8	84.2590900161419	25.00897148494	338.380137664081	307.792601958483	7	8	8
181	1	8	84.2590900161419	25.00897148494	338.380137664081	245.399240094328	13	8	11
182	1	8	84.2590900161419	25.00897148494	338.380137664081	257.101296388771	5	8	8
183	1	8	84.2590900161419	25.00897148494	338.380137664081	268.701090775385	7	8	5
184	1	8	84.2590900161419	25.00897148494	338.380137664081	287.770050358519	8	8	6
185	1	8	84.2590900161419	25.00897148494	338.380137664081	296.540011387794	7	8	8
186	1	8	84.2590900161419	25.00897148494	338.380137664081	285.247113460288	7	8	7
187	1	8	84.2590900161419	25.00897148494	338.380137664081	291.581249342556	7	8	7
188	1	8	84.2590900161419	25.00897148494	338.380137664081	298.919466315582	14	8	8
189	1	8	84.2590900161419	25.00897148494	338.380137664081	283.833424070217	13	8	8
190	1	8	84.2590900161419	25.00897148494	338.380137664081	280.37998591424	7	8	8
191	1	8	84.2590900161419	25.00897148494	338.380137664081	265.058641840868	9	8	8
192	1	8	84.2590900161419	25.00897148494	338.380137664081	266.079621441123	11	8	6
193	1	8	84.2590900161419	25.00897148494	338.380137664081	263.608475839206	7	8	12
194	1	8	84.2590900161419	25.00897148494	338.380137664081	278.022101985863	8	8	8
195	1	8	84.2590900161419	25.00897148494	338.380137664081	312.503809085334	8	8	8
196	1	8	84.2590900161419	25.00897148494	338.380137664081	304.0621339452	10	8	11
197	1	8	84.2590900161419	25.00897148494	338.380137664081	282.061449369982	6	8	10
198	1	8	84.2590900161419	25.00897148494	338.380137664081	275.889414922358	9	8	10
199	1	8	84.2590900161419	25.00897148494	338.380137664081	268.347735915784	11	8	10
200	1	8	84.2590900161419	25.00897148494	338.380137664081	282.654512598907	10	8	7
201	1	8	84.2590900161419	25.00897148494	338.380137664081	260.357112182738	9	8	9
202	1	8	84.2590900161419	25.00897148494	338.380137664081	277.023443959819	9	8	10
203	1	8	84.2590900161419	25.00897148494	338.380137664081	250.767361158969	8	8	10
204	1	8	84.2590900161419	25.00897148494	338.380137664081	233.372377298219	14	8	10
205	1	8	84.2590900161419	25.00897148494	338.380137664081	277.518065434176	10	8	10
206	1	8	84.2590900161419	25.00897148494	338.380137664081	259.643557085104	11	8	8
207	1	8	84.2590900161419	25.00897148494	338.380137664081	281.285187139373	8	8	10
208	1	8	84.2590900161419	25.00897148494	338.380137664081	269.820433302437	11	8	9
209	1	8	84.2590900161419	25.00897148494	338.380137664081	255.950193072926	6	8	11
210	1	8	84.2590900161419	25.00897148494	338.380137664081	246.834206270038	7	8	11
211	1	8	84.2590900161419	25.00897148494	338.380137664081	273.285743495292	10	8	7
212	1	8	84.2590900161419	25.00897148494	338.380137664081	303.853025073022	10	8	8
213	1	8	84.2590900161419	25.00897148494	338.380137664081	273.163371793118	7	8	8
214	1	8	84.2590900161419	25.00897148494	338.380137664081	271.593528797033	10	8	9
215	1	8	84.2590900161419	25.00897148494	338.380137664081	229.585115164312	11	8	10
216	1	8	84.2590900161419	25.00897148494	338.380137664081	286.520611532066	9	8	9
217	1	8	84.2590900161419	25.00897148494	338.380137664081	273.228509365516	9	8	9
218	1	8	84.2590900161419	25.00897148494	338.380137664081	245.132475814459	11	8	11
219	1	8	84.2590900161419	25.00897148494	338.380137664081	233.783419978666	8	8	12
220	1	8	84.2590900161419	25.00897148494	338.380137664081	232.849099596896	12	8	12
221	1	8	84.2590900161419	25.00897148494	338.380137664081	267.836564880574	9	8	14
222	1	8	84.2590900161419	25.00897148494	338.380137664081	264.583783661176	9	8	8
223	1	8	84.2590900161419	25.00897148494	338.380137664081	314.869528867484	10	8	10
224	1	8	84.2590900161419	25.00897148494	338.380137664081	273.952830500963	5	8	10
225	1	8	84.2590900161419	25.00897148494	338.380137664081	252.340165673741	11	8	10
226	1	8	84.2590900161419	25.00897148494	338.380137664081	259.792673724397	8	8	11
227	1	8	84.2590900161419	25.00897148494	338.380137664081	245.588812114705	7	8	9
228	1	8	84.2590900161419	25.00897148494	338.380137664081	299.115336032684	10	8	8
229	1	8	84.2590900161419	25.00897148494	338.380137664081	296.052251394466	12	8	10
230	1	8	84.2590900161419	25.00897148494	338.380137664081	266.919324495208	9	8	9
231	1	8	84.2590900161419	25.00897148494	338.380137664081	301.446632932445	6	8	9
232	1	8	84.2590900161419	25.00897148494	338.380137664081	237.07287638708	11	8	9
233	1	8	84.2590900161419	25.00897148494	338.380137664081	233.929656193706	11	8	8
234	1	8	84.2590900161419	25.00897148494	338.380137664081	275.145219825378	11	8	8
235	1	8	84.2590900161419	25.00897148494	338.380137664081	257.73272195581	9	8	9
236	1	8	84.2590900161419	25.00897148494	338.380137664081	318.520486818469	12	8	9
237	1	11	88.7773159364181	28.5346475610273	345.601999845163	345.601999845163	12	7	7
238	1	11	88.7773159364181	28.5346475610273	345.601999845163	304.292516052933	11	7	12
239	1	11	88.7773159364181	28.5346475610273	345.601999845163	284.092176297072	7	7	7
240	1	11	88.7773159364181	28.5346475610273	345.601999845163	284.530164394403	9	7	9
241	1	11	88.7773159364181	28.5346475610273	345.601999845163	276.329256056431	8	7	7
242	1	11	88.7773159364181	28.5346475610273	345.601999845163	248.967211784067	9	7	9
243	1	11	88.7773159364181	28.5346475610273	345.601999845163	253.441286604095	7	7	9
244	1	11	88.7773159364181	28.5346475610273	345.601999845163	279.318498458866	14	7	7
245	1	11	88.7773159364181	28.5346475610273	345.601999845163	269.852651941156	8	7	4
246	1	11	88.7773159364181	28.5346475610273	345.601999845163	301.08680863689	7	7	5
247	1	11	88.7773159364181	28.5346475610273	345.601999845163	297.394300143498	7	7	7
248	1	11	88.7773159364181	28.5346475610273	345.601999845163	264.289238998594	7	7	7
249	1	11	88.7773159364181	28.5346475610273	345.601999845163	278.826191417303	9	7	10
250	1	11	88.7773159364181	28.5346475610273	345.601999845163	284.969985187156	9	7	11
251	1	11	88.7773159364181	28.5346475610273	345.601999845163	275.889414922358	6	7	10
252	1	11	88.7773159364181	28.5346475610273	345.601999845163	275.095688456318	13	7	6
253	1	11	88.7773159364181	28.5346475610273	345.601999845163	298.444205278978	7	7	9
254	1	11	88.7773159364181	28.5346475610273	345.601999845163	322.875912857511	10	7	9
255	1	11	88.7773159364181	28.5346475610273	345.601999845163	232.04688589427	10	7	10
256	1	11	88.7773159364181	28.5346475610273	345.601999845163	288.175035523228	10	7	6
257	1	11	88.7773159364181	28.5346475610273	345.601999845163	251.551563412927	7	7	11
258	1	11	88.7773159364181	28.5346475610273	345.601999845163	291.43267526931	11	7	10
259	1	11	88.7773159364181	28.5346475610273	345.601999845163	304.435645657155	11	7	10
260	1	11	88.7773159364181	28.5346475610273	345.601999845163	280.97138051341	9	7	8
261	1	11	88.7773159364181	28.5346475610273	345.601999845163	270.391969548048	11	7	8
262	1	11	88.7773159364181	28.5346475610273	345.601999845163	261.87876580367	9	7	8
263	1	11	88.7773159364181	28.5346475610273	345.601999845163	305.667866560168	9	7	9
264	1	11	88.7773159364181	28.5346475610273	345.601999845163	280.265337156374	8	7	8
265	1	11	88.7773159364181	28.5346475610273	345.601999845163	269.756648386815	7	7	9
266	1	11	88.7773159364181	28.5346475610273	345.601999845163	267.653409088032	6	7	9
267	1	11	88.7773159364181	28.5346475610273	345.601999845163	282.610326631243	5	7	7
268	1	11	88.7773159364181	28.5346475610273	345.601999845163	257.417415619409	6	7	8
269	1	11	88.7773159364181	28.5346475610273	345.601999845163	284.579302249694	12	7	6
270	1	11	88.7773159364181	28.5346475610273	345.601999845163	267.936388969211	10	7	9
271	1	11	88.7773159364181	28.5346475610273	345.601999845163	322.38216243627	12	7	5
272	1	11	88.7773159364181	28.5346475610273	345.601999845163	310.402473314166	11	7	8
273	1	11	88.7773159364181	28.5346475610273	345.601999845163	289.88852528087	10	7	8
274	1	11	88.7773159364181	28.5346475610273	345.601999845163	253.765815764249	9	7	10
275	1	11	88.7773159364181	28.5346475610273	345.601999845163	306.968060781108	9	7	8
276	1	11	88.7773159364181	28.5346475610273	345.601999845163	261.086480405448	10	7	8
277	1	11	88.7773159364181	28.5346475610273	345.601999845163	287.710305517203	7	7	5
278	1	11	88.7773159364181	28.5346475610273	345.601999845163	275.373270188537	9	7	8
279	1	11	88.7773159364181	28.5346475610273	345.601999845163	299.787630344449	8	7	10
280	1	11	88.7773159364181	28.5346475610273	345.601999845163	247.997684478302	12	7	8
281	1	11	88.7773159364181	28.5346475610273	345.601999845163	304.163303044557	8	7	9
282	1	11	88.7773159364181	28.5346475610273	345.601999845163	254.448289512177	9	7	8
283	1	11	88.7773159364181	28.5346475610273	345.601999845163	300.44792963423	9	7	6
284	1	11	88.7773159364181	28.5346475610273	345.601999845163	272.598808322029	10	7	11
285	1	11	88.7773159364181	28.5346475610273	345.601999845163	322.262424743166	12	7	10
286	1	11	88.7773159364181	28.5346475610273	345.601999845163	278.712352296617	6	7	10
287	1	11	88.7773159364181	28.5346475610273	345.601999845163	306.968060781108	7	7	7
288	1	11	88.7773159364181	28.5346475610273	345.601999845163	283.436203709371	6	7	10
289	1	11	88.7773159364181	28.5346475610273	345.601999845163	278.767021003534	7	7	6
290	1	11	88.7773159364181	28.5346475610273	345.601999845163	293.891669098196	11	7	10
291	1	11	88.7773159364181	28.5346475610273	345.601999845163	268.0431320272	10	7	6
292	1	11	88.7773159364181	28.5346475610273	345.601999845163	277.962948148419	14	7	10
293	1	11	88.7773159364181	28.5346475610273	345.601999845163	287.670137447294	10	7	9
294	1	11	88.7773159364181	28.5346475610273	345.601999845163	278.64675754287	6	7	7
295	1	11	88.7773159364181	28.5346475610273	345.601999845163	251.471870274811	10	7	7
296	1	11	88.7773159364181	28.5346475610273	345.601999845163	283.169801897194	7	7	10
297	1	11	88.7773159364181	28.5346475610273	345.601999845163	267.117991564067	8	7	10
298	1	11	88.7773159364181	28.5346475610273	345.601999845163	289.771643381016	9	7	6
299	1	11	88.7773159364181	28.5346475610273	345.601999845163	279.243879276009	5	7	6
300	1	11	88.7773159364181	28.5346475610273	345.601999845163	297.599540617538	7	7	8
301	1	11	88.7773159364181	28.5346475610273	345.601999845163	266.908705958766	8	7	7
302	1	11	88.7773159364181	28.5346475610273	345.601999845163	285.152581212594	7	7	7
303	1	11	88.7773159364181	28.5346475610273	345.601999845163	290.127418108833	9	7	7
304	1	11	88.7773159364181	28.5346475610273	345.601999845163	276.823527458489	10	7	9
305	1	11	88.7773159364181	28.5346475610273	345.601999845163	240.713554999699	8	7	5
306	1	11	88.7773159364181	28.5346475610273	345.601999845163	291.033769422557	9	7	8
307	1	11	88.7773159364181	28.5346475610273	345.601999845163	268.75431368763	6	7	9
308	1	11	88.7773159364181	28.5346475610273	345.601999845163	252.958020632991	7	7	9
309	1	11	88.7773159364181	28.5346475610273	345.601999845163	288.284111852772	6	7	8
310	1	11	88.7773159364181	28.5346475610273	345.601999845163	257.285413011859	10	7	10
311	1	11	88.7773159364181	28.5346475610273	345.601999845163	314.604943534573	13	7	9
312	1	11	88.7773159364181	28.5346475610273	345.601999845163	289.079070300208	7	7	6
313	1	11	88.7773159364181	28.5346475610273	345.601999845163	278.022101985863	11	7	6
314	1	11	88.7773159364181	28.5346475610273	345.601999845163	320.169852136774	11	7	6
315	1	11	88.7773159364181	28.5346475610273	345.601999845163	303.579366468374	8	7	8
316	1	11	88.7773159364181	28.5346475610273	345.601999845163	268.328531455451	11	7	8
317	1	11	88.7773159364181	28.5346475610273	345.601999845163	281.343925988035	6	7	10
318	1	11	88.7773159364181	28.5346475610273	345.601999845163	277.89081441185	8	7	12
319	1	11	88.7773159364181	28.5346475610273	345.601999845163	304.868857525836	12	7	8
320	1	11	88.7773159364181	28.5346475610273	345.601999845163	280.459999906615	6	7	8
321	1	11	88.7773159364181	28.5346475610273	345.601999845163	309.412754106183	5	7	9
322	1	11	88.7773159364181	28.5346475610273	345.601999845163	293.779368673182	9	7	9
323	1	11	88.7773159364181	28.5346475610273	345.601999845163	278.153317836804	12	7	9
324	1	11	88.7773159364181	28.5346475610273	345.601999845163	264.557620836644	7	7	8
325	1	11	88.7773159364181	28.5346475610273	345.601999845163	301.776900923696	7	7	8
326	1	11	88.7773159364181	28.5346475610273	345.601999845163	270.572373939841	9	7	9
327	1	11	88.7773159364181	28.5346475610273	345.601999845163	296.307120240375	9	7	10
328	1	11	88.7773159364181	28.5346475610273	345.601999845163	312.636164309887	13	7	9
329	1	11	88.7773159364181	28.5346475610273	345.601999845163	259.750082271967	7	7	10
330	1	11	88.7773159364181	28.5346475610273	345.601999845163	251.180547304322	6	7	9
331	1	11	88.7773159364181	28.5346475610273	345.601999845163	294.070592052909	9	7	8
332	1	11	88.7773159364181	28.5346475610273	345.601999845163	283.164340817373	10	7	9
333	1	11	88.7773159364181	28.5346475610273	345.601999845163	237.368895341267	10	7	7
334	1	11	88.7773159364181	28.5346475610273	345.601999845163	291.623380620819	10	7	10
335	1	11	88.7773159364181	28.5346475610273	345.601999845163	276.182761360536	8	7	9
336	1	11	88.7773159364181	28.5346475610273	345.601999845163	275.528154274836	13	7	9
337	1	11	88.7773159364181	28.5346475610273	345.601999845163	255.871396220401	5	7	10
338	1	11	88.7773159364181	28.5346475610273	345.601999845163	248.081972063819	7	7	12
339	1	11	88.7773159364181	28.5346475610273	345.601999845163	259.112167418839	8	7	8
340	1	11	88.7773159364181	28.5346475610273	345.601999845163	297.824306532732	9	7	8
341	1	11	88.7773159364181	28.5346475610273	345.601999845163	281.584307801801	6	7	8
342	1	11	88.7773159364181	28.5346475610273	345.601999845163	287.375419761284	13	7	11
343	1	11	88.7773159364181	28.5346475610273	345.601999845163	276.26193234201	8	7	9
344	1	11	88.7773159364181	28.5346475610273	345.601999845163	277.13156948703	9	7	8
345	1	11	88.7773159364181	28.5346475610273	345.601999845163	271.480379017178	11	7	9
346	1	11	88.7773159364181	28.5346475610273	345.601999845163	276.092035435796	9	7	8
347	1	11	88.7773159364181	28.5346475610273	345.601999845163	268.655677586994	7	7	7
348	1	11	88.7773159364181	28.5346475610273	345.601999845163	256.782657565885	10	7	9
349	1	11	88.7773159364181	28.5346475610273	345.601999845163	266.690126857714	9	7	11
350	1	11	88.7773159364181	28.5346475610273	345.601999845163	270.24203903885	10	7	7
351	1	11	88.7773159364181	28.5346475610273	345.601999845163	257.909676576346	11	7	9
352	1	11	88.7773159364181	28.5346475610273	345.601999845163	246.660114144679	11	7	11
353	1	11	88.7773159364181	28.5346475610273	345.601999845163	272.63615712591	7	7	8
354	1	11	88.7773159364181	28.5346475610273	345.601999845163	249.056064413085	8	7	6
355	1	11	88.7773159364181	28.5346475610273	345.601999845163	259.775179114022	10	7	9
356	1	11	88.7773159364181	28.5346475610273	345.601999845163	311.74905585965	10	7	11
357	1	11	88.7773159364181	28.5346475610273	345.601999845163	244.537440640761	11	7	9
358	1	11	88.7773159364181	28.5346475610273	345.601999845163	294.37956226786	9	7	9
359	1	11	88.7773159364181	28.5346475610273	345.601999845163	288.836492153047	11	7	10
360	1	11	88.7773159364181	28.5346475610273	345.601999845163	266.188532969783	11	7	10
361	1	11	88.7773159364181	28.5346475610273	345.601999845163	272.479945758191	14	7	7
362	1	11	88.7773159364181	28.5346475610273	345.601999845163	275.593106589433	12	7	10
363	1	11	88.7773159364181	28.5346475610273	345.601999845163	282.635737059751	7	7	11
364	1	11	88.7773159364181	28.5346475610273	345.601999845163	267.953088079727	7	7	8
365	1	11	88.7773159364181	28.5346475610273	345.601999845163	260.987728570775	9	7	9
366	1	11	88.7773159364181	28.5346475610273	345.601999845163	264.560355151635	8	7	8
367	1	11	88.7773159364181	28.5346475610273	345.601999845163	279.805683455497	11	7	9
368	1	11	88.7773159364181	28.5346475610273	345.601999845163	251.930272761772	9	7	7
369	1	11	88.7773159364181	28.5346475610273	345.601999845163	277.280722101324	8	7	7
370	1	11	88.7773159364181	28.5346475610273	345.601999845163	253.815716733971	11	7	11
371	1	11	88.7773159364181	28.5346475610273	345.601999845163	278.209557438748	8	7	10
372	1	11	88.7773159364181	28.5346475610273	345.601999845163	275.773971307594	8	7	10
373	1	11	88.7773159364181	28.5346475610273	345.601999845163	265.313032863656	7	7	9
374	1	11	88.7773159364181	28.5346475610273	345.601999845163	293.685609077139	8	7	9
375	1	11	88.7773159364181	28.5346475610273	345.601999845163	277.855531612315	9	7	8
376	1	11	88.7773159364181	28.5346475610273	345.601999845163	252.302767037615	9	7	9
377	1	11	88.7773159364181	28.5346475610273	345.601999845163	282.851017179846	8	7	8
378	1	11	88.7773159364181	28.5346475610273	345.601999845163	276.879876031424	12	7	9
379	1	11	88.7773159364181	28.5346475610273	345.601999845163	328.398161843813	10	7	8
380	1	11	88.7773159364181	28.5346475610273	345.601999845163	285.536104979077	10	7	10
381	1	11	88.7773159364181	28.5346475610273	345.601999845163	248.337762444384	11	7	7
382	1	11	88.7773159364181	28.5346475610273	345.601999845163	261.688386912416	10	7	6
383	1	11	88.7773159364181	28.5346475610273	345.601999845163	264.377136357446	7	7	10
384	1	11	88.7773159364181	28.5346475610273	345.601999845163	280.759239456485	6	7	10
385	1	11	88.7773159364181	28.5346475610273	345.601999845163	230.077229989881	6	7	11
386	1	11	88.7773159364181	28.5346475610273	345.601999845163	266.585454484415	11	7	9
387	1	11	88.7773159364181	28.5346475610273	345.601999845163	259.375729316808	10	7	10
388	1	11	88.7773159364181	28.5346475610273	345.601999845163	279.760943794871	10	7	6
389	1	11	88.7773159364181	28.5346475610273	345.601999845163	282.784693274985	8	7	8
390	1	11	88.7773159364181	28.5346475610273	345.601999845163	261.535793186239	7	7	9
391	1	11	88.7773159364181	28.5346475610273	345.601999845163	274.831750106666	10	7	8
392	1	11	88.7773159364181	28.5346475610273	345.601999845163	325.778309795884	13	7	8
393	1	11	88.7773159364181	28.5346475610273	345.601999845163	302.558006618099	12	7	8
394	1	11	88.7773159364181	28.5346475610273	345.601999845163	298.914511828779	12	7	10
395	1	11	88.7773159364181	28.5346475610273	345.601999845163	280.576429302213	9	7	7
396	1	11	88.7773159364181	28.5346475610273	345.601999845163	285.238814669806	9	7	8
397	1	11	88.7773159364181	28.5346475610273	345.601999845163	251.648524386463	12	7	8
398	1	11	88.7773159364181	28.5346475610273	345.601999845163	232.947360120355	9	7	8
399	1	11	88.7773159364181	28.5346475610273	345.601999845163	274.410491262097	9	7	8
400	1	11	88.7773159364181	28.5346475610273	345.601999845163	278.64675754287	11	7	7
401	1	11	88.7773159364181	28.5346475610273	345.601999845163	288.314558280977	10	7	8
402	1	11	88.7773159364181	28.5346475610273	345.601999845163	271.930123058396	10	7	8
403	1	11	88.7773159364181	28.5346475610273	345.601999845163	234.290238025672	11	7	10
404	1	11	88.7773159364181	28.5346475610273	345.601999845163	209.780183518326	11	7	13
405	1	11	88.7773159364181	28.5346475610273	345.601999845163	276.627393486854	8	7	7
406	1	11	88.7773159364181	28.5346475610273	345.601999845163	304.119992853451	9	7	8
407	1	11	88.7773159364181	28.5346475610273	345.601999845163	260.873260909818	12	7	9
408	1	11	88.7773159364181	28.5346475610273	345.601999845163	277.587477129394	10	7	8
409	1	11	88.7773159364181	28.5346475610273	345.601999845163	260.639309667394	8	7	9
410	1	11	88.7773159364181	28.5346475610273	345.601999845163	281.188036203411	12	7	7
411	1	11	88.7773159364181	28.5346475610273	345.601999845163	268.056080931559	10	7	8
412	1	11	88.7773159364181	28.5346475610273	345.601999845163	278.631069976039	11	7	8
413	1	11	88.7773159364181	28.5346475610273	345.601999845163	251.535529660675	13	7	8
414	1	11	88.7773159364181	28.5346475610273	345.601999845163	275.747563857801	13	7	13
415	1	11	88.7773159364181	28.5346475610273	345.601999845163	287.841455536091	13	7	11
416	1	11	88.7773159364181	28.5346475610273	345.601999845163	286.694880917308	9	7	10
417	1	11	88.7773159364181	28.5346475610273	345.601999845163	283.347805477536	11	7	11
418	1	11	88.7773159364181	28.5346475610273	345.601999845163	228.220010883851	8	7	9
419	1	11	88.7773159364181	28.5346475610273	345.601999845163	301.559892388333	8	7	9
420	1	11	88.7773159364181	28.5346475610273	345.601999845163	285.158367153047	9	7	8
421	1	11	88.7773159364181	28.5346475610273	345.601999845163	272.469902049749	12	7	10
422	1	11	88.7773159364181	28.5346475610273	345.601999845163	276.960424548294	14	7	10
423	1	11	88.7773159364181	28.5346475610273	345.601999845163	311.964440924407	6	7	9
424	1	11	88.7773159364181	28.5346475610273	345.601999845163	269.72379611849	12	7	13
425	1	11	88.7773159364181	28.5346475610273	345.601999845163	238.670487421464	12	7	11
426	1	11	88.7773159364181	28.5346475610273	345.601999845163	277.023443959819	10	7	8
427	1	11	88.7773159364181	28.5346475610273	345.601999845163	250.125311406078	9	7	7
428	1	11	88.7773159364181	28.5346475610273	345.601999845163	269.60154424947	10	7	9
429	1	11	88.7773159364181	28.5346475610273	345.601999845163	247.896046293699	6	7	9
430	1	11	88.7773159364181	28.5346475610273	345.601999845163	273.107563826351	11	7	8
431	1	11	88.7773159364181	28.5346475610273	345.601999845163	250.085830663705	14	7	9
432	1	11	88.7773159364181	28.5346475610273	345.601999845163	269.288203987155	9	7	9
433	1	11	88.7773159364181	28.5346475610273	345.601999845163	288.154058304973	7	7	8
434	1	11	88.7773159364181	28.5346475610273	345.601999845163	306.855514004187	13	7	6
435	1	11	88.7773159364181	28.5346475610273	345.601999845163	304.857387867403	11	7	8
436	1	11	88.7773159364181	28.5346475610273	345.601999845163	298.664822233337	8	7	9
437	1	11	88.7773159364181	28.5346475610273	345.601999845163	280.37998591424	12	7	8
438	1	11	88.7773159364181	28.5346475610273	345.601999845163	247.908676237611	7	7	6
439	1	11	88.7773159364181	28.5346475610273	345.601999845163	309.188739468134	10	7	10
440	1	11	88.7773159364181	28.5346475610273	345.601999845163	260.061471404847	11	7	8
441	1	11	88.7773159364181	28.5346475610273	345.601999845163	270.634283441085	6	7	8
442	1	11	88.7773159364181	28.5346475610273	345.601999845163	265.382620750373	10	7	10
443	1	11	88.7773159364181	28.5346475610273	345.601999845163	294.674037088754	7	7	7
444	1	11	88.7773159364181	28.5346475610273	345.601999845163	292.341509567647	10	7	9
445	1	11	88.7773159364181	28.5346475610273	345.601999845163	330.35827448244	9	7	7
446	1	11	88.7773159364181	28.5346475610273	345.601999845163	290.721176813726	7	7	10
447	1	11	88.7773159364181	28.5346475610273	345.601999845163	279.445812674732	9	7	9
448	1	11	88.7773159364181	28.5346475610273	345.601999845163	295.711410067594	7	7	8
449	1	11	88.7773159364181	28.5346475610273	345.601999845163	273.100424426601	7	7	9
450	1	11	88.7773159364181	28.5346475610273	345.601999845163	267.677115181454	10	7	11
451	1	11	88.7773159364181	28.5346475610273	345.601999845163	266.289195851126	7	7	9
452	1	11	88.7773159364181	28.5346475610273	345.601999845163	273.50610540141	9	7	12
453	1	11	88.7773159364181	28.5346475610273	345.601999845163	255.536801409723	5	7	12
454	1	11	88.7773159364181	28.5346475610273	345.601999845163	289.25388496341	11	7	8
455	1	6	85.0042787145193	23.6080963081308	349.483051389202	349.483051389202	11	6	6
456	1	6	85.0042787145193	23.6080963081308	349.483051389202	281.120603162836	7	6	8
457	1	6	85.0042787145193	23.6080963081308	349.483051389202	258.97151985643	5	6	8
458	1	6	85.0042787145193	23.6080963081308	349.483051389202	272.038612798151	10	6	12
459	1	6	85.0042787145193	23.6080963081308	349.483051389202	272.708079288538	7	6	7
460	1	6	85.0042787145193	23.6080963081308	349.483051389202	295.137176168967	14	6	7
461	1	6	85.0042787145193	23.6080963081308	349.483051389202	281.980654895794	11	6	10
462	1	6	85.0042787145193	23.6080963081308	349.483051389202	270.467106901975	10	6	9
463	1	6	85.0042787145193	23.6080963081308	349.483051389202	289.427414332003	13	6	7
464	1	6	85.0042787145193	23.6080963081308	349.483051389202	275.226240352608	5	6	7
465	1	6	85.0042787145193	23.6080963081308	349.483051389202	280.894628717242	9	6	10
466	1	6	85.0042787145193	23.6080963081308	349.483051389202	261.787855687076	3	6	7
467	1	6	85.0042787145193	23.6080963081308	349.483051389202	290.188285481409	9	6	9
468	1	6	85.0042787145193	23.6080963081308	349.483051389202	272.915865442417	7	6	9
469	1	6	85.0042787145193	23.6080963081308	349.483051389202	257.559631802302	8	6	10
470	1	6	85.0042787145193	23.6080963081308	349.483051389202	274.679973840418	11	6	7
471	1	6	85.0042787145193	23.6080963081308	349.483051389202	285.452549572452	11	6	8
472	1	6	85.0042787145193	23.6080963081308	349.483051389202	249.084510969142	13	6	7
473	1	6	85.0042787145193	23.6080963081308	349.483051389202	300.367531050334	9	6	11
474	1	6	85.0042787145193	23.6080963081308	349.483051389202	277.974186339657	11	6	8
475	1	6	85.0042787145193	23.6080963081308	349.483051389202	277.575801907091	11	6	9
476	1	6	85.0042787145193	23.6080963081308	349.483051389202	246.96262140652	8	6	9
477	1	6	85.0042787145193	23.6080963081308	349.483051389202	315.37610604786	9	6	8
478	1	6	85.0042787145193	23.6080963081308	349.483051389202	247.28582951186	13	6	11
479	1	6	85.0042787145193	23.6080963081308	349.483051389202	234.971696289295	5	6	13
480	1	6	85.0042787145193	23.6080963081308	349.483051389202	262.489472485212	9	6	9
481	1	6	85.0042787145193	23.6080963081308	349.483051389202	259.653776485325	11	6	8
482	1	6	85.0042787145193	23.6080963081308	349.483051389202	259.858683658816	14	6	10
483	1	6	85.0042787145193	23.6080963081308	349.483051389202	229.413915623892	9	6	10
484	1	6	85.0042787145193	23.6080963081308	349.483051389202	291.508656400123	9	6	9
485	1	6	85.0042787145193	23.6080963081308	349.483051389202	257.837831737208	12	6	10
486	1	6	85.0042787145193	23.6080963081308	349.483051389202	250.957696546971	7	6	9
487	1	6	85.0042787145193	23.6080963081308	349.483051389202	266.603479722452	9	6	8
488	1	6	85.0042787145193	23.6080963081308	349.483051389202	281.912675310519	13	6	8
489	1	6	85.0042787145193	23.6080963081308	349.483051389202	282.681485744344	7	6	8
490	1	6	85.0042787145193	23.6080963081308	349.483051389202	275.921593381097	7	6	8
491	1	6	85.0042787145193	23.6080963081308	349.483051389202	284.58333461637	9	6	9
492	1	6	85.0042787145193	23.6080963081308	349.483051389202	230.306412757822	10	6	8
493	1	6	85.0042787145193	23.6080963081308	349.483051389202	307.195463793463	12	6	7
494	1	6	85.0042787145193	23.6080963081308	349.483051389202	248.976453170377	11	6	10
495	1	6	85.0042787145193	23.6080963081308	349.483051389202	288.191242226509	11	6	11
496	1	6	85.0042787145193	23.6080963081308	349.483051389202	291.080499513541	7	6	11
497	1	6	85.0042787145193	23.6080963081308	349.483051389202	262.072820655567	9	6	9
498	1	6	85.0042787145193	23.6080963081308	349.483051389202	289.600615431463	8	6	9
499	1	6	85.0042787145193	23.6080963081308	349.483051389202	279.89245820034	7	6	8
500	1	6	85.0042787145193	23.6080963081308	349.483051389202	280.69727597919	12	6	8
501	1	6	85.0042787145193	23.6080963081308	349.483051389202	252.88817558239	8	6	6
502	1	6	85.0042787145193	23.6080963081308	349.483051389202	269.1359804196	9	6	8
503	1	6	85.0042787145193	23.6080963081308	349.483051389202	276.899816427757	6	6	7
504	1	6	85.0042787145193	23.6080963081308	349.483051389202	258.448092258038	11	6	8
505	1	6	85.0042787145193	23.6080963081308	349.483051389202	270.225713066442	8	6	10
506	1	6	85.0042787145193	23.6080963081308	349.483051389202	247.966705622905	7	6	7
507	1	6	85.0042787145193	23.6080963081308	349.483051389202	259.56870973373	9	6	12
508	1	6	85.0042787145193	23.6080963081308	349.483051389202	278.64675754287	9	6	7
509	1	6	85.0042787145193	23.6080963081308	349.483051389202	297.636958109863	8	6	7
510	1	6	85.0042787145193	23.6080963081308	349.483051389202	268.230453950429	10	6	6
511	1	6	85.0042787145193	23.6080963081308	349.483051389202	259.812178522786	7	6	7
512	1	6	85.0042787145193	23.6080963081308	349.483051389202	266.440889670609	8	6	9
513	1	6	85.0042787145193	23.6080963081308	349.483051389202	266.888808133334	7	6	8
514	1	6	85.0042787145193	23.6080963081308	349.483051389202	264.305811265512	7	6	8
515	1	6	85.0042787145193	23.6080963081308	349.483051389202	255.366679263866	6	6	8
516	1	6	85.0042787145193	23.6080963081308	349.483051389202	273.118456869443	8	6	6
517	1	6	85.0042787145193	23.6080963081308	349.483051389202	274.639083233612	9	6	10
518	1	6	85.0042787145193	23.6080963081308	349.483051389202	269.900011319342	10	6	10
519	1	6	85.0042787145193	23.6080963081308	349.483051389202	285.414234193059	7	6	6
520	1	6	85.0042787145193	23.6080963081308	349.483051389202	283.79588099871	6	6	9
521	1	6	85.0042787145193	23.6080963081308	349.483051389202	272.601109110932	13	6	9
522	1	6	85.0042787145193	23.6080963081308	349.483051389202	271.15505485403	6	6	10
523	1	6	85.0042787145193	23.6080963081308	349.483051389202	276.336164153243	9	6	9
524	1	6	85.0042787145193	23.6080963081308	349.483051389202	258.921609172153	6	6	9
525	1	6	85.0042787145193	23.6080963081308	349.483051389202	274.579147690074	12	6	7
526	1	6	85.0042787145193	23.6080963081308	349.483051389202	266.503127381452	6	6	9
527	1	6	85.0042787145193	23.6080963081308	349.483051389202	305.043655079236	8	6	8
528	1	6	85.0042787145193	23.6080963081308	349.483051389202	279.109262526173	11	6	6
529	1	6	85.0042787145193	23.6080963081308	349.483051389202	272.357859194764	10	6	10
530	1	6	85.0042787145193	23.6080963081308	349.483051389202	283.681967727704	9	6	10
531	1	6	85.0042787145193	23.6080963081308	349.483051389202	259.023555235313	9	6	8
532	1	6	85.0042787145193	23.6080963081308	349.483051389202	317.309826902779	10	6	6
533	1	6	85.0042787145193	23.6080963081308	349.483051389202	238.668196293011	11	6	9
534	1	6	85.0042787145193	23.6080963081308	349.483051389202	266.727983231453	5	6	8
535	1	6	85.0042787145193	23.6080963081308	349.483051389202	265.338123906552	9	6	5
536	1	6	85.0042787145193	23.6080963081308	349.483051389202	293.480378867198	13	6	9
537	1	6	85.0042787145193	23.6080963081308	349.483051389202	307.160730161152	12	6	9
538	1	6	85.0042787145193	23.6080963081308	349.483051389202	278.506802702957	9	6	8
539	1	6	85.0042787145193	23.6080963081308	349.483051389202	280.488772590384	9	6	8
540	1	6	85.0042787145193	23.6080963081308	349.483051389202	298.071826528026	8	6	8
541	1	6	85.0042787145193	23.6080963081308	349.483051389202	289.985760231602	8	6	5
542	1	6	85.0042787145193	23.6080963081308	349.483051389202	280.62392733321	9	6	10
543	1	6	85.0042787145193	23.6080963081308	349.483051389202	289.310355648523	11	6	9
544	1	6	85.0042787145193	23.6080963081308	349.483051389202	252.616078374923	12	6	10
545	1	6	85.0042787145193	23.6080963081308	349.483051389202	304.515858937367	9	6	5
546	1	6	85.0042787145193	23.6080963081308	349.483051389202	254.728262500133	10	6	9
547	1	6	85.0042787145193	23.6080963081308	349.483051389202	259.054254865967	10	6	9
548	1	6	85.0042787145193	23.6080963081308	349.483051389202	277.135178767156	10	6	12
549	1	6	85.0042787145193	23.6080963081308	349.483051389202	297.801533289189	11	6	9
550	1	6	85.0042787145193	23.6080963081308	349.483051389202	244.417186031246	10	6	11
551	1	6	85.0042787145193	23.6080963081308	349.483051389202	261.551517190958	10	6	8
552	1	6	85.0042787145193	23.6080963081308	349.483051389202	246.123187637318	7	6	11
553	1	6	85.0042787145193	23.6080963081308	349.483051389202	262.660960075398	7	6	8
554	1	6	85.0042787145193	23.6080963081308	349.483051389202	307.777327499142	9	6	8
555	1	6	85.0042787145193	23.6080963081308	349.483051389202	290.018754282892	9	6	7
556	1	6	85.0042787145193	23.6080963081308	349.483051389202	240.874213490402	9	6	12
557	1	6	85.0042787145193	23.6080963081308	349.483051389202	243.788113788671	7	6	11
558	1	6	85.0042787145193	23.6080963081308	349.483051389202	271.324396170251	10	6	11
559	1	6	85.0042787145193	23.6080963081308	349.483051389202	318.355005350776	13	6	11
560	1	6	85.0042787145193	23.6080963081308	349.483051389202	244.919538595503	11	6	11
561	1	6	85.0042787145193	23.6080963081308	349.483051389202	281.908736094156	10	6	9
562	1	6	85.0042787145193	23.6080963081308	349.483051389202	277.587477129394	16	6	8
563	1	6	85.0042787145193	23.6080963081308	349.483051389202	257.297632544368	9	6	12
564	1	6	85.0042787145193	23.6080963081308	349.483051389202	271.493352017908	8	6	7
565	1	6	85.0042787145193	23.6080963081308	349.483051389202	285.993429570674	11	6	8
566	1	6	85.0042787145193	23.6080963081308	349.483051389202	288.313273476509	10	6	11
567	1	6	85.0042787145193	23.6080963081308	349.483051389202	274.129859301298	9	6	10
568	1	6	85.0042787145193	23.6080963081308	349.483051389202	271.542802043156	5	6	10
569	1	6	85.0042787145193	23.6080963081308	349.483051389202	287.706941217341	10	6	9
570	1	6	85.0042787145193	23.6080963081308	349.483051389202	263.009130006614	9	6	4
571	1	6	85.0042787145193	23.6080963081308	349.483051389202	272.283794539622	10	6	10
572	1	6	85.0042787145193	23.6080963081308	349.483051389202	275.636579723198	11	6	7
573	1	6	85.0042787145193	23.6080963081308	349.483051389202	277.94628669401	10	6	11
574	1	6	85.0042787145193	23.6080963081308	349.483051389202	247.240903948974	8	6	7
575	1	6	85.0042787145193	23.6080963081308	349.483051389202	247.517745915451	11	6	8
576	1	6	85.0042787145193	23.6080963081308	349.483051389202	262.022237796748	11	6	11
577	1	6	85.0042787145193	23.6080963081308	349.483051389202	257.405227437855	12	6	11
578	1	6	85.0042787145193	23.6080963081308	349.483051389202	292.660338028969	8	6	11
579	1	6	85.0042787145193	23.6080963081308	349.483051389202	256.352199370143	8	6	9
580	1	6	85.0042787145193	23.6080963081308	349.483051389202	293.272696489643	7	6	10
581	1	6	85.0042787145193	23.6080963081308	349.483051389202	264.964432472541	8	6	9
582	1	6	85.0042787145193	23.6080963081308	349.483051389202	299.858148920612	6	6	9
583	1	6	85.0042787145193	23.6080963081308	349.483051389202	253.465882822478	7	6	8
584	1	6	85.0042787145193	23.6080963081308	349.483051389202	296.266309388962	9	6	9
585	1	6	85.0042787145193	23.6080963081308	349.483051389202	281.943055762576	12	6	11
586	1	6	85.0042787145193	23.6080963081308	349.483051389202	289.247944107886	11	6	9
587	1	6	85.0042787145193	23.6080963081308	349.483051389202	266.336084792135	10	6	7
588	1	6	85.0042787145193	23.6080963081308	349.483051389202	297.824306532732	11	6	8
589	1	6	85.0042787145193	23.6080963081308	349.483051389202	289.282956150565	5	6	8
590	1	6	85.0042787145193	23.6080963081308	349.483051389202	259.332773209335	10	6	8
591	1	6	85.0042787145193	23.6080963081308	349.483051389202	242.749767725718	10	6	11
592	1	6	85.0042787145193	23.6080963081308	349.483051389202	239.199431040413	7	6	8
593	1	6	85.0042787145193	23.6080963081308	349.483051389202	264.296756251921	8	6	7
594	1	6	85.0042787145193	23.6080963081308	349.483051389202	301.869862081957	8	6	7
595	1	6	85.0042787145193	23.6080963081308	349.483051389202	255.151088971223	8	6	7
596	1	6	85.0042787145193	23.6080963081308	349.483051389202	302.167258206988	7	6	6
597	1	6	85.0042787145193	23.6080963081308	349.483051389202	228.652440068948	9	6	8
598	1	6	85.0042787145193	23.6080963081308	349.483051389202	276.938989624047	10	6	7
599	1	6	85.0042787145193	23.6080963081308	349.483051389202	287.470250259004	12	6	9
600	1	6	85.0042787145193	23.6080963081308	349.483051389202	291.443930953721	7	6	7
601	1	6	85.0042787145193	23.6080963081308	349.483051389202	265.030490337185	6	6	8
602	1	6	85.0042787145193	23.6080963081308	349.483051389202	242.782375073452	14	6	9
603	1	6	85.0042787145193	23.6080963081308	349.483051389202	247.629910495947	8	6	10
604	1	6	85.0042787145193	23.6080963081308	349.483051389202	280.107306619693	7	6	5
605	1	6	85.0042787145193	23.6080963081308	349.483051389202	257.025254167252	10	6	8
606	1	6	85.0042787145193	23.6080963081308	349.483051389202	239.851257377419	12	6	5
607	1	6	85.0042787145193	23.6080963081308	349.483051389202	258.67865210226	11	6	10
608	1	6	85.0042787145193	23.6080963081308	349.483051389202	277.009006444457	9	6	5
609	1	6	85.0042787145193	23.6080963081308	349.483051389202	307.431236658224	12	6	7
610	1	6	85.0042787145193	23.6080963081308	349.483051389202	295.03598259659	10	6	8
611	1	6	85.0042787145193	23.6080963081308	349.483051389202	285.638880942021	12	6	10
612	1	6	85.0042787145193	23.6080963081308	349.483051389202	258.837131690687	11	6	11
613	1	6	85.0042787145193	23.6080963081308	349.483051389202	217.409941523904	10	6	10
614	1	6	85.0042787145193	23.6080963081308	349.483051389202	266.068790941553	11	6	8
615	1	6	85.0042787145193	23.6080963081308	349.483051389202	268.75009237127	9	6	11
616	1	6	85.0042787145193	23.6080963081308	349.483051389202	253.124054976172	6	6	10
617	1	6	85.0042787145193	23.6080963081308	349.483051389202	235.530624212223	8	6	7
618	1	6	85.0042787145193	23.6080963081308	349.483051389202	285.35742219027	7	6	10
619	1	6	85.0042787145193	23.6080963081308	349.483051389202	268.024225878582	12	6	11
620	1	6	85.0042787145193	23.6080963081308	349.483051389202	287.815215479361	14	6	10
621	1	6	85.0042787145193	23.6080963081308	349.483051389202	251.09821680412	13	6	10
622	1	6	85.0042787145193	23.6080963081308	349.483051389202	299.999824343294	8	6	8
623	1	6	85.0042787145193	23.6080963081308	349.483051389202	287.698812605121	12	6	10
624	1	6	85.0042787145193	23.6080963081308	349.483051389202	294.133210539768	12	6	8
625	1	6	85.0042787145193	23.6080963081308	349.483051389202	274.371395593085	6	6	8
626	1	6	85.0042787145193	23.6080963081308	349.483051389202	269.137901035504	10	6	8
627	1	6	85.0042787145193	23.6080963081308	349.483051389202	300.002137279775	9	6	9
628	1	6	85.0042787145193	23.6080963081308	349.483051389202	271.452232480533	6	6	7
629	1	6	85.0042787145193	23.6080963081308	349.483051389202	282.593019301892	10	6	10
630	1	6	85.0042787145193	23.6080963081308	349.483051389202	269.557017825188	10	6	7
631	1	6	85.0042787145193	23.6080963081308	349.483051389202	267.160081084301	11	6	10
632	1	6	85.0042787145193	23.6080963081308	349.483051389202	294.984392833474	12	6	6
633	1	6	85.0042787145193	23.6080963081308	349.483051389202	254.330643912522	8	6	5
634	1	6	85.0042787145193	23.6080963081308	349.483051389202	273.510716556908	10	6	8
635	1	6	85.0042787145193	23.6080963081308	349.483051389202	281.841696791969	8	6	6
636	1	6	85.0042787145193	23.6080963081308	349.483051389202	246.364328958446	7	6	9
637	1	6	85.0042787145193	23.6080963081308	349.483051389202	288.433609992062	12	6	9
638	1	6	85.0042787145193	23.6080963081308	349.483051389202	259.946045972278	8	6	8
639	1	6	85.0042787145193	23.6080963081308	349.483051389202	301.41140459716	7	6	11
640	1	6	85.0042787145193	23.6080963081308	349.483051389202	309.31464313713	11	6	7
641	1	6	85.0042787145193	23.6080963081308	349.483051389202	272.166271351573	9	6	5
642	1	6	85.0042787145193	23.6080963081308	349.483051389202	295.026010106569	9	6	11
643	1	6	85.0042787145193	23.6080963081308	349.483051389202	284.970869670957	9	6	8
644	1	6	85.0042787145193	23.6080963081308	349.483051389202	258.634751753907	10	6	9
645	1	6	85.0042787145193	23.6080963081308	349.483051389202	267.479789744886	11	6	8
646	1	6	85.0042787145193	23.6080963081308	349.483051389202	258.091890278846	6	6	8
647	1	6	85.0042787145193	23.6080963081308	349.483051389202	250.087248897279	7	6	8
648	1	6	85.0042787145193	23.6080963081308	349.483051389202	269.32068182152	10	6	9
649	1	6	85.0042787145193	23.6080963081308	349.483051389202	278.525326336477	8	6	9
650	1	6	85.0042787145193	23.6080963081308	349.483051389202	258.692610864585	12	6	8
651	1	6	85.0042787145193	23.6080963081308	349.483051389202	273.34137223941	9	6	9
652	1	6	85.0042787145193	23.6080963081308	349.483051389202	262.010452372916	6	6	10
653	1	6	85.0042787145193	23.6080963081308	349.483051389202	251.875054566388	9	6	8
654	1	6	85.0042787145193	23.6080963081308	349.483051389202	225.651991358438	5	6	13
655	1	6	85.0042787145193	23.6080963081308	349.483051389202	288.028036587464	9	6	9
656	1	6	85.0042787145193	23.6080963081308	349.483051389202	276.746877808482	11	6	7
657	1	6	85.0042787145193	23.6080963081308	349.483051389202	254.711994011908	7	6	10
658	1	6	85.0042787145193	23.6080963081308	349.483051389202	258.632299571038	4	6	8
659	1	6	85.0042787145193	23.6080963081308	349.483051389202	255.091041898417	9	6	10
660	1	6	85.0042787145193	23.6080963081308	349.483051389202	295.766680280764	8	6	8
661	1	6	85.0042787145193	23.6080963081308	349.483051389202	273.584770800731	8	6	8
662	1	6	85.0042787145193	23.6080963081308	349.483051389202	259.471888923611	12	6	6
663	1	6	85.0042787145193	23.6080963081308	349.483051389202	245.970402660465	10	6	10
664	1	6	85.0042787145193	23.6080963081308	349.483051389202	258.04708497844	11	6	8
665	1	6	85.0042787145193	23.6080963081308	349.483051389202	245.048155955744	8	6	10
666	1	6	85.0042787145193	23.6080963081308	349.483051389202	282.175319151678	10	6	7
667	1	6	85.0042787145193	23.6080963081308	349.483051389202	242.102031768984	10	6	10
668	1	6	85.0042787145193	23.6080963081308	349.483051389202	285.227243772584	8	6	9
669	1	6	85.0042787145193	23.6080963081308	349.483051389202	284.084725794333	5	6	8
670	1	6	85.0042787145193	23.6080963081308	349.483051389202	297.950437363675	10	6	7
671	1	6	85.0042787145193	23.6080963081308	349.483051389202	263.6551177177	7	6	9
672	1	6	85.0042787145193	23.6080963081308	349.483051389202	316.411685451777	9	6	6
673	1	6	85.0042787145193	23.6080963081308	349.483051389202	274.316592814364	5	6	7
674	1	6	85.0042787145193	23.6080963081308	349.483051389202	260.787839107352	7	6	7
675	1	6	85.0042787145193	23.6080963081308	349.483051389202	251.132919201432	9	6	7
676	1	6	85.0042787145193	23.6080963081308	349.483051389202	246.938539620762	8	6	12
677	1	6	85.0042787145193	23.6080963081308	349.483051389202	297.978952162454	8	6	8
678	1	6	85.0042787145193	23.6080963081308	349.483051389202	259.499462437864	7	6	8
679	1	6	85.0042787145193	23.6080963081308	349.483051389202	247.197053547545	12	6	7
680	1	6	85.0042787145193	23.6080963081308	349.483051389202	293.67329858794	6	6	8
681	1	6	85.0042787145193	23.6080963081308	349.483051389202	323.920619956916	10	6	10
682	1	6	85.0042787145193	23.6080963081308	349.483051389202	301.28347890745	9	6	8
683	1	6	85.0042787145193	23.6080963081308	349.483051389202	252.808348217468	11	6	10
684	1	6	85.0042787145193	23.6080963081308	349.483051389202	293.339390233447	4	6	7
685	1	6	85.0042787145193	23.6080963081308	349.483051389202	279.786038794664	11	6	6
686	1	6	85.0042787145193	23.6080963081308	349.483051389202	297.733365788432	13	6	10
687	1	6	85.0042787145193	23.6080963081308	349.483051389202	289.808054093073	11	6	12
688	1	6	85.0042787145193	23.6080963081308	349.483051389202	273.118456869443	6	6	6
689	1	6	85.0042787145193	23.6080963081308	349.483051389202	263.110108707338	7	6	7
690	1	6	85.0042787145193	23.6080963081308	349.483051389202	289.355792103161	11	6	9
691	1	6	85.0042787145193	23.6080963081308	349.483051389202	304.424997846095	11	6	8
692	1	6	85.0042787145193	23.6080963081308	349.483051389202	237.371338874728	9	6	11
693	1	6	85.0042787145193	23.6080963081308	349.483051389202	289.064652859356	10	6	8
694	1	6	85.0042787145193	23.6080963081308	349.483051389202	264.810808595904	8	6	9
695	1	6	85.0042787145193	23.6080963081308	349.483051389202	264.052876912016	8	6	5
696	1	6	85.0042787145193	23.6080963081308	349.483051389202	243.536827582565	7	6	6
697	1	6	85.0042787145193	23.6080963081308	349.483051389202	259.969325453276	9	6	10
698	1	6	85.0042787145193	23.6080963081308	349.483051389202	301.944377475087	11	6	9
699	1	6	85.0042787145193	23.6080963081308	349.483051389202	294.806510709814	9	6	10
700	1	6	85.0042787145193	23.6080963081308	349.483051389202	249.272380016212	9	6	9
701	1	6	85.0042787145193	23.6080963081308	349.483051389202	257.690665921169	12	6	9
702	1	6	85.0042787145193	23.6080963081308	349.483051389202	263.01194022457	11	6	12
703	1	6	85.0042787145193	23.6080963081308	349.483051389202	267.873588719056	8	6	11
704	1	6	85.0042787145193	23.6080963081308	349.483051389202	277.500356008825	5	6	9
705	1	6	85.0042787145193	23.6080963081308	349.483051389202	288.806970119485	11	6	10
706	1	6	85.0042787145193	23.6080963081308	349.483051389202	275.29292954593	6	6	11
707	1	6	85.0042787145193	23.6080963081308	349.483051389202	255.769311553781	10	6	11
708	1	6	85.0042787145193	23.6080963081308	349.483051389202	276.851167236624	10	6	9
709	1	6	85.0042787145193	23.6080963081308	349.483051389202	246.873502342501	9	6	10
710	1	6	85.0042787145193	23.6080963081308	349.483051389202	276.842800051911	8	6	11
711	1	6	85.0042787145193	23.6080963081308	349.483051389202	260.653037259437	14	6	9
712	1	6	85.0042787145193	23.6080963081308	349.483051389202	272.331529865727	5	6	7
713	1	6	85.0042787145193	23.6080963081308	349.483051389202	279.910315492377	9	6	10
714	1	6	85.0042787145193	23.6080963081308	349.483051389202	329.54293485688	8	6	10
715	1	6	85.0042787145193	23.6080963081308	349.483051389202	297.666482740088	7	6	9
716	1	6	85.0042787145193	23.6080963081308	349.483051389202	304.920200067443	9	6	7
717	1	6	85.0042787145193	23.6080963081308	349.483051389202	231.339994292157	10	6	9
718	1	6	85.0042787145193	23.6080963081308	349.483051389202	274.048390356445	8	6	10
719	1	6	85.0042787145193	23.6080963081308	349.483051389202	268.575065786623	12	6	10
720	1	6	85.0042787145193	23.6080963081308	349.483051389202	284.281662828065	9	6	6
721	1	6	85.0042787145193	23.6080963081308	349.483051389202	225.00845720269	9	6	7
722	1	6	85.0042787145193	23.6080963081308	349.483051389202	264.224391040332	9	6	11
723	1	6	85.0042787145193	23.6080963081308	349.483051389202	273.133876752852	11	6	10
724	1	6	85.0042787145193	23.6080963081308	349.483051389202	296.560875737906	10	6	11
725	1	6	85.0042787145193	23.6080963081308	349.483051389202	288.644678082584	10	6	7
726	1	6	85.0042787145193	23.6080963081308	349.483051389202	271.232493346942	6	6	8
727	1	6	85.0042787145193	23.6080963081308	349.483051389202	278.065394129409	14	6	11
728	1	6	85.0042787145193	23.6080963081308	349.483051389202	309.536593718102	10	6	5
729	1	6	85.0042787145193	23.6080963081308	349.483051389202	283.244347089711	8	6	7
730	1	6	85.0042787145193	23.6080963081308	349.483051389202	262.932697894077	10	6	7
731	1	6	85.0042787145193	23.6080963081308	349.483051389202	238.888240137221	9	6	13
732	1	6	85.0042787145193	23.6080963081308	349.483051389202	309.03630862135	6	6	7
733	1	6	85.0042787145193	23.6080963081308	349.483051389202	286.342008394828	9	6	10
734	1	6	85.0042787145193	23.6080963081308	349.483051389202	235.202148249072	11	6	9
735	1	6	85.0042787145193	23.6080963081308	349.483051389202	271.452232480533	12	6	10
736	1	6	85.0042787145193	23.6080963081308	349.483051389202	280.397900670155	6	6	8
737	1	6	85.0042787145193	23.6080963081308	349.483051389202	229.911958709552	7	6	10
738	1	6	85.0042787145193	23.6080963081308	349.483051389202	269.10229995289	10	6	8
739	1	6	85.0042787145193	23.6080963081308	349.483051389202	317.126861518112	10	6	9
740	1	6	85.0042787145193	23.6080963081308	349.483051389202	275.292503861484	7	6	4
741	1	6	85.0042787145193	23.6080963081308	349.483051389202	297.928274425347	8	6	11
742	1	6	85.0042787145193	23.6080963081308	349.483051389202	296.404210441728	13	6	8
743	1	6	85.0042787145193	23.6080963081308	349.483051389202	287.766689911091	11	6	11
744	1	6	85.0042787145193	23.6080963081308	349.483051389202	269.556490621305	7	6	8
745	1	6	85.0042787145193	23.6080963081308	349.483051389202	277.586896336001	12	6	7
746	1	6	85.0042787145193	23.6080963081308	349.483051389202	267.520270672889	5	6	9
747	1	6	85.0042787145193	23.6080963081308	349.483051389202	258.985237023068	7	6	7
748	1	6	85.0042787145193	23.6080963081308	349.483051389202	321.192019790764	5	6	8
749	1	6	85.0042787145193	23.6080963081308	349.483051389202	278.040848852203	10	6	9
750	1	6	85.0042787145193	23.6080963081308	349.483051389202	274.840241716624	9	6	8
751	1	6	85.0042787145193	23.6080963081308	349.483051389202	279.523426233977	9	6	11
752	1	6	85.0042787145193	23.6080963081308	349.483051389202	305.542717764076	12	6	8
753	1	6	85.0042787145193	23.6080963081308	349.483051389202	215.972546128477	10	6	11
754	1	6	85.0042787145193	23.6080963081308	349.483051389202	264.272801359294	9	6	9
755	1	6	85.0042787145193	23.6080963081308	349.483051389202	288.204653477086	7	6	10
756	1	6	85.0042787145193	23.6080963081308	349.483051389202	261.742730985906	10	6	9
757	1	6	85.0042787145193	23.6080963081308	349.483051389202	280.380353180116	5	6	8
758	1	6	85.0042787145193	23.6080963081308	349.483051389202	285.435120496703	7	6	9
759	1	6	85.0042787145193	23.6080963081308	349.483051389202	237.074541573938	10	6	12
760	1	6	85.0042787145193	23.6080963081308	349.483051389202	284.915041228406	7	6	8
761	1	6	85.0042787145193	23.6080963081308	349.483051389202	294.794708265506	8	6	8
762	1	6	85.0042787145193	23.6080963081308	349.483051389202	276.805853756721	8	6	8
763	1	6	85.0042787145193	23.6080963081308	349.483051389202	283.202885524641	12	6	9
764	1	6	85.0042787145193	23.6080963081308	349.483051389202	271.614049884905	13	6	8
765	1	6	85.0042787145193	23.6080963081308	349.483051389202	268.345867495107	8	6	8
766	1	6	85.0042787145193	23.6080963081308	349.483051389202	254.882950549111	8	6	9
767	1	6	85.0042787145193	23.6080963081308	349.483051389202	255.525979382724	10	6	9
768	1	6	85.0042787145193	23.6080963081308	349.483051389202	266.550949543574	6	6	8
769	1	6	85.0042787145193	23.6080963081308	349.483051389202	257.180071304574	9	6	9
770	1	6	85.0042787145193	23.6080963081308	349.483051389202	258.905803479002	6	6	8
771	1	6	85.0042787145193	23.6080963081308	349.483051389202	270.016140280232	9	6	8
772	1	6	85.0042787145193	23.6080963081308	349.483051389202	256.527902817054	4	6	7
773	1	6	85.0042787145193	23.6080963081308	349.483051389202	238.573432947128	13	6	9
774	1	6	85.0042787145193	23.6080963081308	349.483051389202	282.331590101026	7	6	10
775	1	6	85.0042787145193	23.6080963081308	349.483051389202	253.428949609598	12	6	7
776	1	6	85.0042787145193	23.6080963081308	349.483051389202	270.374682050593	9	6	6
777	1	6	85.0042787145193	23.6080963081308	349.483051389202	304.248621589577	7	6	9
778	1	6	85.0042787145193	23.6080963081308	349.483051389202	251.590275065216	12	6	10
779	1	6	85.0042787145193	23.6080963081308	349.483051389202	318.641789168304	8	6	6
780	1	6	85.0042787145193	23.6080963081308	349.483051389202	292.422007107704	7	6	11
781	1	6	85.0042787145193	23.6080963081308	349.483051389202	312.762710700168	11	6	6
782	1	6	85.0042787145193	23.6080963081308	349.483051389202	280.719884091341	6	6	6
783	1	6	85.0042787145193	23.6080963081308	349.483051389202	285.608628344546	9	6	9
784	1	6	85.0042787145193	23.6080963081308	349.483051389202	269.123372407059	9	6	7
785	1	6	85.0042787145193	23.6080963081308	349.483051389202	307.431236658224	8	6	7
786	1	6	85.0042787145193	23.6080963081308	349.483051389202	268.087535360454	13	6	12
787	1	6	85.0042787145193	23.6080963081308	349.483051389202	257.966656706297	10	6	6
788	1	6	85.0042787145193	23.6080963081308	349.483051389202	288.77697044489	7	6	11
789	1	6	85.0042787145193	23.6080963081308	349.483051389202	274.224611033548	9	6	11
790	1	6	85.0042787145193	23.6080963081308	349.483051389202	246.320412749215	9	6	5
791	1	6	85.0042787145193	23.6080963081308	349.483051389202	290.610880452011	9	6	9
792	1	6	85.0042787145193	23.6080963081308	349.483051389202	272.130810132736	11	6	9
793	1	6	85.0042787145193	23.6080963081308	349.483051389202	277.939296888602	4	6	8
794	1	6	85.0042787145193	23.6080963081308	349.483051389202	259.614808202821	11	6	9
795	1	6	85.0042787145193	23.6080963081308	349.483051389202	260.136129266212	9	6	9
