"Iteration #"	"Inertia"	"Number of features"	"CV best"	"Permuted CV best"	"Global best fitness"	"Current best fitness"	"Number of features in current best agent"	"Number of features in global best"	"Number of features in local best"
1	1	20	78.066221767213	48.0694365594966	181.018599422189	181.018599422189	12	20	200
2	1	7	87.7337104400271	38.6448889772875	289.310962533711	289.310962533711	11	7	7
3	1	11	83.3800946148908	33.726160549864	289.959717632579	289.959717632579	9	7	7
4	1	11	83.3800946148908	33.726160549864	289.959717632579	235.159522595453	10	7	9
5	1	11	83.3800946148908	33.726160549864	289.959717632579	273.715170885595	14	7	10
6	1	11	83.3800946148908	33.726160549864	289.959717632579	246.550996752118	6	7	8
7	1	11	83.3800946148908	33.726160549864	289.959717632579	250.07466105205	9	7	7
8	1	9	84.1854411380425	32.7211476419204	299.414188049632	299.414188049632	9	7	7
9	1	9	84.1854411380425	32.7211476419204	299.414188049632	278.003750453018	10	7	7
10	1	9	84.1854411380425	32.7211476419204	299.414188049632	231.803988016454	10	7	7
11	1	9	84.1854411380425	32.7211476419204	299.414188049632	258.352495816978	10	7	7
12	1	9	84.1854411380425	32.7211476419204	299.414188049632	282.561972388649	12	7	8
13	1	6	82.8523798103436	30.6684684995002	302.345746459389	302.345746459389	7	6	6
14	1	6	82.8523798103436	30.6684684995002	302.345746459389	248.909303935004	9	6	7
15	1	6	82.8523798103436	30.6684684995002	302.345746459389	251.101932021112	6	6	6
16	1	6	82.8523798103436	30.6684684995002	302.345746459389	285.516154394493	13	6	8
17	1	6	82.8523798103436	30.6684684995002	302.345746459389	271.639554309815	12	6	9
18	1	8	85.53546152463	32.4288929353104	308.300573708913	308.300573708913	8	8	8
19	1	8	85.53546152463	32.4288929353104	308.300573708913	279.442287792705	8	8	9
20	1	8	85.53546152463	32.4288929353104	308.300573708913	302.461274313627	8	8	5
21	1	8	85.53546152463	32.4288929353104	308.300573708913	270.568128565293	11	8	7
22	1	8	85.53546152463	32.4288929353104	308.300573708913	267.580092218001	10	8	8
23	1	8	85.53546152463	32.4288929353104	308.300573708913	248.725753390401	10	8	7
24	1	8	85.53546152463	32.4288929353104	308.300573708913	226.314272397004	8	8	7
25	1	8	85.53546152463	32.4288929353104	308.300573708913	271.329783876611	10	8	7
26	1	8	85.53546152463	32.4288929353104	308.300573708913	288.435388582563	9	8	6
27	1	8	85.53546152463	32.4288929353104	308.300573708913	300.029548988424	9	8	8
28	1	8	85.53546152463	32.4288929353104	308.300573708913	265.975640867893	12	8	8
29	1	8	85.53546152463	32.4288929353104	308.300573708913	278.229743138605	8	8	13
30	1	8	85.53546152463	32.4288929353104	308.300573708913	275.699429596393	9	8	8
31	1	8	85.53546152463	32.4288929353104	308.300573708913	264.253558942727	8	8	7
32	1	8	85.53546152463	32.4288929353104	308.300573708913	282.291029610948	8	8	9
33	1	11	86.3379190790335	31.984805730409	314.93452628264	314.93452628264	5	9	9
34	1	10	88.7773159364181	34.0678068283387	317.936203508606	317.936203508606	11	7	7
35	1	10	88.7773159364181	34.0678068283387	317.936203508606	273.051485594504	12	7	9
36	1	10	88.7773159364181	34.0678068283387	317.936203508606	259.983664491774	7	7	7
37	1	10	88.7773159364181	34.0678068283387	317.936203508606	274.576855253165	12	7	9
38	1	10	88.7773159364181	34.0678068283387	317.936203508606	299.43923153771	6	7	9
39	1	10	88.7773159364181	34.0678068283387	317.936203508606	230.976778571339	11	7	10
40	1	9	87.7202271302106	32.1532578702038	321.694959865139	321.694959865139	9	7	7
41	1	9	87.7202271302106	32.1532578702038	321.694959865139	271.777843441836	8	7	8
42	1	9	87.7202271302106	32.1532578702038	321.694959865139	274.702301529585	10	7	8
43	1	8	86.6020709117688	29.1968054554618	330.327362737419	330.327362737419	12	8	8
44	1	8	86.6020709117688	29.1968054554618	330.327362737419	290.909981789523	5	8	9
45	1	8	86.6020709117688	29.1968054554618	330.327362737419	309.554255503564	8	8	9
46	1	8	86.6020709117688	29.1968054554618	330.327362737419	271.949393476893	9	8	9
47	1	8	86.6020709117688	29.1968054554618	330.327362737419	277.243867227762	11	8	7
48	1	8	86.6020709117688	29.1968054554618	330.327362737419	282.976826628545	10	8	9
49	1	8	86.6020709117688	29.1968054554618	330.327362737419	269.067452028336	10	8	9
50	1	8	86.6020709117688	29.1968054554618	330.327362737419	288.165311623278	9	8	10
51	1	8	86.6020709117688	29.1968054554618	330.327362737419	248.376034622165	8	8	9
52	1	8	86.6020709117688	29.1968054554618	330.327362737419	259.43402350317	9	8	10
53	1	8	86.6020709117688	29.1968054554618	330.327362737419	264.124718902601	9	8	9
54	1	8	86.6020709117688	29.1968054554618	330.327362737419	280.536707930035	8	8	9
55	1	8	86.6020709117688	29.1968054554618	330.327362737419	249.958955243238	11	8	11
56	1	8	86.6020709117688	29.1968054554618	330.327362737419	268.238311014225	8	8	11
57	1	8	86.6020709117688	29.1968054554618	330.327362737419	314.74105133375	11	8	9
58	1	8	86.6020709117688	29.1968054554618	330.327362737419	286.323684200887	8	8	12
59	1	8	86.6020709117688	29.1968054554618	330.327362737419	249.136094549548	7	8	10
60	1	8	86.6020709117688	29.1968054554618	330.327362737419	236.676403392949	7	8	9
61	1	8	86.6020709117688	29.1968054554618	330.327362737419	272.033245576022	6	8	10
62	1	8	86.6020709117688	29.1968054554618	330.327362737419	226.002798507037	13	8	13
63	1	8	86.6020709117688	29.1968054554618	330.327362737419	293.280954895997	9	8	8
64	1	8	86.6020709117688	29.1968054554618	330.327362737419	282.335001439911	7	8	11
65	1	8	86.6020709117688	29.1968054554618	330.327362737419	293.229119187044	13	8	8
66	1	8	86.6020709117688	29.1968054554618	330.327362737419	255.445074003247	11	8	10
67	1	8	86.6020709117688	29.1968054554618	330.327362737419	241.935220401192	12	8	9
68	1	8	86.6020709117688	29.1968054554618	330.327362737419	245.445025892776	11	8	15
69	1	8	86.6020709117688	29.1968054554618	330.327362737419	269.129895735884	7	8	9
70	1	8	86.6020709117688	29.1968054554618	330.327362737419	270.15793618648	7	8	10
71	1	8	86.6020709117688	29.1968054554618	330.327362737419	284.866865264626	10	8	6
72	1	8	86.6020709117688	29.1968054554618	330.327362737419	249.933249073847	8	8	7
73	1	8	86.6020709117688	29.1968054554618	330.327362737419	242.836816053815	6	8	15
74	1	8	86.6020709117688	29.1968054554618	330.327362737419	274.26445084614	6	8	10
75	1	8	86.6020709117688	29.1968054554618	330.327362737419	271.592332399011	6	8	9
76	1	8	86.6020709117688	29.1968054554618	330.327362737419	272.357541681448	12	8	10
77	1	8	86.6020709117688	29.1968054554618	330.327362737419	309.554255503564	12	8	9
78	1	8	86.6020709117688	29.1968054554618	330.327362737419	280.567432666188	11	8	7
79	1	8	86.6020709117688	29.1968054554618	330.327362737419	246.141024290109	7	8	7
80	1	8	86.6020709117688	29.1968054554618	330.327362737419	284.530447198443	11	8	8
81	1	8	86.6020709117688	29.1968054554618	330.327362737419	281.514685741726	4	8	8
82	1	8	86.6020709117688	29.1968054554618	330.327362737419	266.98006909019	11	8	8
83	1	8	86.6020709117688	29.1968054554618	330.327362737419	268.446153592178	8	8	9
84	1	8	86.6020709117688	29.1968054554618	330.327362737419	257.523236060483	10	8	8
85	1	8	86.6020709117688	29.1968054554618	330.327362737419	231.840899730381	9	8	8
86	1	8	86.6020709117688	29.1968054554618	330.327362737419	266.252472510497	11	8	10
87	1	8	86.6020709117688	29.1968054554618	330.327362737419	287.710305517203	11	8	7
88	1	8	86.6020709117688	29.1968054554618	330.327362737419	324.741810983042	10	8	9
89	1	8	86.6020709117688	29.1968054554618	330.327362737419	276.433220408904	8	8	10
90	1	8	86.6020709117688	29.1968054554618	330.327362737419	295.58292214116	11	8	9
91	1	8	86.6020709117688	29.1968054554618	330.327362737419	280.669517854507	9	8	7
92	1	8	86.6020709117688	29.1968054554618	330.327362737419	250.176116139824	8	8	7
93	1	8	86.6020709117688	29.1968054554618	330.327362737419	248.030915038738	11	8	10
94	1	8	86.6020709117688	29.1968054554618	330.327362737419	242.370048511876	7	8	8
95	1	8	86.6020709117688	29.1968054554618	330.327362737419	277.294444126742	11	8	7
96	1	8	86.6020709117688	29.1968054554618	330.327362737419	284.790599008016	10	8	9
97	1	8	86.6020709117688	29.1968054554618	330.327362737419	285.875882531761	13	8	8
98	1	8	86.6020709117688	29.1968054554618	330.327362737419	237.488118069536	11	8	9
99	1	8	86.6020709117688	29.1968054554618	330.327362737419	291.282743663699	6	8	11
100	1	8	86.6020709117688	29.1968054554618	330.327362737419	293.521313714619	11	8	7
101	1	8	86.6020709117688	29.1968054554618	330.327362737419	285.072275778776	6	8	8
102	1	8	86.6020709117688	29.1968054554618	330.327362737419	312.736174724404	9	8	7
103	1	8	86.6020709117688	29.1968054554618	330.327362737419	231.79836111433	10	8	7
104	1	8	86.6020709117688	29.1968054554618	330.327362737419	267.530676802443	12	8	7
105	1	8	86.6020709117688	29.1968054554618	330.327362737419	259.712960246288	10	8	9
106	1	8	86.6020709117688	29.1968054554618	330.327362737419	267.479789744886	11	8	7
107	1	8	86.6020709117688	29.1968054554618	330.327362737419	285.587858693548	11	8	7
108	1	8	86.6020709117688	29.1968054554618	330.327362737419	265.643459768902	10	8	7
109	1	8	86.6020709117688	29.1968054554618	330.327362737419	304.857387867403	11	8	8
110	1	8	86.6020709117688	29.1968054554618	330.327362737419	321.036003823993	10	8	8
111	1	8	86.6020709117688	29.1968054554618	330.327362737419	256.371202278929	8	8	8
112	1	8	86.6020709117688	29.1968054554618	330.327362737419	279.021329321837	9	8	7
113	1	8	86.6020709117688	29.1968054554618	330.327362737419	265.722912861891	7	8	7
114	1	8	86.6020709117688	29.1968054554618	330.327362737419	285.693506289973	12	8	10
115	1	8	86.6020709117688	29.1968054554618	330.327362737419	274.924805432263	12	8	7
116	1	8	86.6020709117688	29.1968054554618	330.327362737419	268.96743718886	10	8	8
117	1	8	86.6020709117688	29.1968054554618	330.327362737419	270.191010462907	9	8	10
118	1	8	86.6020709117688	29.1968054554618	330.327362737419	312.587346823918	12	8	10
119	1	8	86.6020709117688	29.1968054554618	330.327362737419	304.300216002305	13	8	9
120	1	8	86.6020709117688	29.1968054554618	330.327362737419	236.641154585417	10	8	9
121	1	8	86.6020709117688	29.1968054554618	330.327362737419	278.995643919387	10	8	8
122	1	8	86.6020709117688	29.1968054554618	330.327362737419	275.550439668063	6	8	10
123	1	8	86.6020709117688	29.1968054554618	330.327362737419	271.346924666834	7	8	8
124	1	8	86.6020709117688	29.1968054554618	330.327362737419	295.79827628829	12	8	5
125	1	8	86.6020709117688	29.1968054554618	330.327362737419	270.494827010612	9	8	8
126	1	8	86.6020709117688	29.1968054554618	330.327362737419	271.971167596196	10	8	8
127	1	8	86.6020709117688	29.1968054554618	330.327362737419	257.450873884623	8	8	5
128	1	8	86.6020709117688	29.1968054554618	330.327362737419	270.163541346222	11	8	10
129	1	8	86.6020709117688	29.1968054554618	330.327362737419	261.300728139333	11	8	9
130	1	8	86.6020709117688	29.1968054554618	330.327362737419	302.278145163453	10	8	9
131	1	8	86.6020709117688	29.1968054554618	330.327362737419	288.399329592656	11	8	9
132	1	8	86.6020709117688	29.1968054554618	330.327362737419	264.616346538878	15	8	13
133	1	8	86.6020709117688	29.1968054554618	330.327362737419	300.426430017801	8	8	7
134	1	8	86.6020709117688	29.1968054554618	330.327362737419	282.271654302098	11	8	10
135	1	8	86.6020709117688	29.1968054554618	330.327362737419	231.65544469696	11	8	13
136	1	8	86.6020709117688	29.1968054554618	330.327362737419	259.49391357828	11	8	11
137	1	8	86.6020709117688	29.1968054554618	330.327362737419	246.34894543297	10	8	9
138	1	8	86.6020709117688	29.1968054554618	330.327362737419	289.90122270929	14	8	7
139	1	8	86.6020709117688	29.1968054554618	330.327362737419	296.226992667416	7	8	10
140	1	8	86.6020709117688	29.1968054554618	330.327362737419	268.951638848236	8	8	7
141	1	8	86.6020709117688	29.1968054554618	330.327362737419	277.587477129394	8	8	7
142	1	8	86.6020709117688	29.1968054554618	330.327362737419	287.818096683595	10	8	6
143	1	8	86.6020709117688	29.1968054554618	330.327362737419	290.353251837161	8	8	10
144	1	8	86.6020709117688	29.1968054554618	330.327362737419	281.773697569465	7	8	9
145	1	8	86.6020709117688	29.1968054554618	330.327362737419	292.518010776685	9	8	8
146	1	8	86.6020709117688	29.1968054554618	330.327362737419	285.815478859181	9	8	8
147	1	8	86.6020709117688	29.1968054554618	330.327362737419	295.111023864846	13	8	7
148	1	8	86.6020709117688	29.1968054554618	330.327362737419	233.801259111276	8	8	8
149	1	8	86.6020709117688	29.1968054554618	330.327362737419	263.957949133763	10	8	11
150	1	8	86.6020709117688	29.1968054554618	330.327362737419	267.133394665261	9	8	8
151	1	8	86.6020709117688	29.1968054554618	330.327362737419	286.78800721809	10	8	8
152	1	8	86.6020709117688	29.1968054554618	330.327362737419	283.283053127937	9	8	10
153	1	8	86.6020709117688	29.1968054554618	330.327362737419	275.965925241355	7	8	8
154	1	8	86.6020709117688	29.1968054554618	330.327362737419	239.665878994862	10	8	11
155	1	8	86.6020709117688	29.1968054554618	330.327362737419	304.920200067443	9	8	7
156	1	8	86.6020709117688	29.1968054554618	330.327362737419	261.353287601826	10	8	7
157	1	8	86.6020709117688	29.1968054554618	330.327362737419	242.469673677301	13	8	9
158	1	8	86.6020709117688	29.1968054554618	330.327362737419	269.126441395173	14	8	9
159	1	8	86.6020709117688	29.1968054554618	330.327362737419	305.838564432448	10	8	9
160	1	8	86.6020709117688	29.1968054554618	330.327362737419	261.598801161982	7	8	7
161	1	8	86.6020709117688	29.1968054554618	330.327362737419	284.1874841238	11	8	10
162	1	8	86.6020709117688	29.1968054554618	330.327362737419	251.688971171195	9	8	9
163	1	8	86.6020709117688	29.1968054554618	330.327362737419	305.210446184601	9	8	8
164	1	8	86.6020709117688	29.1968054554618	330.327362737419	294.727990909035	8	8	6
165	1	8	86.6020709117688	29.1968054554618	330.327362737419	245.956703803635	6	8	11
166	1	8	86.6020709117688	29.1968054554618	330.327362737419	232.482534507966	8	8	11
167	1	8	86.6020709117688	29.1968054554618	330.327362737419	269.74366961498	6	8	10
168	1	8	86.6020709117688	29.1968054554618	330.327362737419	298.341678327137	7	8	9
169	1	8	86.6020709117688	29.1968054554618	330.327362737419	290.715735696715	10	8	9
170	1	8	86.6020709117688	29.1968054554618	330.327362737419	296.869737404228	11	8	9
171	1	8	86.6020709117688	29.1968054554618	330.327362737419	240.228988818621	8	8	9
172	1	8	86.6020709117688	29.1968054554618	330.327362737419	291.330924290035	11	8	9
173	1	8	86.6020709117688	29.1968054554618	330.327362737419	252.811080522774	10	8	6
174	1	8	86.6020709117688	29.1968054554618	330.327362737419	308.305759332965	13	8	10
175	1	8	86.6020709117688	29.1968054554618	330.327362737419	262.257072833837	9	8	7
176	1	8	86.6020709117688	29.1968054554618	330.327362737419	259.872530544877	9	8	9
177	1	8	86.6020709117688	29.1968054554618	330.327362737419	263.851630435982	12	8	11
178	1	8	86.6020709117688	29.1968054554618	330.327362737419	293.103066942412	8	8	11
179	1	8	86.6020709117688	29.1968054554618	330.327362737419	276.979142921729	10	8	7
180	1	8	86.6020709117688	29.1968054554618	330.327362737419	276.484244736819	13	8	11
181	1	8	86.6020709117688	29.1968054554618	330.327362737419	303.114338439001	8	8	9
182	1	8	86.6020709117688	29.1968054554618	330.327362737419	261.418582448745	9	8	8
183	1	8	86.6020709117688	29.1968054554618	330.327362737419	251.940268065214	11	8	8
184	1	8	86.6020709117688	29.1968054554618	330.327362737419	287.827580998919	8	8	9
185	1	8	86.6020709117688	29.1968054554618	330.327362737419	289.107350659131	9	8	10
186	1	8	86.6020709117688	29.1968054554618	330.327362737419	273.79451905686	8	8	9
187	1	8	86.6020709117688	29.1968054554618	330.327362737419	282.976826628545	11	8	9
188	1	8	86.6020709117688	29.1968054554618	330.327362737419	268.802301257249	7	8	8
189	1	8	86.6020709117688	29.1968054554618	330.327362737419	267.464245926008	13	8	9
190	1	8	86.6020709117688	29.1968054554618	330.327362737419	295.151505431525	7	8	10
191	1	8	86.6020709117688	29.1968054554618	330.327362737419	248.939467599174	8	8	9
192	1	8	86.6020709117688	29.1968054554618	330.327362737419	276.716611927462	12	8	9
193	1	8	86.6020709117688	29.1968054554618	330.327362737419	256.2611484598	12	8	8
194	1	8	86.6020709117688	29.1968054554618	330.327362737419	275.351978200699	8	8	10
195	1	8	86.6020709117688	29.1968054554618	330.327362737419	298.758628449982	6	8	7
196	1	8	86.6020709117688	29.1968054554618	330.327362737419	264.725638113619	11	8	13
197	1	8	86.6020709117688	29.1968054554618	330.327362737419	284.266429570596	7	8	8
198	1	8	86.6020709117688	29.1968054554618	330.327362737419	274.464451948382	10	8	7
199	1	8	86.6020709117688	29.1968054554618	330.327362737419	300.212447709837	9	8	6
200	1	8	86.6020709117688	29.1968054554618	330.327362737419	261.886645557965	4	8	10
201	1	8	86.6020709117688	29.1968054554618	330.327362737419	271.940389616547	11	8	7
202	1	8	86.6020709117688	29.1968054554618	330.327362737419	265.023088022673	9	8	10
203	1	8	86.6020709117688	29.1968054554618	330.327362737419	317.009867643021	9	8	11
204	1	8	86.6020709117688	29.1968054554618	330.327362737419	265.57535409579	8	8	7
205	1	8	86.6020709117688	29.1968054554618	330.327362737419	278.265241478154	11	8	11
206	1	8	86.6020709117688	29.1968054554618	330.327362737419	293.165094478277	10	8	11
207	1	8	86.6020709117688	29.1968054554618	330.327362737419	311.954643214055	12	8	12
208	1	8	86.6020709117688	29.1968054554618	330.327362737419	253.452564645266	8	8	9
209	1	8	86.6020709117688	29.1968054554618	330.327362737419	296.659761105532	9	8	7
210	1	8	86.6020709117688	29.1968054554618	330.327362737419	281.994878240464	12	8	7
211	1	8	86.6020709117688	29.1968054554618	330.327362737419	291.443930953721	10	8	7
212	1	8	86.6020709117688	29.1968054554618	330.327362737419	257.253296060561	8	8	6
213	1	8	86.6020709117688	29.1968054554618	330.327362737419	269.347599226483	9	8	6
214	1	8	86.6020709117688	29.1968054554618	330.327362737419	300.984617030575	7	8	10
215	1	8	86.6020709117688	29.1968054554618	330.327362737419	275.010576361696	8	8	7
216	1	8	86.6020709117688	29.1968054554618	330.327362737419	276.812167381886	8	8	9
217	1	8	86.6020709117688	29.1968054554618	330.327362737419	277.243867227762	10	8	7
218	1	8	86.6020709117688	29.1968054554618	330.327362737419	302.153482270352	11	8	7
219	1	8	86.6020709117688	29.1968054554618	330.327362737419	271.346924666834	11	8	7
220	1	8	86.6020709117688	29.1968054554618	330.327362737419	269.588291418953	15	8	8
221	1	8	86.6020709117688	29.1968054554618	330.327362737419	233.326917857328	12	8	9
222	1	8	86.6020709117688	29.1968054554618	330.327362737419	300.63244304454	10	8	10
223	1	8	86.6020709117688	29.1968054554618	330.327362737419	269.23509622765	8	8	6
224	1	8	86.6020709117688	29.1968054554618	330.327362737419	246.084118241444	13	8	10
225	1	8	86.6020709117688	29.1968054554618	330.327362737419	266.252472510497	11	8	10
226	1	8	86.6020709117688	29.1968054554618	330.327362737419	245.273790624948	10	8	6
227	1	8	86.6020709117688	29.1968054554618	330.327362737419	238.509080498615	7	8	9
228	1	8	86.6020709117688	29.1968054554618	330.327362737419	253.868502823137	10	8	10
229	1	8	86.6020709117688	29.1968054554618	330.327362737419	266.658427144347	8	8	9
230	1	8	86.6020709117688	29.1968054554618	330.327362737419	299.456698627094	13	8	8
231	1	8	86.6020709117688	29.1968054554618	330.327362737419	278.706046111283	9	8	10
232	1	8	86.6020709117688	29.1968054554618	330.327362737419	318.029667624732	10	8	6
233	1	8	86.6020709117688	29.1968054554618	330.327362737419	271.947187719296	7	8	12
234	1	8	86.6020709117688	29.1968054554618	330.327362737419	251.98723816861	11	8	10
235	1	8	86.6020709117688	29.1968054554618	330.327362737419	273.620674126476	11	8	10
236	1	8	86.6020709117688	29.1968054554618	330.327362737419	246.358747192421	9	8	6
237	1	8	86.6020709117688	29.1968054554618	330.327362737419	311.502286189243	9	8	6
238	1	8	86.6020709117688	29.1968054554618	330.327362737419	249.33764288986	11	8	12
239	1	8	86.6020709117688	29.1968054554618	330.327362737419	259.201102242158	11	8	8
240	1	8	86.6020709117688	29.1968054554618	330.327362737419	318.705727052349	10	8	9
241	1	8	86.6020709117688	29.1968054554618	330.327362737419	309.554255503564	11	8	9
242	1	8	86.6020709117688	29.1968054554618	330.327362737419	243.97165304453	10	8	10
243	1	8	86.6020709117688	29.1968054554618	330.327362737419	255.908369596118	9	8	8
244	1	8	86.6020709117688	29.1968054554618	330.327362737419	284.65855076223	10	8	7
245	1	8	86.6020709117688	29.1968054554618	330.327362737419	256.322603373897	6	8	10
246	1	8	86.6020709117688	29.1968054554618	330.327362737419	273.410398350802	8	8	5
247	1	8	86.6020709117688	29.1968054554618	330.327362737419	240.231737176739	11	8	9
248	1	8	86.6020709117688	29.1968054554618	330.327362737419	255.682810908932	8	8	7
249	1	8	86.6020709117688	29.1968054554618	330.327362737419	320.220581875194	11	8	8
250	1	8	86.6020709117688	29.1968054554618	330.327362737419	247.224042914447	10	8	9
251	1	8	86.6020709117688	29.1968054554618	330.327362737419	285.580570724456	9	8	8
252	1	8	86.6020709117688	29.1968054554618	330.327362737419	313.621948128682	9	8	9
253	1	8	86.6020709117688	29.1968054554618	330.327362737419	241.944397277642	10	8	9
254	1	8	86.6020709117688	29.1968054554618	330.327362737419	282.77560788447	12	8	8
255	1	8	86.6020709117688	29.1968054554618	330.327362737419	284.926776295174	9	8	11
256	1	8	86.6020709117688	29.1968054554618	330.327362737419	260.30948561466	13	8	8
257	1	8	86.6020709117688	29.1968054554618	330.327362737419	288.310290867251	10	8	12
258	1	8	86.6020709117688	29.1968054554618	330.327362737419	261.049643018156	6	8	8
259	1	8	86.6020709117688	29.1968054554618	330.327362737419	292.790723007048	11	8	6
260	1	8	86.6020709117688	29.1968054554618	330.327362737419	300.116181075252	9	8	9
261	1	8	86.6020709117688	29.1968054554618	330.327362737419	295.204488355355	7	8	9
262	1	8	86.6020709117688	29.1968054554618	330.327362737419	270.876618553813	11	8	6
263	1	8	86.6020709117688	29.1968054554618	330.327362737419	269.175035987944	4	8	8
264	1	8	86.6020709117688	29.1968054554618	330.327362737419	282.506876439911	10	8	11
265	1	8	86.6020709117688	29.1968054554618	330.327362737419	280.20021467841	9	8	10
266	1	8	86.6020709117688	29.1968054554618	330.327362737419	262.867962730187	12	8	7
267	1	8	86.6020709117688	29.1968054554618	330.327362737419	271.236177431551	10	8	12
268	1	8	86.6020709117688	29.1968054554618	330.327362737419	262.769524349606	8	8	10
269	1	8	86.6020709117688	29.1968054554618	330.327362737419	330.327362737419	9	8	8
270	1	8	86.6020709117688	29.1968054554618	330.327362737419	288.741543919772	10	8	10
271	1	8	86.6020709117688	29.1968054554618	330.327362737419	287.237750851496	8	8	10
272	1	8	86.6020709117688	29.1968054554618	330.327362737419	275.130366838518	13	8	11
273	1	8	86.6020709117688	29.1968054554618	330.327362737419	288.948857014057	10	8	8
274	1	8	86.6020709117688	29.1968054554618	330.327362737419	287.600083590023	12	8	6
275	1	8	86.6020709117688	29.1968054554618	330.327362737419	282.785871755433	8	8	11
276	1	8	86.6020709117688	29.1968054554618	330.327362737419	240.082747220547	7	8	11
277	1	8	86.6020709117688	29.1968054554618	330.327362737419	257.815468940478	10	8	7
278	1	8	86.6020709117688	29.1968054554618	330.327362737419	274.109129606723	10	8	12
279	1	8	86.6020709117688	29.1968054554618	330.327362737419	297.8441310767	8	8	10
280	1	8	86.6020709117688	29.1968054554618	330.327362737419	287.31957070364	10	8	8
281	1	8	86.6020709117688	29.1968054554618	330.327362737419	273.408404121901	11	8	11
282	1	8	86.6020709117688	29.1968054554618	330.327362737419	289.227206908729	9	8	11
283	1	8	86.6020709117688	29.1968054554618	330.327362737419	281.282378571538	8	8	9
284	1	8	86.6020709117688	29.1968054554618	330.327362737419	263.705792192732	11	8	10
285	1	8	86.6020709117688	29.1968054554618	330.327362737419	250.320172501677	10	8	10
286	1	8	86.6020709117688	29.1968054554618	330.327362737419	268.440796560679	7	8	11
287	1	8	86.6020709117688	29.1968054554618	330.327362737419	259.461412414501	8	8	7
288	1	8	86.6020709117688	29.1968054554618	330.327362737419	295.713692056654	10	8	10
289	1	8	86.6020709117688	29.1968054554618	330.327362737419	283.393114100001	8	8	9
290	1	8	86.6020709117688	29.1968054554618	330.327362737419	265.944315529358	11	8	9
291	1	8	86.6020709117688	29.1968054554618	330.327362737419	296.964921462775	11	8	7
292	1	8	86.6020709117688	29.1968054554618	330.327362737419	283.77438411266	12	8	9
293	1	8	86.6020709117688	29.1968054554618	330.327362737419	284.179849560029	7	8	7
294	1	8	86.6020709117688	29.1968054554618	330.327362737419	290.365026260078	8	8	8
295	1	8	86.6020709117688	29.1968054554618	330.327362737419	277.209431207942	4	8	10
296	1	8	86.6020709117688	29.1968054554618	330.327362737419	265.254469596354	11	8	9
297	1	8	86.6020709117688	29.1968054554618	330.327362737419	255.2614218569	10	8	9
298	1	8	86.6020709117688	29.1968054554618	330.327362737419	274.191200088037	10	8	7
299	1	8	86.6020709117688	29.1968054554618	330.327362737419	284.44947842309	9	8	9
300	1	8	86.6020709117688	29.1968054554618	330.327362737419	290.195689518117	9	8	9
301	1	8	86.6020709117688	29.1968054554618	330.327362737419	277.360789514252	10	8	9
302	1	8	86.6020709117688	29.1968054554618	330.327362737419	282.427966588159	13	8	8
303	1	8	86.6020709117688	29.1968054554618	330.327362737419	268.168428071917	12	8	9
304	1	8	86.6020709117688	29.1968054554618	330.327362737419	273.075639293878	14	8	9
305	1	8	86.6020709117688	29.1968054554618	330.327362737419	272.97619696331	7	8	5
306	1	8	86.6020709117688	29.1968054554618	330.327362737419	295.780187109072	7	8	11
307	1	8	86.6020709117688	29.1968054554618	330.327362737419	275.325616085112	10	8	9
308	1	8	86.6020709117688	29.1968054554618	330.327362737419	284.584442435073	8	8	10
309	1	8	86.6020709117688	29.1968054554618	330.327362737419	276.156718886473	9	8	10
310	1	8	86.6020709117688	29.1968054554618	330.327362737419	277.799211840677	13	8	12
311	1	8	86.6020709117688	29.1968054554618	330.327362737419	247.115298217516	8	8	9
312	1	8	86.6020709117688	29.1968054554618	330.327362737419	281.706682220779	11	8	10
313	1	8	86.6020709117688	29.1968054554618	330.327362737419	279.983023421289	6	8	7
314	1	8	86.6020709117688	29.1968054554618	330.327362737419	260.726796328677	12	8	7
315	1	8	86.6020709117688	29.1968054554618	330.327362737419	283.82897930218	10	8	10
316	1	8	86.6020709117688	29.1968054554618	330.327362737419	275.573307563574	10	8	10
317	1	8	86.6020709117688	29.1968054554618	330.327362737419	240.231850479461	13	8	13
318	1	8	86.6020709117688	29.1968054554618	330.327362737419	279.8614799799	10	8	10
319	1	8	86.6020709117688	29.1968054554618	330.327362737419	246.996178340194	11	8	14
320	1	8	86.6020709117688	29.1968054554618	330.327362737419	236.698286512351	8	8	7
321	1	8	86.6020709117688	29.1968054554618	330.327362737419	252.224675975839	10	8	9
322	1	8	86.6020709117688	29.1968054554618	330.327362737419	253.854713722715	11	8	8
323	1	8	86.6020709117688	29.1968054554618	330.327362737419	259.801245838615	10	8	8
324	1	8	86.6020709117688	29.1968054554618	330.327362737419	259.643811197212	9	8	8
325	1	8	86.6020709117688	29.1968054554618	330.327362737419	275.791761174495	10	8	8
326	1	8	86.6020709117688	29.1968054554618	330.327362737419	265.676000586652	13	8	12
327	1	8	86.6020709117688	29.1968054554618	330.327362737419	272.936340735329	10	8	8
328	1	8	86.6020709117688	29.1968054554618	330.327362737419	281.660581815573	8	8	9
329	1	8	86.6020709117688	29.1968054554618	330.327362737419	292.271865142777	12	8	10
330	1	8	86.6020709117688	29.1968054554618	330.327362737419	317.762417210526	7	8	11
331	1	8	86.6020709117688	29.1968054554618	330.327362737419	261.873828678804	7	8	7
332	1	8	86.6020709117688	29.1968054554618	330.327362737419	272.523173861665	12	8	11
333	1	8	86.6020709117688	29.1968054554618	330.327362737419	301.62371634604	8	8	8
334	1	8	86.6020709117688	29.1968054554618	330.327362737419	280.685894146828	8	8	11
335	1	8	86.6020709117688	29.1968054554618	330.327362737419	290.353251837161	12	8	10
336	1	8	86.6020709117688	29.1968054554618	330.327362737419	265.447274550728	8	8	8
337	1	8	86.6020709117688	29.1968054554618	330.327362737419	326.064178219558	9	8	11
338	1	8	86.6020709117688	29.1968054554618	330.327362737419	302.622694779358	10	8	11
339	1	8	86.6020709117688	29.1968054554618	330.327362737419	280.668202692052	10	8	11
340	1	8	86.6020709117688	29.1968054554618	330.327362737419	248.130781910867	8	8	9
341	1	8	86.6020709117688	29.1968054554618	330.327362737419	244.497866805318	10	8	12
342	1	8	86.6020709117688	29.1968054554618	330.327362737419	254.135445095182	9	8	10
343	1	8	86.6020709117688	29.1968054554618	330.327362737419	260.766578650398	11	8	12
344	1	8	86.6020709117688	29.1968054554618	330.327362737419	270.877175333191	13	8	13
345	1	8	86.6020709117688	29.1968054554618	330.327362737419	249.894409606062	12	8	13
346	1	8	86.6020709117688	29.1968054554618	330.327362737419	241.811632635011	9	8	12
347	1	8	86.6020709117688	29.1968054554618	330.327362737419	265.433474237753	10	8	7
348	1	8	86.6020709117688	29.1968054554618	330.327362737419	278.934022606481	9	8	9
349	1	8	86.6020709117688	29.1968054554618	330.327362737419	279.808365821449	7	8	10
350	1	8	86.6020709117688	29.1968054554618	330.327362737419	277.559709490762	13	8	10
351	1	8	86.6020709117688	29.1968054554618	330.327362737419	254.870278024693	7	8	10
352	1	8	86.6020709117688	29.1968054554618	330.327362737419	271.551749917047	8	8	11
353	1	8	86.6020709117688	29.1968054554618	330.327362737419	235.768539436913	11	8	9
354	1	8	86.6020709117688	29.1968054554618	330.327362737419	282.896305334313	7	8	8
355	1	8	86.6020709117688	29.1968054554618	330.327362737419	281.273761373626	10	8	9
356	1	8	86.6020709117688	29.1968054554618	330.327362737419	309.554255503564	6	8	9
357	1	8	86.6020709117688	29.1968054554618	330.327362737419	260.748551844954	7	8	9
358	1	8	86.6020709117688	29.1968054554618	330.327362737419	248.013350271349	9	8	9
359	1	8	86.6020709117688	29.1968054554618	330.327362737419	279.528411037744	10	8	11
360	1	8	86.6020709117688	29.1968054554618	330.327362737419	249.731797997543	8	8	10
361	1	8	86.6020709117688	29.1968054554618	330.327362737419	268.218695242144	9	8	7
362	1	8	86.6020709117688	29.1968054554618	330.327362737419	245.557257000393	9	8	9
363	1	8	86.6020709117688	29.1968054554618	330.327362737419	262.880307018484	12	8	9
364	1	8	86.6020709117688	29.1968054554618	330.327362737419	267.619253555951	13	8	8
365	1	8	86.6020709117688	29.1968054554618	330.327362737419	299.30235837611	9	8	10
366	1	8	86.6020709117688	29.1968054554618	330.327362737419	297.53613466726	10	8	6
367	1	8	86.6020709117688	29.1968054554618	330.327362737419	278.469116221828	7	8	8
368	1	8	86.6020709117688	29.1968054554618	330.327362737419	311.964440924407	13	8	9
369	1	8	86.6020709117688	29.1968054554618	330.327362737419	289.974081575557	11	8	10
370	1	8	86.6020709117688	29.1968054554618	330.327362737419	277.896631288891	11	8	8
371	1	8	86.6020709117688	29.1968054554618	330.327362737419	284.429438312156	11	8	10
372	1	8	86.6020709117688	29.1968054554618	330.327362737419	280.668202692052	3	8	10
373	1	8	86.6020709117688	29.1968054554618	330.327362737419	287.552512450545	11	8	10
374	1	8	86.6020709117688	29.1968054554618	330.327362737419	286.307803803972	9	8	8
375	1	8	86.6020709117688	29.1968054554618	330.327362737419	267.124877435698	9	8	7
376	1	8	86.6020709117688	29.1968054554618	330.327362737419	264.665981787192	13	8	9
377	1	8	86.6020709117688	29.1968054554618	330.327362737419	277.48294422536	9	8	8
378	1	8	86.6020709117688	29.1968054554618	330.327362737419	303.464081922747	9	8	7
379	1	8	86.6020709117688	29.1968054554618	330.327362737419	237.960878211834	9	8	8
380	1	8	86.6020709117688	29.1968054554618	330.327362737419	277.745770703911	9	8	7
381	1	8	86.6020709117688	29.1968054554618	330.327362737419	274.180714076925	8	8	7
382	1	8	86.6020709117688	29.1968054554618	330.327362737419	287.684544866657	9	8	9
383	1	8	86.6020709117688	29.1968054554618	330.327362737419	262.990116657074	12	8	9
