"Iteration #"	"Inertia"	"Number of features"	"CV best"	"Permuted CV best"	"Global best fitness"	"Current best fitness"	"Number of features in current best agent"	"Number of features in global best"	"Number of features in local best"
1	1	42	100	56.4552849654251	58.0107122889083	58.0107122889083	19	42	840
2	1	19	100	53.5131326042208	62.0148968128998	62.0148968128998	19	19	342
3	1	19	100	53.5131326042208	62.0148968128998	62.0148968128998	19	19	342
4	1	19	100	53.5131326042208	62.0148968128998	62.0148968128998	19	19	342
5	1	19	100	53.5131326042208	62.0148968128998	62.0148968128998	19	19	342
6	1	19	100	53.5131326042208	62.0148968128998	62.0148968128998	19	19	304
7	1	19	100	53.5131326042208	62.0148968128998	62.0148968128998	19	19	304
8	1	19	100	53.5131326042208	62.0148968128998	62.0148968128998	19	19	304
9	1	19	100	53.5131326042208	62.0148968128998	62.0148968128998	19	19	304
10	1	19	100	53.5131326042208	62.0148968128998	62.0148968128998	19	19	304
11	1	19	100	53.5131326042208	62.0148968128998	62.0148968128998	19	19	304
12	1	19	100	53.5131326042208	62.0148968128998	62.0148968128998	19	19	304
13	1	19	100	53.5131326042208	62.0148968128998	62.0148968128998	19	19	304
14	1	14	100	52.5331595495895	62.6169180513923	62.6169180513923	14	17	17
15	1	14	100	52.5331595495895	62.6169180513923	62.3684752477757	14	17	14
16	1	14	100	52.5331595495895	62.6169180513923	62.3684752477757	14	17	14
17	1	14	100	52.5331595495895	62.6169180513923	62.3684752477757	14	17	14
18	1	14	100	52.5331595495895	62.6169180513923	62.3684752477757	14	17	14
19	1	14	100	52.5331595495895	62.6169180513923	62.3684752477757	14	17	14
20	1	14	100	52.5331595495895	62.6169180513923	62.3684752477757	14	17	14
21	1	14	100	52.5331595495895	62.6169180513923	62.3684752477757	14	17	14
22	1	14	100	52.5331595495895	62.6169180513923	62.3684752477757	14	17	14
23	1	14	100	52.5331595495895	62.6169180513923	62.3684752477757	14	17	14
24	1	14	100	52.5331595495895	62.6169180513923	62.3684752477757	14	17	14
25	1	14	100	52.5331595495895	62.6169180513923	62.3684752477757	14	17	14
26	1	14	100	52.5331595495895	62.6169180513923	62.3684752477757	14	17	14
27	1	14	100	52.5331595495895	62.6169180513923	62.3684752477757	14	17	14
28	1	14	100	52.5331595495895	62.6169180513923	62.3684752477757	14	17	14
29	1	14	100	52.5331595495895	62.6169180513923	62.3684752477757	14	17	14
30	1	14	100	52.5331595495895	62.6169180513923	62.3684752477757	14	17	14
31	1	14	100	52.5331595495895	62.6169180513923	62.3684752477757	14	17	14
32	1	14	100	52.5331595495895	62.6169180513923	62.3684752477757	14	17	14
33	1	14	100	52.5331595495895	62.6169180513923	62.3684752477757	14	17	14
34	1	14	100	52.5331595495895	62.6169180513923	62.3684752477757	14	17	14
35	1	14	100	52.5331595495895	62.6169180513923	62.3684752477757	14	17	14
36	1	14	100	52.5331595495895	62.6169180513923	62.3684752477757	14	17	14
37	1	14	100	52.5331595495895	62.6169180513923	62.3684752477757	14	17	14
38	1	14	100	52.5331595495895	62.6169180513923	62.3684752477757	14	17	14
39	1	14	100	52.5331595495895	62.6169180513923	62.3684752477757	14	17	14
40	1	14	100	52.5331595495895	62.6169180513923	62.3684752477757	14	17	14
41	1	14	100	52.5331595495895	62.6169180513923	62.3684752477757	14	17	14
42	1	14	100	52.5331595495895	62.6169180513923	62.3684752477757	14	17	14
43	1	14	100	52.5331595495895	62.6169180513923	62.3684752477757	14	17	14
44	1	14	100	52.5331595495895	62.6169180513923	62.3684752477757	14	17	14
45	1	14	100	52.5331595495895	62.6169180513923	62.3684752477757	14	17	14
46	1	14	100	52.5331595495895	62.6169180513923	62.3684752477757	14	17	14
47	1	14	100	52.5331595495895	62.6169180513923	62.3684752477757	14	17	14
48	1	14	100	52.5331595495895	62.6169180513923	62.3684752477757	14	17	14
49	1	14	100	52.5331595495895	62.6169180513923	62.3684752477757	14	17	14
50	1	14	100	52.5331595495895	62.6169180513923	62.3684752477757	14	17	14
51	1	14	100	52.5331595495895	62.6169180513923	62.3684752477757	14	17	14
52	1	14	100	52.5331595495895	62.6169180513923	62.3684752477757	14	17	14
53	1	14	100	52.5331595495895	62.6169180513923	62.3684752477757	14	17	14
54	1	14	100	52.5331595495895	62.6169180513923	62.3684752477757	14	17	14
55	1	14	100	52.5331595495895	62.6169180513923	62.3684752477757	14	17	14
56	1	14	100	52.5331595495895	62.6169180513923	62.3684752477757	14	17	14
57	1	14	100	52.5331595495895	62.6169180513923	62.3684752477757	14	17	14
58	1	14	100	52.5331595495895	62.6169180513923	62.3684752477757	14	17	14
59	1	14	100	52.5331595495895	62.6169180513923	62.3684752477757	14	17	14
60	1	14	100	52.5331595495895	62.6169180513923	62.3684752477757	14	17	14
61	1	14	100	52.5331595495895	62.6169180513923	62.3684752477757	14	17	14
62	1	14	100	52.5331595495895	62.6169180513923	62.3684752477757	14	17	14
63	1	14	100	52.5331595495895	62.6169180513923	62.3684752477757	14	17	14
64	1	14	100	52.5331595495895	62.6169180513923	62.3684752477757	14	17	14
65	1	14	100	52.5331595495895	62.6169180513923	62.3684752477757	14	17	14
66	1	14	100	52.5331595495895	62.6169180513923	62.3684752477757	14	17	14
67	1	14	100	52.5331595495895	62.6169180513923	62.3684752477757	14	17	14
68	1	14	100	52.5331595495895	62.6169180513923	62.3684752477757	14	17	14
69	1	14	100	52.5331595495895	62.6169180513923	62.3684752477757	14	17	14
70	1	14	100	52.5331595495895	62.6169180513923	62.3684752477757	14	17	14
71	1	14	100	52.5331595495895	62.6169180513923	62.3684752477757	14	17	14
72	1	14	100	52.5331595495895	62.6169180513923	62.3684752477757	14	17	14
73	1	14	100	52.5331595495895	62.6169180513923	62.3684752477757	14	17	14
74	1	14	100	52.5331595495895	62.6169180513923	62.3684752477757	14	17	14
75	1	14	100	52.5331595495895	62.6169180513923	62.3684752477757	14	17	14
76	1	14	100	52.5331595495895	62.6169180513923	62.3684752477757	14	17	14
77	1	14	100	52.5331595495895	62.6169180513923	62.3684752477757	14	17	14
78	1	14	100	52.5331595495895	62.6169180513923	62.3684752477757	14	17	14
79	1	14	100	52.5331595495895	62.6169180513923	62.3684752477757	14	17	14
80	1	14	100	52.5331595495895	62.6169180513923	62.3684752477757	14	17	14
81	1	14	100	52.5331595495895	62.6169180513923	62.3684752477757	14	17	14
82	1	14	100	52.5331595495895	62.6169180513923	62.3684752477757	14	17	14
83	1	14	100	52.5331595495895	62.6169180513923	62.3684752477757	14	17	14
84	1	14	100	52.5331595495895	62.6169180513923	62.3684752477757	14	17	14
85	1	14	100	52.5331595495895	62.6169180513923	62.3684752477757	14	17	14
86	1	14	100	52.5331595495895	62.6169180513923	62.3684752477757	14	17	14
87	1	14	100	52.5331595495895	62.6169180513923	62.3684752477757	14	17	14
88	1	14	100	52.5331595495895	62.6169180513923	62.3684752477757	14	17	14
89	1	14	100	52.5331595495895	62.6169180513923	62.3684752477757	14	17	14
90	1	14	100	52.5331595495895	62.6169180513923	62.3684752477757	14	17	14
91	1	14	100	52.5331595495895	62.6169180513923	62.3684752477757	14	17	14
92	1	14	100	52.5331595495895	62.6169180513923	62.3684752477757	14	17	14
93	1	14	100	52.5331595495895	62.6169180513923	62.3684752477757	14	17	14
94	1	14	100	52.5331595495895	62.6169180513923	62.3684752477757	14	17	14
95	1	14	100	52.5331595495895	62.6169180513923	62.3684752477757	14	17	14
96	1	14	100	52.5331595495895	62.6169180513923	62.3684752477757	14	17	14
97	1	14	100	52.5331595495895	62.6169180513923	62.3684752477757	14	17	14
98	1	14	100	52.5331595495895	62.6169180513923	62.3684752477757	14	17	14
99	1	14	100	52.5331595495895	62.6169180513923	62.3684752477757	14	17	14
100	1	14	100	52.5331595495895	62.6169180513923	62.3684752477757	14	17	14
101	1	14	100	52.5331595495895	62.6169180513923	62.3684752477757	14	17	14
