"Iteration #"	"Inertia"	"Number of features"	"CV best"	"Permuted CV best"	"Global best fitness"	"Current best fitness"	"Number of features in current best agent"	"Number of features in global best"	"Number of features in local best"
1	0.98	44	71.1995749402412	-Inf	2176.02776285669	2176.02776285669	22	44	1320
2	0.96	44	81.3997006835619	-Inf	7914.89347225997	7914.89347225997	27	26	26
3	0.94	44	79.6485099915389	-Inf	7989.28156135682	7989.28156135682	24	26	26
4	0.92	44	85.0562780503468	-Inf	11557.9567119558	11557.9567119558	21	27	27
5	0.9	44	85.0562780503468	-Inf	11557.9567119558	10628.1333704507	20	27	23
6	0.88	44	85.0562780503468	-Inf	11557.9567119558	7681.88396735854	35	27	27
7	0.86	44	85.6166241641499	-Inf	13201.3414149406	13201.3414149406	29	23	23
8	0.84	44	85.6166241641499	-Inf	13201.3414149406	8415.6147953533	25	23	28
9	0.82	44	85.6166241641499	-Inf	13201.3414149406	11407.8684833965	19	23	27
10	0.8	44	85.6166241641499	-Inf	13201.3414149406	11830.0823808085	30	23	23
11	0.78	44	85.6166241641499	-Inf	13201.3414149406	13113.014735153	24	23	22
12	0.76	44	82.6938309099199	-Inf	16190.4447664499	16190.4447664499	18	20	20
13	0.74	44	82.6938309099199	-Inf	16190.4447664499	11903.2228733226	23	20	24
14	0.72	44	82.6938309099199	-Inf	16190.4447664499	11061.6768979033	31	20	25
15	0.7	44	82.6938309099199	-Inf	16190.4447664499	10641.4430215607	20	20	21
16	0.68	44	82.6938309099199	-Inf	16190.4447664499	8474.4243615358	16	20	18
17	0.66	44	82.6938309099199	-Inf	16190.4447664499	13063.0813952054	29	20	22
18	0.64	44	82.6938309099199	-Inf	16190.4447664499	-1e+21	25	20	28
19	0.62	44	82.6938309099199	-Inf	16190.4447664499	13643.3826737038	25	20	23
20	0.6	44	82.6938309099199	-Inf	16190.4447664499	10516.3505070075	29	20	20
21	0.58	44	82.6938309099199	-Inf	16190.4447664499	10010.4328273585	25	20	29
22	0.56	44	82.6938309099199	-Inf	16190.4447664499	10535.2411747476	22	20	18
23	0.54	44	82.6938309099199	-Inf	16190.4447664499	11527.2754865502	18	20	27
24	0.52	44	82.6938309099199	-Inf	16190.4447664499	-1e+21	29	20	19
25	0.5	44	82.6938309099199	-Inf	16190.4447664499	12034.1169463785	27	20	32
26	0.48	44	82.6938309099199	-Inf	16190.4447664499	11917.9490824936	17	20	18
27	0.46	44	82.6938309099199	-Inf	16190.4447664499	9127.77839788603	31	20	30
28	0.44	44	82.6938309099199	-Inf	16190.4447664499	13503.7746792854	28	20	22
29	0.42	44	82.6938309099199	-Inf	16190.4447664499	11274.7106186522	16	20	23
30	0.4	44	82.6938309099199	-Inf	16190.4447664499	-1e+21	26	20	25
31	0.38	44	82.6938309099199	-Inf	16190.4447664499	10536.540953921	20	20	24
32	0.36	44	82.6938309099199	-Inf	16190.4447664499	15286.2662002603	22	20	24
33	0.34	44	82.6938309099199	-Inf	16190.4447664499	10849.8568553566	20	20	25
34	0.32	44	82.6938309099199	-Inf	16190.4447664499	14624.552051087	30	20	16
35	0.3	44	82.6938309099199	-Inf	16190.4447664499	11897.8303146397	24	20	26
36	0.28	44	82.6938309099199	-Inf	16190.4447664499	-1e+21	25	20	24
37	0.26	44	82.6938309099199	-Inf	16190.4447664499	12700.5656747902	21	20	22
38	0.24	44	82.6938309099199	-Inf	16190.4447664499	10360.3911434927	22	20	19
39	0.22	44	82.6938309099199	-Inf	16190.4447664499	12051.5296438907	26	20	22
40	0.2	44	82.6938309099199	-Inf	16190.4447664499	10968.2249543012	24	20	21
41	0.18	44	82.6938309099199	-Inf	16190.4447664499	9852.8670388653	27	20	23
42	0.16	44	82.6938309099199	-Inf	16190.4447664499	-1e+21	24	20	21
43	0.14	44	82.6938309099199	-Inf	16190.4447664499	10177.3691243603	21	20	24
44	0.12	44	82.6938309099199	-Inf	16190.4447664499	7811.20807966234	25	20	14
45	0.1	44	82.6938309099199	-Inf	16190.4447664499	9337.34805396348	20	20	21
46	0.0800000000000001	44	82.6938309099199	-Inf	16190.4447664499	11445.7609602529	21	20	24
47	0.0600000000000001	44	82.6938309099199	-Inf	16190.4447664499	9863.28521511731	21	20	25
48	0.04	44	82.6938309099199	-Inf	16190.4447664499	-1e+21	24	20	14
49	0.02	44	82.6938309099199	-Inf	16190.4447664499	11962.5526545275	17	20	23
50	0	44	82.6938309099199	-Inf	16190.4447664499	16107.6678454923	22	20	18
51	-0.02	44	82.6938309099199	-Inf	16190.4447664499	11496.1482867383	25	20	21
52	-0.04	44	82.6938309099199	-Inf	16190.4447664499	11900.3002464011	18	20	20
53	-0.0600000000000001	44	82.6938309099199	-Inf	16190.4447664499	6787.12644622914	17	20	22
54	-0.08	44	82.6938309099199	-Inf	16190.4447664499	-1e+21	22	20	21
55	-0.1	44	82.6938309099199	-Inf	16190.4447664499	10428.8656000699	26	20	21
56	-0.12	44	82.6938309099199	-Inf	16190.4447664499	10444.1841051607	15	20	19
57	-0.14	44	82.6938309099199	-Inf	16190.4447664499	10124.0035330968	30	20	15
58	-0.16	44	82.6938309099199	-Inf	16190.4447664499	12599.9377631883	25	20	16
59	-0.18	44	82.6938309099199	-Inf	16190.4447664499	9199.64372266983	22	20	18
60	-0.2	44	82.6938309099199	-Inf	16190.4447664499	-1e+21	17	20	21
61	-0.22	44	82.6938309099199	-Inf	16190.4447664499	7524.05884196426	26	20	22
62	-0.24	44	82.6938309099199	-Inf	16190.4447664499	13407.9233945766	18	20	23
63	-0.26	44	82.6938309099199	-Inf	16190.4447664499	10155.3456785033	23	20	23
64	-0.28	44	82.6938309099199	-Inf	16190.4447664499	13041.7492041709	26	20	22
65	-0.3	44	82.6938309099199	-Inf	16190.4447664499	6546.17660722617	22	20	19
66	-0.32	44	82.6938309099199	-Inf	16190.4447664499	-1e+21	20	20	16
67	-0.34	44	82.6938309099199	-Inf	16190.4447664499	11405.9069901392	22	20	25
68	-0.36	44	82.6938309099199	-Inf	16190.4447664499	10181.7516918256	20	20	23
69	-0.38	44	82.6938309099199	-Inf	16190.4447664499	12348.5978282839	24	20	22
70	-0.4	44	82.6938309099199	-Inf	16190.4447664499	8126.42128790669	24	20	21
71	-0.42	44	82.6938309099199	-Inf	16190.4447664499	10927.0203700006	25	20	19
72	-0.44	44	82.6938309099199	-Inf	16190.4447664499	-1e+21	19	20	21
73	-0.46	44	82.6938309099199	-Inf	16190.4447664499	8666.05842627031	21	20	23
74	-0.48	44	82.6938309099199	-Inf	16190.4447664499	9457.13897853214	19	20	23
75	-0.5	44	82.6938309099199	-Inf	16190.4447664499	9059.17903307004	26	20	14
76	-0.52	44	82.6938309099199	-Inf	16190.4447664499	10017.9243805134	22	20	23
77	-0.54	44	82.6938309099199	-Inf	16190.4447664499	10050.8101763258	21	20	25
78	-0.56	44	82.6938309099199	-Inf	16190.4447664499	-1e+21	27	20	21
79	-0.58	44	82.6938309099199	-Inf	16190.4447664499	14528.5657822181	21	20	21
80	-0.6	44	82.6938309099199	-Inf	16190.4447664499	10244.0110830414	26	20	20
81	-0.62	44	82.6938309099199	-Inf	16190.4447664499	10254.4247276179	20	20	25
82	-0.64	44	82.6938309099199	-Inf	16190.4447664499	13358.1496710055	30	20	18
83	-0.66	44	82.6938309099199	-Inf	16190.4447664499	12241.4711884854	27	20	19
84	-0.68	44	82.6938309099199	-Inf	16190.4447664499	-1e+21	23	20	24
85	-0.7	44	82.6938309099199	-Inf	16190.4447664499	10311.5241070942	21	20	19
86	-0.72	44	82.6938309099199	-Inf	16190.4447664499	8619.20812351657	27	20	19
87	-0.74	44	82.6938309099199	-Inf	16190.4447664499	11257.3033974003	24	20	22
88	-0.76	44	82.6938309099199	-Inf	16190.4447664499	8455.40401934202	33	20	14
89	-0.78	44	82.6938309099199	-Inf	16190.4447664499	12276.9631735104	21	20	22
90	-0.8	44	82.6938309099199	-Inf	16190.4447664499	-1e+21	21	20	25
91	-0.82	44	82.6938309099199	-Inf	16190.4447664499	12554.0342543634	21	20	22
92	-0.84	44	82.6938309099199	-Inf	16190.4447664499	10263.3541158734	22	20	23
93	-0.86	44	82.6938309099199	-Inf	16190.4447664499	11800.9263459736	21	20	22
94	-0.88	44	82.6938309099199	-Inf	16190.4447664499	13851.1501699245	24	20	23
95	-0.9	44	82.6938309099199	-Inf	16190.4447664499	11199.2168327799	23	20	25
96	-0.92	44	82.6938309099199	-Inf	16190.4447664499	-1e+21	23	20	22
97	-0.94	44	82.6938309099199	-Inf	16190.4447664499	11800.9263459736	21	20	23
98	-0.96	44	82.6938309099199	-Inf	16190.4447664499	13522.1908617225	22	20	21
99	-0.98	44	82.6938309099199	-Inf	16190.4447664499	11800.9263459736	21	20	23
100	-1	44	82.6938309099199	-Inf	16190.4447664499	13415.2328831539	23	20	21
101	-1.02	44	82.6938309099199	-Inf	16190.4447664499	11800.9263459736	21	20	23
102	-0.02	44	82.6938309099199	-Inf	16190.4447664499	-1e+21	27	20	22
103	-0.03	44	82.6938309099199	-Inf	16190.4447664499	11446.2022066846	14	20	24
104	-0.04	44	82.6938309099199	-Inf	16190.4447664499	9641.33461207021	17	20	20
105	-0.05	44	82.6938309099199	-Inf	16190.4447664499	9685.39931219119	23	20	26
106	-0.0600000000000001	44	82.6938309099199	-Inf	16190.4447664499	9770.78496209324	14	20	22
107	-0.07	44	82.6938309099199	-Inf	16190.4447664499	14622.7256230713	29	20	18
108	-0.08	44	82.6938309099199	-Inf	16190.4447664499	-1e+21	20	20	19
109	-0.09	44	82.6938309099199	-Inf	16190.4447664499	11494.7892073427	22	20	20
110	-0.1	44	82.6938309099199	-Inf	16190.4447664499	11021.8323781204	22	20	17
111	-0.11	44	82.6938309099199	-Inf	16190.4447664499	12469.5429891591	20	20	19
112	-0.12	44	82.6938309099199	-Inf	16190.4447664499	11159.2316666755	19	20	22
113	-0.13	44	82.6938309099199	-Inf	16190.4447664499	7906.7558726644	21	20	19
114	-0.14	44	82.6938309099199	-Inf	16190.4447664499	-1e+21	22	20	22
115	-0.15	44	82.6938309099199	-Inf	16190.4447664499	8945.95049573962	26	20	15
116	-0.16	44	82.6938309099199	-Inf	16190.4447664499	10495.0503490414	16	20	21
117	-0.17	44	82.6938309099199	-Inf	16190.4447664499	10615.7180560282	26	20	23
118	-0.18	44	82.6938309099199	-Inf	16190.4447664499	9942.78715484178	27	20	15
119	-0.19	44	82.6938309099199	-Inf	16190.4447664499	11140.8318637828	28	20	16
120	-0.2	44	82.6938309099199	-Inf	16190.4447664499	-1e+21	22	20	24
121	-0.21	44	82.6938309099199	-Inf	16190.4447664499	8125.20247281571	20	20	22
122	-0.22	44	82.6938309099199	-Inf	16190.4447664499	12113.1997926841	21	20	25
123	-0.23	44	82.6938309099199	-Inf	16190.4447664499	11241.6048809688	18	20	29
124	-0.24	44	82.6938309099199	-Inf	16190.4447664499	12959.7222954526	21	20	20
125	-0.25	44	82.6938309099199	-Inf	16190.4447664499	9276.76206288054	23	20	19
126	-0.26	44	82.6938309099199	-Inf	16190.4447664499	-1e+21	29	20	15
127	-0.27	44	82.6938309099199	-Inf	16190.4447664499	12814.6889414313	30	20	15
128	-0.28	44	82.6938309099199	-Inf	16190.4447664499	8332.6955127345	21	20	18
129	-0.29	44	82.6938309099199	-Inf	16190.4447664499	8855.68944864839	26	20	15
130	-0.3	44	82.6938309099199	-Inf	16190.4447664499	10802.9246020475	20	20	19
131	-0.31	44	82.6938309099199	-Inf	16190.4447664499	10857.0320214905	25	20	27
132	-0.32	44	82.6938309099199	-Inf	16190.4447664499	-1e+21	23	20	15
133	-0.33	44	82.6938309099199	-Inf	16190.4447664499	14192.5736708128	23	20	20
134	-0.34	44	82.6938309099199	-Inf	16190.4447664499	13168.9712235845	28	20	20
135	-0.35	44	82.6938309099199	-Inf	16190.4447664499	12095.1235325241	20	20	18
136	-0.36	44	82.6938309099199	-Inf	16190.4447664499	12098.6848735391	21	20	25
137	-0.37	44	82.6938309099199	-Inf	16190.4447664499	10528.1999246255	26	20	17
138	-0.38	44	82.6938309099199	-Inf	16190.4447664499	-1e+21	22	20	22
139	-0.39	44	82.6938309099199	-Inf	16190.4447664499	10818.3299644522	14	20	33
140	-0.4	44	82.6938309099199	-Inf	16190.4447664499	11723.0266275453	27	20	18
141	-0.41	44	82.6938309099199	-Inf	16190.4447664499	14708.1989556137	22	20	17
142	-0.42	44	82.6938309099199	-Inf	16190.4447664499	8406.72103081197	19	20	16
143	-0.43	44	82.6938309099199	-Inf	16190.4447664499	11831.0989107716	19	20	17
144	-0.44	44	82.6938309099199	-Inf	16190.4447664499	-1e+21	28	20	20
145	-0.45	44	82.6938309099199	-Inf	16190.4447664499	11769.0672987651	28	20	17
146	-0.46	44	82.6938309099199	-Inf	16190.4447664499	10297.511781345	14	20	21
147	-0.47	44	82.6938309099199	-Inf	16190.4447664499	10037.6511019057	21	20	24
148	-0.48	44	82.6938309099199	-Inf	16190.4447664499	10712.6695301818	24	20	21
149	-0.49	44	82.6938309099199	-Inf	16190.4447664499	11323.944001045	20	20	21
150	-0.5	44	82.6938309099199	-Inf	16190.4447664499	-1e+21	26	20	19
151	-0.51	44	82.6938309099199	-Inf	16190.4447664499	13265.5776596413	24	20	22
152	-0.52	44	82.6938309099199	-Inf	16190.4447664499	14489.8593172454	32	20	14
153	-0.53	44	82.6938309099199	-Inf	16190.4447664499	10726.7016168202	19	20	26
154	-0.54	44	82.6938309099199	-Inf	16190.4447664499	11007.3441619953	21	20	19
155	-0.55	44	82.6938309099199	-Inf	16190.4447664499	9691.7514776873	27	20	11
156	-0.56	44	82.6938309099199	-Inf	16190.4447664499	-1e+21	29	20	14
157	-0.57	44	82.6938309099199	-Inf	16190.4447664499	10278.5253624908	20	20	29
158	-0.58	44	82.6938309099199	-Inf	16190.4447664499	12320.0161542263	25	20	20
159	-0.59	44	82.6938309099199	-Inf	16190.4447664499	8698.00012854147	27	20	20
160	-0.6	44	82.6938309099199	-Inf	16190.4447664499	12230.8218268136	21	20	28
161	-0.61	44	82.6938309099199	-Inf	16190.4447664499	8571.58028045819	22	20	22
162	-0.62	44	82.6938309099199	-Inf	16190.4447664499	-1e+21	27	20	21
163	-0.63	44	82.6938309099199	-Inf	16190.4447664499	9792.74231713212	25	20	22
164	-0.64	44	82.6938309099199	-Inf	16190.4447664499	9926.40771270526	24	20	25
165	-0.65	44	82.6938309099199	-Inf	16190.4447664499	11597.8298829743	19	20	19
166	-0.66	44	82.6938309099199	-Inf	16190.4447664499	9064.87451159236	23	20	20
167	-0.67	44	82.6938309099199	-Inf	16190.4447664499	11683.4784928155	24	20	19
168	-0.68	44	82.6938309099199	-Inf	16190.4447664499	-1e+21	19	20	25
169	-0.69	44	82.6938309099199	-Inf	16190.4447664499	12707.4697515631	21	20	20
170	-0.7	44	82.6938309099199	-Inf	16190.4447664499	8768.7946131882	26	20	19
171	-0.71	44	87.3176578218311	-Inf	16259.5942966119	16259.5942966119	25	19	19
172	-0.72	44	87.3176578218311	-Inf	16259.5942966119	12241.5070791871	27	19	14
173	-0.73	44	87.3176578218311	-Inf	16259.5942966119	12782.2012189596	24	19	20
174	-0.74	44	87.3176578218311	-Inf	16259.5942966119	10530.1783376757	19	19	18
175	-0.75	44	87.3176578218311	-Inf	16259.5942966119	9470.89764640922	19	19	27
176	-0.76	44	87.3176578218311	-Inf	16259.5942966119	12106.5967913072	23	19	21
177	-0.77	44	87.3176578218311	-Inf	16259.5942966119	-1e+21	15	19	22
178	-0.78	44	87.3176578218311	-Inf	16259.5942966119	7962.79999872066	16	19	28
179	-0.79	44	87.3176578218311	-Inf	16259.5942966119	9357.56584922248	23	19	21
180	-0.8	44	87.3176578218311	-Inf	16259.5942966119	8585.75614538767	17	19	26
181	-0.81	44	87.3176578218311	-Inf	16259.5942966119	13228.3494522182	20	19	26
182	-0.82	44	87.3176578218311	-Inf	16259.5942966119	8802.47965926403	22	19	21
183	-0.83	44	87.3176578218311	-Inf	16259.5942966119	-1e+21	20	19	26
184	-0.84	44	87.3176578218311	-Inf	16259.5942966119	9071.89854175258	21	19	23
185	-0.85	44	87.3176578218311	-Inf	16259.5942966119	11779.711411802	16	19	26
186	-0.86	44	87.3176578218311	-Inf	16259.5942966119	9732.93471256928	19	19	25
187	-0.87	44	87.3176578218311	-Inf	16259.5942966119	9727.49763952955	30	19	15
188	-0.88	44	87.3176578218311	-Inf	16259.5942966119	10377.7799469771	20	19	24
189	-0.89	44	87.3176578218311	-Inf	16259.5942966119	-1e+21	17	19	29
190	-0.9	44	87.3176578218311	-Inf	16259.5942966119	10382.2181575704	20	19	24
191	-0.91	44	87.3176578218311	-Inf	16259.5942966119	8698.16707820032	24	19	21
192	-0.92	44	87.3176578218311	-Inf	16259.5942966119	10382.2181575704	19	19	24
193	-0.93	44	87.3176578218311	-Inf	16259.5942966119	12099.9517256639	16	19	29
194	-0.94	44	87.3176578218311	-Inf	16259.5942966119	10382.2181575704	21	19	24
195	-0.95	44	87.3176578218311	-Inf	16259.5942966119	-1e+21	16	19	28
196	-0.96	44	87.3176578218311	-Inf	16259.5942966119	10382.2181575704	20	19	24
197	-0.97	44	87.3176578218311	-Inf	16259.5942966119	12121.1688758619	16	19	28
198	-0.98	44	87.3176578218311	-Inf	16259.5942966119	10382.2181575704	20	19	24
199	-0.99	44	87.3176578218311	-Inf	16259.5942966119	12121.1688758619	18	19	28
200	-1	44	87.3176578218311	-Inf	16259.5942966119	10254.8214639308	20	19	24
201	-1.01	44	87.3176578218311	-Inf	16259.5942966119	-1e+21	16	19	28
202	-0.01	44	87.3176578218311	-Inf	16259.5942966119	10382.2181575704	20	19	24
203	-0.015	44	87.3176578218311	-Inf	16259.5942966119	10352.9796369913	13	19	28
204	-0.02	44	87.3176578218311	-Inf	16259.5942966119	10483.5974348484	21	19	22
205	-0.025	44	87.3176578218311	-Inf	16259.5942966119	11768.4690483679	21	19	18
206	-0.03	44	87.3176578218311	-Inf	16259.5942966119	10357.784430769	26	19	26
207	-0.035	44	87.3176578218311	-Inf	16259.5942966119	-1e+21	21	19	23
208	-0.04	44	87.0615305752948	-Inf	16661.5385686567	16661.5385686567	23	18	18
209	-0.045	44	87.0615305752948	-Inf	16661.5385686567	10836.6046463473	21	18	23
210	-0.05	44	87.0615305752948	-Inf	16661.5385686567	11218.3140542454	16	18	15
211	-0.055	44	87.0615305752948	-Inf	16661.5385686567	9866.61428180804	23	18	23
212	-0.0600000000000001	44	87.0615305752948	-Inf	16661.5385686567	10762.9493246747	19	18	15
213	-0.0649999999999999	44	87.0615305752948	-Inf	16661.5385686567	13469.3989625233	15	18	16
214	-0.07	44	87.0615305752948	-Inf	16661.5385686567	-1e+21	21	18	15
215	-0.075	44	87.0615305752948	-Inf	16661.5385686567	11810.4657869116	18	18	22
216	-0.08	44	87.0615305752948	-Inf	16661.5385686567	11913.6761838253	20	18	22
217	-0.085	44	87.0615305752948	-Inf	16661.5385686567	9899.73849546981	14	18	18
218	-0.09	44	87.0615305752948	-Inf	16661.5385686567	11792.9770314047	22	18	21
219	-0.095	44	87.0615305752948	-Inf	16661.5385686567	10505.6501103478	22	18	25
220	-0.1	44	87.0615305752948	-Inf	16661.5385686567	-1e+21	21	18	14
221	-0.105	44	87.0615305752948	-Inf	16661.5385686567	11336.1893972884	24	18	23
222	-0.11	44	87.0615305752948	-Inf	16661.5385686567	9969.09631169824	27	18	19
223	-0.115	44	87.0615305752948	-Inf	16661.5385686567	12666.2816203106	24	18	21
224	-0.12	44	87.0615305752948	-Inf	16661.5385686567	13491.077066603	22	18	16
225	-0.125	44	87.0615305752948	-Inf	16661.5385686567	11211.6244680363	24	18	23
226	-0.13	44	87.0615305752948	-Inf	16661.5385686567	-1e+21	19	18	16
227	-0.135	44	87.0615305752948	-Inf	16661.5385686567	10472.9529620127	19	18	19
228	-0.14	44	87.0615305752948	-Inf	16661.5385686567	10114.6080369601	16	18	24
229	-0.145	44	84.5813451314572	-Inf	16914.4272435379	16914.4272435379	15	23	23
230	-0.15	44	84.5813451314572	-Inf	16914.4272435379	12990.3987784943	22	23	24
231	-0.155	44	84.5813451314572	-Inf	16914.4272435379	9556.90718989833	34	23	24
232	-0.16	44	84.5813451314572	-Inf	16914.4272435379	11041.840363143	24	23	23
233	-0.165	44	84.5813451314572	-Inf	16914.4272435379	9724.70546319498	28	23	27
234	-0.17	44	84.5813451314572	-Inf	16914.4272435379	12456.801462826	24	23	25
235	-0.175	44	84.5813451314572	-Inf	16914.4272435379	-1e+21	25	23	30
236	-0.18	44	84.5813451314572	-Inf	16914.4272435379	8307.29480397623	24	23	20
237	-0.185	44	84.5813451314572	-Inf	16914.4272435379	9722.16946769392	25	23	25
238	-0.19	44	84.5813451314572	-Inf	16914.4272435379	14199.8055046467	20	23	19
239	-0.195	44	84.5813451314572	-Inf	16914.4272435379	13009.3807553239	27	23	18
240	-0.2	44	84.5813451314572	-Inf	16914.4272435379	10044.8159177862	20	23	21
241	-0.205	44	84.5813451314572	-Inf	16914.4272435379	-1e+21	29	23	20
242	-0.21	44	84.5813451314572	-Inf	16914.4272435379	9698.39005223984	19	23	21
243	-0.215	44	84.5813451314572	-Inf	16914.4272435379	10639.2988738926	11	23	31
244	-0.22	44	84.5813451314572	-Inf	16914.4272435379	10482.6546791113	24	23	26
245	-0.225	44	84.5813451314572	-Inf	16914.4272435379	8547.33580234924	27	23	22
246	-0.23	44	84.5813451314572	-Inf	16914.4272435379	8593.66420992671	20	23	20
247	-0.235	44	84.5813451314572	-Inf	16914.4272435379	-1e+21	23	23	20
248	-0.24	44	84.5813451314572	-Inf	16914.4272435379	9813.16144789325	17	23	31
249	-0.245	44	84.5813451314572	-Inf	16914.4272435379	12104.185371281	30	23	16
250	-0.25	44	84.5813451314572	-Inf	16914.4272435379	10201.2559593328	24	23	21
251	-0.255	44	84.5813451314572	-Inf	16914.4272435379	8943.65813952312	23	23	21
252	-0.26	44	84.5813451314572	-Inf	16914.4272435379	9792.89118205428	22	23	20
253	-0.265	44	84.5813451314572	-Inf	16914.4272435379	-1e+21	14	23	28
254	-0.27	44	84.5813451314572	-Inf	16914.4272435379	8204.20355517872	20	23	29
255	-0.275	44	84.5813451314572	-Inf	16914.4272435379	11627.1107721218	22	23	19
256	-0.28	44	84.5813451314572	-Inf	16914.4272435379	14587.0297783812	18	23	21
257	-0.285	44	84.5813451314572	-Inf	16914.4272435379	11643.9739714743	27	23	18
258	-0.29	44	84.5813451314572	-Inf	16914.4272435379	13979.3657538497	24	23	24
259	-0.295	44	84.5813451314572	-Inf	16914.4272435379	-1e+21	23	23	22
260	-0.3	44	84.5813451314572	-Inf	16914.4272435379	10549.432685143	22	23	17
261	-0.305	44	84.5813451314572	-Inf	16914.4272435379	14424.2959829389	23	23	23
262	-0.31	44	84.5813451314572	-Inf	16914.4272435379	12825.0634331948	26	23	20
263	-0.315	44	84.5813451314572	-Inf	16914.4272435379	11558.2254163893	16	23	26
264	-0.32	44	84.5813451314572	-Inf	16914.4272435379	11444.958969391	24	23	18
265	-0.325	44	84.5813451314572	-Inf	16914.4272435379	-1e+21	19	23	18
266	-0.33	44	84.5813451314572	-Inf	16914.4272435379	11382.6009645397	22	23	21
267	-0.335	44	84.5813451314572	-Inf	16914.4272435379	8476.7787068886	26	23	26
268	-0.34	44	84.5813451314572	-Inf	16914.4272435379	11639.9668898434	26	23	20
269	-0.345	44	84.5813451314572	-Inf	16914.4272435379	11728.227790177	22	23	22
270	-0.35	44	84.5813451314572	-Inf	16914.4272435379	10878.8717332565	17	23	20
271	-0.355	44	84.5813451314572	-Inf	16914.4272435379	-1e+21	33	23	24
272	-0.36	44	84.5813451314572	-Inf	16914.4272435379	8889.02605663725	34	23	10
273	-0.365	44	84.5813451314572	-Inf	16914.4272435379	7901.98337261032	19	23	26
274	-0.37	44	84.5813451314572	-Inf	16914.4272435379	11200.9356827576	23	23	16
275	-0.375	44	84.5813451314572	-Inf	16914.4272435379	13170.5455007498	23	23	27
276	-0.38	44	84.5813451314572	-Inf	16914.4272435379	11429.3907713074	23	23	18
277	-0.385	44	84.5813451314572	-Inf	16914.4272435379	-1e+21	25	23	19
278	-0.39	44	84.5813451314572	-Inf	16914.4272435379	11598.5980852035	19	23	23
279	-0.395	44	84.5813451314572	-Inf	16914.4272435379	8860.40941231489	17	23	25
280	-0.4	44	84.5813451314572	-Inf	16914.4272435379	10362.1967163589	26	23	24
281	-0.405	44	84.5813451314572	-Inf	16914.4272435379	10297.0499201551	26	23	21
282	-0.41	44	84.5813451314572	-Inf	16914.4272435379	13559.1368360668	25	23	21
283	-0.415	44	84.5813451314572	-Inf	16914.4272435379	-1e+21	27	23	21
284	-0.42	44	84.5813451314572	-Inf	16914.4272435379	11388.7278946218	24	23	21
285	-0.425	44	84.5813451314572	-Inf	16914.4272435379	9409.37471364397	26	23	22
286	-0.43	44	84.5813451314572	-Inf	16914.4272435379	9637.83448026405	22	23	21
287	-0.435	44	84.5813451314572	-Inf	16914.4272435379	11740.6391136632	27	23	20
288	-0.44	44	84.5813451314572	-Inf	16914.4272435379	10940.6147777386	16	23	21
289	-0.445	44	84.5813451314572	-Inf	16914.4272435379	-1e+21	29	23	21
290	-0.45	44	84.5813451314572	-Inf	16914.4272435379	9918.9631681184	22	23	20
291	-0.455	44	84.5813451314572	-Inf	16914.4272435379	11762.7483134484	21	23	20
292	-0.46	44	84.5813451314572	-Inf	16914.4272435379	11363.0614391013	22	23	27
293	-0.465	44	84.5813451314572	-Inf	16914.4272435379	7766.25188655987	20	23	28
294	-0.47	44	84.5813451314572	-Inf	16914.4272435379	9966.51337639721	24	23	18
295	-0.475	44	84.5813451314572	-Inf	16914.4272435379	-1e+21	23	23	22
296	-0.48	44	84.5813451314572	-Inf	16914.4272435379	12866.8111356464	21	23	24
297	-0.485	44	84.5813451314572	-Inf	16914.4272435379	12081.0837768446	23	23	19
298	-0.49	44	84.5813451314572	-Inf	16914.4272435379	11654.3683353775	27	23	19
299	-0.495	44	84.5813451314572	-Inf	16914.4272435379	9550.8866218304	21	23	24
300	-0.5	44	84.5813451314572	-Inf	16914.4272435379	9140.23701269528	27	23	19
301	-0.505	44	84.5813451314572	-Inf	16914.4272435379	-1e+21	19	23	22
302	-0.51	44	84.5813451314572	-Inf	16914.4272435379	10065.1807768323	26	23	23
303	-0.515	44	84.5813451314572	-Inf	16914.4272435379	8001.07022501728	20	23	25
304	-0.52	44	84.5813451314572	-Inf	16914.4272435379	9658.38234010484	20	23	26
305	-0.525	44	84.5813451314572	-Inf	16914.4272435379	11269.6391677411	25	23	23
306	-0.53	44	84.5813451314572	-Inf	16914.4272435379	8093.22388477339	17	23	26
307	-0.535	44	84.5813451314572	-Inf	16914.4272435379	-1e+21	21	23	21
308	-0.54	44	84.5813451314572	-Inf	16914.4272435379	10507.2460690115	19	23	21
309	-0.545	44	84.5813451314572	-Inf	16914.4272435379	9724.71762059443	23	23	23
310	-0.55	44	84.5813451314572	-Inf	16914.4272435379	10349.7759072758	16	23	24
311	-0.555	44	84.5813451314572	-Inf	16914.4272435379	10105.8471265235	23	23	21
312	-0.56	44	84.5813451314572	-Inf	16914.4272435379	10367.0968126976	22	23	20
313	-0.565	44	84.5813451314572	-Inf	16914.4272435379	-1e+21	20	23	29
314	-0.57	44	84.5813451314572	-Inf	16914.4272435379	14387.0215405405	24	23	23
315	-0.575	44	84.5813451314572	-Inf	16914.4272435379	8728.1744297182	19	23	25
316	-0.58	44	84.5813451314572	-Inf	16914.4272435379	16031.0365989227	23	23	20
317	-0.585	44	84.5813451314572	-Inf	16914.4272435379	14324.5712715525	21	23	13
318	-0.59	44	84.5813451314572	-Inf	16914.4272435379	14655.1459967019	23	23	20
319	-0.595	44	84.5813451314572	-Inf	16914.4272435379	-1e+21	21	23	26
320	-0.6	44	84.5813451314572	-Inf	16914.4272435379	13057.5635051009	22	23	21
321	-0.605	44	84.5813451314572	-Inf	16914.4272435379	12160.9855016912	35	23	14
322	-0.61	44	84.5813451314572	-Inf	16914.4272435379	11326.506473525	25	23	24
323	-0.615	44	84.5813451314572	-Inf	16914.4272435379	9048.10049834753	22	23	22
324	-0.62	44	84.5813451314572	-Inf	16914.4272435379	11739.4840518984	29	23	18
325	-0.625	44	84.5813451314572	-Inf	16914.4272435379	-1e+21	22	23	18
326	-0.63	44	84.5813451314572	-Inf	16914.4272435379	10795.1378881074	20	23	30
327	-0.635	44	84.5813451314572	-Inf	16914.4272435379	10086.8820126515	24	23	21
328	-0.64	44	84.5813451314572	-Inf	16914.4272435379	11421.3601258686	31	23	18
329	-0.645	44	84.5813451314572	-Inf	16914.4272435379	10903.0586843043	22	23	20
330	-0.65	44	84.5813451314572	-Inf	16914.4272435379	12543.0155817016	15	23	24
331	-0.655	44	84.5813451314572	-Inf	16914.4272435379	-1e+21	30	23	14
332	-0.66	44	84.5813451314572	-Inf	16914.4272435379	10854.9441355502	26	23	19
333	-0.665	44	86.3285301008682	-Inf	17073.2955879683	17073.2955879683	28	22	22
334	-0.67	44	86.3285301008682	-Inf	17073.2955879683	10169.4522023104	25	22	19
335	-0.675	44	86.3285301008682	-Inf	17073.2955879683	10632.0132679172	28	22	15
336	-0.68	44	86.3285301008682	-Inf	17073.2955879683	11186.7809905979	24	22	19
337	-0.685	44	86.3285301008682	-Inf	17073.2955879683	10755.6834002426	22	22	20
338	-0.69	44	86.3285301008682	-Inf	17073.2955879683	13016.8839133284	24	22	19
339	-0.695	44	86.3285301008682	-Inf	17073.2955879683	-1e+21	24	22	20
340	-0.7	44	86.3285301008682	-Inf	17073.2955879683	7265.52497763854	31	22	15
341	-0.705	44	86.3285301008682	-Inf	17073.2955879683	9646.55664708936	27	22	12
342	-0.71	44	86.3285301008682	-Inf	17073.2955879683	9178.84881400553	30	22	14
343	-0.715	44	86.3285301008682	-Inf	17073.2955879683	11807.1286068372	22	22	20
344	-0.72	44	86.3285301008682	-Inf	17073.2955879683	10377.0616131591	26	22	16
345	-0.725	44	86.3285301008682	-Inf	17073.2955879683	-1e+21	24	22	19
346	-0.73	44	86.3285301008682	-Inf	17073.2955879683	11082.8879363059	27	22	13
347	-0.735	44	86.3285301008682	-Inf	17073.2955879683	11178.3020634794	25	22	19
348	-0.74	44	86.3285301008682	-Inf	17073.2955879683	11155.4132230057	23	22	18
349	-0.745	44	86.3285301008682	-Inf	17073.2955879683	8571.12424155111	23	22	23
350	-0.75	44	86.3285301008682	-Inf	17073.2955879683	10966.3265906248	28	22	17
351	-0.755	44	86.3285301008682	-Inf	17073.2955879683	-1e+21	23	22	22
352	-0.76	44	86.3285301008682	-Inf	17073.2955879683	9025.93368986934	31	22	14
353	-0.765	44	86.3285301008682	-Inf	17073.2955879683	9202.44417186802	24	22	25
354	-0.77	44	86.3285301008682	-Inf	17073.2955879683	10842.9866451036	28	22	15
355	-0.775	44	86.3285301008682	-Inf	17073.2955879683	10128.4596985744	23	22	22
356	-0.78	44	86.3285301008682	-Inf	17073.2955879683	12864.9353142183	34	22	9
357	-0.785	44	86.3285301008682	-Inf	17073.2955879683	-1e+21	22	22	21
358	-0.79	44	86.3285301008682	-Inf	17073.2955879683	10376.1731882249	27	22	16
359	-0.795	44	86.3285301008682	-Inf	17073.2955879683	11689.5312708313	19	22	22
360	-0.8	44	86.3285301008682	-Inf	17073.2955879683	10299.9692642926	29	22	16
361	-0.805	44	86.3285301008682	-Inf	17073.2955879683	11571.7090061551	23	22	22
362	-0.81	44	86.3285301008682	-Inf	17073.2955879683	13917.8311610659	34	22	11
363	-0.815	44	86.3285301008682	-Inf	17073.2955879683	-1e+21	21	22	21
364	-0.82	44	86.3285301008682	-Inf	17073.2955879683	12864.9353142183	35	22	9
365	-0.825	44	86.3285301008682	-Inf	17073.2955879683	11839.4396263904	26	22	20
366	-0.83	44	86.3285301008682	-Inf	17073.2955879683	11309.4316674377	34	22	9
367	-0.835	44	86.3285301008682	-Inf	17073.2955879683	13604.2725158059	24	22	18
368	-0.84	44	86.3285301008682	-Inf	17073.2955879683	12864.9353142183	35	22	9
369	-0.845	44	86.3285301008682	-Inf	17073.2955879683	-1e+21	25	22	18
370	-0.85	44	86.3285301008682	-Inf	17073.2955879683	14622.0513178537	27	22	18
371	-0.855	44	86.3285301008682	-Inf	17073.2955879683	10612.3661991415	24	22	21
372	-0.86	44	86.3285301008682	-Inf	17073.2955879683	12864.9353142183	34	22	9
373	-0.865	44	86.3285301008682	-Inf	17073.2955879683	10612.3661991415	26	22	21
374	-0.87	44	86.3285301008682	-Inf	17073.2955879683	12820.0843338552	26	22	18
375	-0.875	44	86.3285301008682	-Inf	17073.2955879683	-1e+21	24	22	21
376	-0.88	44	86.3285301008682	-Inf	17073.2955879683	9990.50812642147	34	22	10
377	-0.885	44	86.3285301008682	-Inf	17073.2955879683	11282.7051189285	26	22	22
378	-0.89	44	86.3285301008682	-Inf	17073.2955879683	12820.0843338552	25	22	18
379	-0.895	44	86.3285301008682	-Inf	17073.2955879683	11282.7051189285	22	22	22
380	-0.9	44	86.3285301008682	-Inf	17073.2955879683	11954.8510323935	33	22	11
381	-0.905	44	86.3285301008682	-Inf	17073.2955879683	-1e+21	22	22	22
382	-0.91	44	86.3285301008682	-Inf	17073.2955879683	10507.583696215	29	22	16
383	-0.915	44	86.3285301008682	-Inf	17073.2955879683	11693.9279883638	22	22	21
384	-0.92	44	86.3285301008682	-Inf	17073.2955879683	11954.8510323935	33	22	11
385	-0.925	44	86.3285301008682	-Inf	17073.2955879683	10756.6429000561	22	22	21
386	-0.93	44	86.3285301008682	-Inf	17073.2955879683	12355.6916730829	24	22	20
387	-0.935	44	86.3285301008682	-Inf	17073.2955879683	-1e+21	22	22	21
388	-0.94	44	86.3285301008682	-Inf	17073.2955879683	11954.8510323935	33	22	11
389	-0.945	44	86.3285301008682	-Inf	17073.2955879683	11282.7051189285	22	22	22
390	-0.95	44	86.3285301008682	-Inf	17073.2955879683	11954.8510323935	33	22	11
391	-0.955	44	86.3285301008682	-Inf	17073.2955879683	10720.1541659506	24	22	20
392	-0.96	44	86.3285301008682	-Inf	17073.2955879683	9629.87797080234	29	22	15
393	-0.965	44	86.3285301008682	-Inf	17073.2955879683	-1e+21	22	22	22
394	-0.97	44	86.3285301008682	-Inf	17073.2955879683	11954.8510323935	33	22	11
395	-0.975	44	86.3285301008682	-Inf	17073.2955879683	11282.7051189285	22	22	22
396	-0.98	44	86.3285301008682	-Inf	17073.2955879683	11954.8510323935	33	22	11
397	-0.985	44	86.3285301008682	-Inf	17073.2955879683	11282.7051189285	22	22	22
398	-0.99	44	86.3285301008682	-Inf	17073.2955879683	11954.8510323935	33	22	11
399	-0.995	44	86.3285301008682	-Inf	17073.2955879683	-1e+21	22	22	22
400	-1	44	86.3285301008682	-Inf	17073.2955879683	11954.8510323935	33	22	11
401	-1.005	44	86.3285301008682	-Inf	17073.2955879683	11282.7051189285	22	22	22
402	-0.005	44	86.3285301008682	-Inf	17073.2955879683	11954.8510323935	20	22	11
403	-0.00749999999999995	44	86.3285301008682	-Inf	17073.2955879683	8759.4830054662	17	22	25
404	-0.01	44	86.3285301008682	-Inf	17073.2955879683	12097.3603498779	25	22	25
405	-0.0125	44	86.3285301008682	-Inf	17073.2955879683	-1e+21	19	22	25
406	-0.015	44	86.3285301008682	-Inf	17073.2955879683	8558.19524528742	22	22	23
407	-0.0175	44	86.3285301008682	-Inf	17073.2955879683	10035.9501924321	28	22	26
408	-0.02	44	86.3285301008682	-Inf	17073.2955879683	8857.7431364665	22	22	21
409	-0.0225	44	86.3285301008682	-Inf	17073.2955879683	9763.11972739278	25	22	16
410	-0.025	44	86.3285301008682	-Inf	17073.2955879683	9125.17426239198	23	22	23
411	-0.0275	44	86.3285301008682	-Inf	17073.2955879683	-1e+21	21	22	19
412	-0.03	44	86.3285301008682	-Inf	17073.2955879683	10660.1481792419	24	22	28
413	-0.0325	44	86.3285301008682	-Inf	17073.2955879683	9512.31654762651	24	22	20
414	-0.035	44	86.3285301008682	-Inf	17073.2955879683	14334.1001659916	25	22	20
415	-0.0375	44	86.3285301008682	-Inf	17073.2955879683	11703.742910229	23	22	21
416	-0.04	44	86.3285301008682	-Inf	17073.2955879683	6895.37932409281	28	22	20
417	-0.0425	44	86.3285301008682	-Inf	17073.2955879683	-1e+21	21	22	27
418	-0.045	44	86.3285301008682	-Inf	17073.2955879683	10070.9263974933	24	22	27
419	-0.0475	44	86.3285301008682	-Inf	17073.2955879683	9854.16920124398	22	22	15
420	-0.05	44	86.3285301008682	-Inf	17073.2955879683	11875.9567293809	19	22	25
421	-0.0525	44	86.3285301008682	-Inf	17073.2955879683	9993.44876255556	23	22	23
422	-0.055	44	86.3285301008682	-Inf	17073.2955879683	13350.4486844074	25	22	15
423	-0.0575	44	86.3285301008682	-Inf	17073.2955879683	-1e+21	22	22	29
424	-0.0600000000000001	44	86.3285301008682	-Inf	17073.2955879683	8971.89774555363	26	22	24
425	-0.0625	44	86.3285301008682	-Inf	17073.2955879683	9545.05157857697	28	22	25
426	-0.0649999999999999	44	86.3285301008682	-Inf	17073.2955879683	15398.4292341866	22	22	18
427	-0.0675	44	86.3285301008682	-Inf	17073.2955879683	12365.1965471511	21	22	16
428	-0.07	44	86.3285301008682	-Inf	17073.2955879683	13269.7509641525	27	22	21
429	-0.0725	44	86.3285301008682	-Inf	17073.2955879683	-1e+21	21	22	21
430	-0.075	44	86.3285301008682	-Inf	17073.2955879683	11311.8371692954	19	22	23
431	-0.0775	44	86.3285301008682	-Inf	17073.2955879683	11913.3481422728	22	22	21
432	-0.08	44	86.3285301008682	-Inf	17073.2955879683	10325.0495342666	31	22	17
433	-0.0825	44	86.3285301008682	-Inf	17073.2955879683	14050.6215322206	24	22	18
434	-0.085	44	86.3285301008682	-Inf	17073.2955879683	12056.1063547512	15	22	20
435	-0.0875	44	86.3285301008682	-Inf	17073.2955879683	-1e+21	30	22	26
436	-0.09	44	86.3285301008682	-Inf	17073.2955879683	11225.1343259453	19	22	25
437	-0.0925	44	86.3285301008682	-Inf	17073.2955879683	10213.2548567798	21	22	22
438	-0.095	44	86.3285301008682	-Inf	17073.2955879683	11363.2269629275	23	22	23
439	-0.0975	44	86.3285301008682	-Inf	17073.2955879683	9324.57156923504	20	22	23
440	-0.1	44	86.3285301008682	-Inf	17073.2955879683	9043.73841698682	19	22	25
441	-0.1025	44	86.3285301008682	-Inf	17073.2955879683	-1e+21	24	22	23
442	-0.105	44	86.3285301008682	-Inf	17073.2955879683	11311.8951854151	19	22	25
443	-0.1075	44	85.7508752858967	-Inf	18193.5124438218	18193.5124438218	20	20	20
444	-0.11	44	85.7508752858967	-Inf	18193.5124438218	11139.9813780301	20	20	24
445	-0.1125	44	85.7508752858967	-Inf	18193.5124438218	8736.19494412519	23	20	26
446	-0.115	44	85.7508752858967	-Inf	18193.5124438218	11804.1976337193	30	20	19
447	-0.1175	44	85.7508752858967	-Inf	18193.5124438218	9010.31446858379	22	20	18
448	-0.12	44	85.7508752858967	-Inf	18193.5124438218	14669.1689270475	22	20	18
449	-0.1225	44	85.7508752858967	-Inf	18193.5124438218	-1e+21	17	20	16
450	-0.125	44	85.7508752858967	-Inf	18193.5124438218	10055.6265158561	29	20	21
451	-0.1275	44	85.7508752858967	-Inf	18193.5124438218	10515.3673648871	17	20	17
452	-0.13	44	85.7508752858967	-Inf	18193.5124438218	9152.13776534838	19	20	18
453	-0.1325	44	85.7508752858967	-Inf	18193.5124438218	8728.37133869205	20	20	25
454	-0.135	44	85.7508752858967	-Inf	18193.5124438218	13403.4019708525	23	20	23
455	-0.1375	44	85.7508752858967	-Inf	18193.5124438218	-1e+21	27	20	23
456	-0.14	44	85.7508752858967	-Inf	18193.5124438218	12433.4162977589	20	20	23
457	-0.1425	44	85.7508752858967	-Inf	18193.5124438218	13362.5286788565	27	20	21
458	-0.145	44	85.7508752858967	-Inf	18193.5124438218	8355.56560630303	23	20	21
459	-0.1475	44	85.7508752858967	-Inf	18193.5124438218	10764.1092218979	21	20	21
460	-0.15	44	85.7508752858967	-Inf	18193.5124438218	13472.1416704452	18	20	20
461	-0.1525	44	85.7508752858967	-Inf	18193.5124438218	-1e+21	29	20	24
462	-0.155	44	85.7508752858967	-Inf	18193.5124438218	9871.5579414142	31	20	22
463	-0.1575	44	85.7508752858967	-Inf	18193.5124438218	11380.1746585766	17	20	25
464	-0.16	44	85.7508752858967	-Inf	18193.5124438218	9161.50923580687	26	20	22
465	-0.1625	44	85.7508752858967	-Inf	18193.5124438218	10248.766501443	21	20	17
466	-0.165	44	85.7508752858967	-Inf	18193.5124438218	11137.9626038408	20	20	21
467	-0.1675	44	85.7508752858967	-Inf	18193.5124438218	-1e+21	27	20	22
468	-0.17	44	85.7508752858967	-Inf	18193.5124438218	10596.8201095851	27	20	25
469	-0.1725	44	85.7508752858967	-Inf	18193.5124438218	13080.5457243988	17	20	19
470	-0.175	44	85.7508752858967	-Inf	18193.5124438218	10944.4488948416	22	20	23
471	-0.1775	44	85.7508752858967	-Inf	18193.5124438218	12620.0019977022	24	20	20
472	-0.18	44	85.7508752858967	-Inf	18193.5124438218	12831.0805216414	26	20	20
473	-0.1825	44	85.7508752858967	-Inf	18193.5124438218	-1e+21	27	20	18
474	-0.185	44	85.7508752858967	-Inf	18193.5124438218	10616.4355651451	21	20	20
475	-0.1875	44	85.7508752858967	-Inf	18193.5124438218	11026.3018807058	33	20	20
476	-0.19	44	85.7508752858967	-Inf	18193.5124438218	11596.1368012029	22	20	25
477	-0.1925	44	85.7508752858967	-Inf	18193.5124438218	9342.34848840562	29	20	23
478	-0.195	44	85.7508752858967	-Inf	18193.5124438218	11072.7766132474	19	20	24
479	-0.1975	44	85.7508752858967	-Inf	18193.5124438218	-1e+21	22	20	22
480	-0.2	44	85.7508752858967	-Inf	18193.5124438218	8212.79999412147	30	20	19
481	-0.2025	44	85.7508752858967	-Inf	18193.5124438218	12414.8701119987	16	20	19
482	-0.205	44	85.7508752858967	-Inf	18193.5124438218	12909.4119488185	19	20	24
483	-0.2075	44	85.7508752858967	-Inf	18193.5124438218	14400.6783736802	27	20	21
484	-0.21	44	85.7508752858967	-Inf	18193.5124438218	12221.4138098441	27	20	17
485	-0.2125	44	85.7508752858967	-Inf	18193.5124438218	-1e+21	26	20	20
486	-0.215	44	85.7508752858967	-Inf	18193.5124438218	9642.0063854084	26	20	18
487	-0.2175	44	85.7508752858967	-Inf	18193.5124438218	13076.9507539871	22	20	22
488	-0.22	44	85.7508752858967	-Inf	18193.5124438218	10828.029037211	29	20	16
489	-0.2225	44	85.7508752858967	-Inf	18193.5124438218	14248.541062848	28	20	21
490	-0.225	44	85.7508752858967	-Inf	18193.5124438218	11989.8799277597	26	20	24
491	-0.2275	44	85.7508752858967	-Inf	18193.5124438218	-1e+21	20	20	24
492	-0.23	44	85.7508752858967	-Inf	18193.5124438218	9745.3123638248	25	20	21
493	-0.2325	44	85.7508752858967	-Inf	18193.5124438218	8360.08399240888	12	20	25
494	-0.235	44	85.7508752858967	-Inf	18193.5124438218	11150.2329867348	27	20	12
495	-0.2375	44	85.7508752858967	-Inf	18193.5124438218	7970.61113842159	26	20	31
496	-0.24	44	85.7508752858967	-Inf	18193.5124438218	10870.1236665641	26	20	21
497	-0.2425	44	85.7508752858967	-Inf	18193.5124438218	-1e+21	15	20	20
498	-0.245	44	85.7508752858967	-Inf	18193.5124438218	11783.7176254745	19	20	16
499	-0.2475	44	85.7508752858967	-Inf	18193.5124438218	11163.2420046571	22	20	16
500	-0.25	44	85.7508752858967	-Inf	18193.5124438218	8532.18513088318	28	20	27
501	-0.2525	44	85.7508752858967	-Inf	18193.5124438218	11931.229981301	35	20	16
502	-0.255	44	85.7508752858967	-Inf	18193.5124438218	10061.0763175862	19	20	30
503	-0.2575	44	85.7508752858967	-Inf	18193.5124438218	-1e+21	20	20	24
504	-0.26	44	85.7508752858967	-Inf	18193.5124438218	11469.8861689007	23	20	21
505	-0.2625	44	85.7508752858967	-Inf	18193.5124438218	10554.9341466937	26	20	22
506	-0.265	44	85.7508752858967	-Inf	18193.5124438218	9511.7278054559	18	20	28
507	-0.2675	44	85.7508752858967	-Inf	18193.5124438218	12099.3070181819	23	20	19
508	-0.27	44	85.7508752858967	-Inf	18193.5124438218	13426.1151714076	30	20	16
509	-0.2725	44	85.7508752858967	-Inf	18193.5124438218	-1e+21	29	20	18
510	-0.275	44	85.7508752858967	-Inf	18193.5124438218	10627.6100987695	22	20	28
511	-0.2775	44	85.7508752858967	-Inf	18193.5124438218	14377.1281910692	16	20	28
512	-0.28	44	85.7508752858967	-Inf	18193.5124438218	13958.4479778733	22	20	23
513	-0.2825	44	85.7508752858967	-Inf	18193.5124438218	14859.7624218212	20	20	18
514	-0.285	44	85.7508752858967	-Inf	18193.5124438218	10181.3147715954	20	20	21
515	-0.2875	44	85.7508752858967	-Inf	18193.5124438218	-1e+21	22	20	17
516	-0.29	44	85.7508752858967	-Inf	18193.5124438218	11729.6492589309	23	20	18
517	-0.2925	44	85.7508752858967	-Inf	18193.5124438218	12520.7925725477	17	20	23
518	-0.295	44	85.7508752858967	-Inf	18193.5124438218	9294.04786590254	16	20	20
519	-0.2975	44	85.7508752858967	-Inf	18193.5124438218	7041.59603097399	24	20	18
520	-0.3	44	85.7508752858967	-Inf	18193.5124438218	11021.3106373212	23	20	18
521	-0.3025	44	85.7508752858967	-Inf	18193.5124438218	-1e+21	26	20	22
522	-0.305	44	85.7508752858967	-Inf	18193.5124438218	12171.4228019795	18	20	27
523	-0.3075	44	85.7508752858967	-Inf	18193.5124438218	10241.8524312056	18	20	21
524	-0.31	44	85.7508752858967	-Inf	18193.5124438218	9725.72701230816	25	20	24
525	-0.3125	44	85.7508752858967	-Inf	18193.5124438218	12219.1525795846	19	20	20
526	-0.315	44	85.7508752858967	-Inf	18193.5124438218	12008.955394613	24	20	21
527	-0.3175	44	85.7508752858967	-Inf	18193.5124438218	-1e+21	15	20	21
528	-0.32	44	85.7508752858967	-Inf	18193.5124438218	11419.784121908	23	20	24
529	-0.3225	44	85.7508752858967	-Inf	18193.5124438218	8089.63857597295	17	20	27
530	-0.325	44	85.7508752858967	-Inf	18193.5124438218	9333.17769983344	18	20	20
531	-0.3275	44	85.7508752858967	-Inf	18193.5124438218	11606.5282596621	24	20	20
532	-0.33	44	85.7508752858967	-Inf	18193.5124438218	10432.9483353593	14	20	24
533	-0.3325	44	85.7508752858967	-Inf	18193.5124438218	-1e+21	20	20	14
534	-0.335	44	85.7508752858967	-Inf	18193.5124438218	10250.9754846578	18	20	20
535	-0.3375	44	85.7508752858967	-Inf	18193.5124438218	10255.7038475938	22	20	19
536	-0.34	44	85.7508752858967	-Inf	18193.5124438218	10941.2250973388	26	20	23
537	-0.3425	44	85.7508752858967	-Inf	18193.5124438218	11337.5694675547	28	20	25
538	-0.345	44	85.7508752858967	-Inf	18193.5124438218	11989.5507507253	24	20	15
539	-0.3475	44	85.7508752858967	-Inf	18193.5124438218	-1e+21	24	20	15
540	-0.35	44	85.7508752858967	-Inf	18193.5124438218	10516.1218857676	20	20	24
541	-0.3525	44	85.7508752858967	-Inf	18193.5124438218	9366.97596702539	31	20	19
542	-0.355	44	85.7508752858967	-Inf	18193.5124438218	12282.0274402654	27	20	21
543	-0.3575	44	85.7508752858967	-Inf	18193.5124438218	11351.084247188	19	20	27
544	-0.36	44	85.7508752858967	-Inf	18193.5124438218	11999.0391519224	23	20	17
545	-0.3625	44	85.7508752858967	-Inf	18193.5124438218	-1e+21	23	20	19
546	-0.365	44	85.7508752858967	-Inf	18193.5124438218	10440.3418964857	20	20	21
547	-0.3675	44	85.7508752858967	-Inf	18193.5124438218	9082.38013139751	24	20	25
548	-0.37	44	85.7508752858967	-Inf	18193.5124438218	11267.0580649883	23	20	22
549	-0.3725	44	85.7508752858967	-Inf	18193.5124438218	10374.2391530081	20	20	24
550	-0.375	44	85.7508752858967	-Inf	18193.5124438218	10576.6570574152	23	20	20
551	-0.3775	44	85.7508752858967	-Inf	18193.5124438218	-1e+21	24	20	15
552	-0.38	44	85.7508752858967	-Inf	18193.5124438218	11034.8234552459	18	20	20
553	-0.3825	44	85.7508752858967	-Inf	18193.5124438218	10623.0271547999	18	20	24
554	-0.385	44	85.7508752858967	-Inf	18193.5124438218	9805.91453505389	22	20	16
555	-0.3875	44	85.7508752858967	-Inf	18193.5124438218	12599.7514499035	25	20	22
556	-0.39	44	85.7508752858967	-Inf	18193.5124438218	14827.3890150255	26	20	20
557	-0.3925	44	85.7508752858967	-Inf	18193.5124438218	-1e+21	25	20	19
558	-0.395	44	85.7508752858967	-Inf	18193.5124438218	11670.3106435737	17	20	22
559	-0.3975	44	85.7508752858967	-Inf	18193.5124438218	9060.06350332736	26	20	21
560	-0.4	44	85.7508752858967	-Inf	18193.5124438218	13386.5288950269	23	20	14
561	-0.4025	44	85.7508752858967	-Inf	18193.5124438218	8992.93156184792	24	20	24
562	-0.405	44	85.7508752858967	-Inf	18193.5124438218	12925.7426276299	22	20	22
563	-0.4075	44	85.7508752858967	-Inf	18193.5124438218	-1e+21	29	20	26
564	-0.41	44	85.7508752858967	-Inf	18193.5124438218	10118.3333869021	28	20	21
565	-0.4125	44	85.7508752858967	-Inf	18193.5124438218	9894.84550836298	24	20	24
566	-0.415	44	85.7508752858967	-Inf	18193.5124438218	8776.05027218162	29	20	17
567	-0.4175	44	85.7508752858967	-Inf	18193.5124438218	7237.03985824335	16	20	21
568	-0.42	44	85.7508752858967	-Inf	18193.5124438218	7862.05687637094	23	20	22
569	-0.4225	44	85.7508752858967	-Inf	18193.5124438218	-1e+21	27	20	15
570	-0.425	44	85.7508752858967	-Inf	18193.5124438218	10509.2513839468	26	20	16
571	-0.4275	44	85.7508752858967	-Inf	18193.5124438218	9346.78587587408	29	20	12
572	-0.43	44	85.7508752858967	-Inf	18193.5124438218	10765.2683058993	24	20	21
573	-0.4325	44	85.7508752858967	-Inf	18193.5124438218	10738.0982702358	22	20	23
574	-0.435	44	85.7508752858967	-Inf	18193.5124438218	9070.62442274116	16	20	19
575	-0.4375	44	85.7508752858967	-Inf	18193.5124438218	-1e+21	24	20	20
576	-0.44	44	85.7508752858967	-Inf	18193.5124438218	10839.231399766	25	20	15
577	-0.4425	44	85.7508752858967	-Inf	18193.5124438218	9744.43454991087	21	20	16
578	-0.445	44	85.7508752858967	-Inf	18193.5124438218	16487.5899291799	24	20	13
579	-0.4475	44	85.7508752858967	-Inf	18193.5124438218	10493.8248895082	20	20	28
580	-0.45	44	85.7508752858967	-Inf	18193.5124438218	8249.86702290972	27	20	25
581	-0.4525	44	85.7508752858967	-Inf	18193.5124438218	-1e+21	25	20	17
582	-0.455	44	85.7508752858967	-Inf	18193.5124438218	11073.7923151438	16	20	28
583	-0.4575	44	85.7508752858967	-Inf	18193.5124438218	9617.36575083884	25	20	25
584	-0.46	44	85.7508752858967	-Inf	18193.5124438218	8712.68187527494	20	20	22
585	-0.4625	44	85.7508752858967	-Inf	18193.5124438218	8896.37151229863	27	20	20
586	-0.465	44	85.7508752858967	-Inf	18193.5124438218	10230.9478080278	20	20	22
587	-0.4675	44	85.7508752858967	-Inf	18193.5124438218	-1e+21	23	20	17
588	-0.47	44	85.7508752858967	-Inf	18193.5124438218	12742.6557078199	31	20	19
589	-0.4725	44	85.7508752858967	-Inf	18193.5124438218	8545.08123897921	12	20	24
590	-0.475	44	85.7508752858967	-Inf	18193.5124438218	8935.39565953884	29	20	19
591	-0.4775	44	85.7508752858967	-Inf	18193.5124438218	10634.557232567	22	20	25
592	-0.48	44	85.7508752858967	-Inf	18193.5124438218	11702.3098808861	32	20	19
593	-0.4825	44	85.7508752858967	-Inf	18193.5124438218	-1e+21	25	20	16
594	-0.485	44	85.7508752858967	-Inf	18193.5124438218	10516.3446052388	30	20	14
595	-0.4875	44	85.7508752858967	-Inf	18193.5124438218	11062.7945187071	29	20	21
596	-0.49	44	85.7508752858967	-Inf	18193.5124438218	9671.55598120489	23	20	26
597	-0.4925	44	85.7508752858967	-Inf	18193.5124438218	10712.4631104144	26	20	18
598	-0.495	44	85.7508752858967	-Inf	18193.5124438218	9878.65768281289	22	20	27
599	-0.4975	44	85.7508752858967	-Inf	18193.5124438218	-1e+21	20	20	23
600	-0.5	44	85.7508752858967	-Inf	18193.5124438218	10892.722179025	23	20	25
601	-0.5025	44	85.7508752858967	-Inf	18193.5124438218	6865.28653893162	21	20	25
602	-0.505	44	85.7508752858967	-Inf	18193.5124438218	9841.32353570037	21	20	23
603	-0.5075	44	85.7508752858967	-Inf	18193.5124438218	12139.4286769024	22	20	21
604	-0.51	44	85.7508752858967	-Inf	18193.5124438218	10187.2565350217	23	20	19
605	-0.5125	44	85.7508752858967	-Inf	18193.5124438218	-1e+21	27	20	18
606	-0.515	44	85.7508752858967	-Inf	18193.5124438218	9768.60605776959	24	20	24
607	-0.5175	44	85.7508752858967	-Inf	18193.5124438218	10060.8455286897	23	20	26
608	-0.52	44	85.7508752858967	-Inf	18193.5124438218	11042.0576053311	24	20	23
609	-0.5225	44	85.7508752858967	-Inf	18193.5124438218	10966.2170421726	25	20	20
610	-0.525	44	85.7508752858967	-Inf	18193.5124438218	11002.2800268817	25	20	16
611	-0.5275	44	85.7508752858967	-Inf	18193.5124438218	-1e+21	24	20	17
612	-0.53	44	85.7508752858967	-Inf	18193.5124438218	13412.3759636689	25	20	15
613	-0.5325	44	85.7508752858967	-Inf	18193.5124438218	8042.94304138301	26	20	22
614	-0.535	44	85.7508752858967	-Inf	18193.5124438218	10236.8188384304	15	20	26
615	-0.5375	44	85.7508752858967	-Inf	18193.5124438218	13526.8683222678	29	20	13
616	-0.54	44	85.7508752858967	-Inf	18193.5124438218	10389.1001517587	26	20	26
617	-0.5425	44	85.7508752858967	-Inf	18193.5124438218	-1e+21	24	20	23
618	-0.545	44	85.7508752858967	-Inf	18193.5124438218	13156.0812232295	21	20	19
619	-0.5475	44	85.7508752858967	-Inf	18193.5124438218	9227.06895263928	35	20	19
620	-0.55	44	85.7508752858967	-Inf	18193.5124438218	11445.1585223936	26	20	19
621	-0.5525	44	85.7508752858967	-Inf	18193.5124438218	8864.49739363787	19	20	29
622	-0.555	44	85.7508752858967	-Inf	18193.5124438218	11401.4327416071	22	20	19
623	-0.5575	44	85.7508752858967	-Inf	18193.5124438218	-1e+21	19	20	23
624	-0.56	44	85.7508752858967	-Inf	18193.5124438218	10798.8980243878	20	20	30
625	-0.5625	44	85.7508752858967	-Inf	18193.5124438218	15939.0587897375	20	20	17
626	-0.565	44	85.7508752858967	-Inf	18193.5124438218	10323.1562430724	20	20	21
627	-0.5675	44	85.7508752858967	-Inf	18193.5124438218	11603.0300893809	32	20	11
628	-0.57	44	85.7508752858967	-Inf	18193.5124438218	9447.55508100631	24	20	19
