"Iteration #"	"Inertia"	"Number of features"	"CV best"	"Permuted CV best"	"Global best fitness"	"Current best fitness"	"Number of features in current best agent"	"Number of features in global best"	"Number of features in local best"
1	1.5	30	100	80.0181521565113	2097.18478434886	2097.18478434886	10	30	600
2	1.5	8	91.6666666666667	75.7818290906136	2513.21709093864	2513.21709093864	4	8	8
3	1.5	8	91.6666666666667	75.7818290906136	2513.21709093864	2513.01709093864	10	8	14
4	1.5	8	91.6666666666667	75.7818290906136	2513.21709093864	2513.05042427197	12	8	13
5	1.5	16	91.6666666666667	75.4249417341712	2548.83915991621	2548.83915991621	11	10	10
6	1.5	16	91.6666666666667	75.4249417341712	2548.83915991621	2548.80582658288	13	10	11
7	1.5	16	91.6666666666667	75.4249417341712	2548.83915991621	2457.58791879306	5	10	9
8	1.5	11	91.6666666666667	75.4249417341712	2548.87249324955	2548.87249324955	10	9	9
9	1.5	11	91.6666666666667	75.4249417341712	2548.87249324955	2548.83915991621	9	9	9
10	1.5	11	91.6666666666667	75.4249417341712	2548.87249324955	2548.87249324955	10	9	9
11	1.5	11	91.6666666666667	75.4249417341712	2548.87249324955	2548.83915991621	9	9	9
12	1.5	11	91.6666666666667	75.4249417341712	2548.87249324955	2548.87249324955	10	9	9
13	1.5	11	91.6666666666667	75.4249417341712	2548.87249324955	2548.83915991621	9	9	10
14	1.5	11	91.6666666666667	75.4249417341712	2548.87249324955	2548.87249324955	9	9	9
15	1.5	11	91.6666666666667	75.4249417341712	2548.87249324955	2548.87249324955	9	9	9
16	1.5	11	91.6666666666667	75.4249417341712	2548.87249324955	2548.87249324955	9	9	9
17	1.5	11	91.6666666666667	75.4249417341712	2548.87249324955	2548.87249324955	9	9	9
18	1.5	11	91.6666666666667	75.4249417341712	2548.87249324955	2548.87249324955	9	9	9
19	1.5	11	91.6666666666667	75.4249417341712	2548.87249324955	2548.87249324955	9	9	9
20	1.5	11	91.6666666666667	75.4249417341712	2548.87249324955	2548.87249324955	10	9	9
21	1.5	11	91.6666666666667	75.4249417341712	2548.87249324955	2521.35042427197	14	9	14
22	1.5	11	91.6666666666667	75.4249417341712	2548.87249324955	2548.87249324955	9	9	9
23	1.5	11	91.6666666666667	75.4249417341712	2548.87249324955	2548.87249324955	9	9	9
24	1.5	11	91.6666666666667	75.4249417341712	2548.87249324955	2548.87249324955	9	9	9
25	1.5	11	91.6666666666667	75.4249417341712	2548.87249324955	2548.87249324955	9	9	9
26	1.5	11	91.6666666666667	75.4249417341712	2548.87249324955	2548.87249324955	9	9	9
27	1.5	11	91.6666666666667	75.4249417341712	2548.87249324955	2548.87249324955	9	9	9
28	1.5	11	91.6666666666667	75.4249417341712	2548.87249324955	2548.87249324955	9	9	9
29	1.5	11	91.6666666666667	75.4249417341712	2548.87249324955	2548.87249324955	9	9	9
30	1.5	11	91.6666666666667	75.4249417341712	2548.87249324955	2548.87249324955	9	9	9
31	1.5	11	91.6666666666667	75.4249417341712	2548.87249324955	2548.87249324955	9	9	9
32	1.5	11	91.6666666666667	75.4249417341712	2548.87249324955	2548.87249324955	9	9	9
33	1.5	11	91.6666666666667	75.4249417341712	2548.87249324955	2548.87249324955	9	9	9
34	1.5	11	91.6666666666667	75.4249417341712	2548.87249324955	2548.87249324955	10	9	9
35	1.5	11	91.6666666666667	75.4249417341712	2548.87249324955	2521.35042427197	14	9	14
36	1.5	11	91.6666666666667	75.4249417341712	2548.87249324955	2548.87249324955	9	9	9
37	1.5	11	91.6666666666667	75.4249417341712	2548.87249324955	2548.87249324955	9	9	9
38	1.5	11	91.6666666666667	75.4249417341712	2548.87249324955	2548.87249324955	8	9	9
39	1.5	11	91.6666666666667	75.4249417341712	2548.87249324955	2521.35042427197	14	9	14
40	1.5	11	91.6666666666667	75.4249417341712	2548.87249324955	2548.87249324955	9	9	9
41	1.5	11	91.6666666666667	75.4249417341712	2548.87249324955	2548.87249324955	10	9	9
42	1.5	11	91.6666666666667	75.4249417341712	2548.87249324955	2548.83915991621	8	9	9
43	1.5	11	91.6666666666667	75.4249417341712	2548.87249324955	2521.35042427197	14	9	14
44	1.5	11	91.6666666666667	75.4249417341712	2548.87249324955	2548.87249324955	9	9	9
45	1.5	11	91.6666666666667	75.4249417341712	2548.87249324955	2548.87249324955	9	9	9
46	1.5	11	91.6666666666667	75.4249417341712	2548.87249324955	2548.87249324955	9	9	9
47	1.5	11	91.6666666666667	75.4249417341712	2548.87249324955	2548.87249324955	9	9	9
48	1.5	11	91.6666666666667	75.4249417341712	2548.87249324955	2548.87249324955	9	9	9
49	1.5	11	91.6666666666667	75.4249417341712	2548.87249324955	2548.87249324955	9	9	9
50	1.5	11	91.6666666666667	75.4249417341712	2548.87249324955	2548.87249324955	9	9	9
51	1.5	11	91.6666666666667	75.4249417341712	2548.87249324955	2548.87249324955	9	9	9
52	1.5	11	91.6666666666667	75.4249417341712	2548.87249324955	2548.87249324955	9	9	9
53	1.5	11	91.6666666666667	75.4249417341712	2548.87249324955	2548.87249324955	9	9	9
54	1.5	11	91.6666666666667	75.4249417341712	2548.87249324955	2548.87249324955	9	9	9
55	1.5	11	91.6666666666667	75.4249417341712	2548.87249324955	2548.87249324955	9	9	9
56	1.5	11	91.6666666666667	75.4249417341712	2548.87249324955	2548.87249324955	9	9	9
57	1.5	11	91.6666666666667	75.4249417341712	2548.87249324955	2548.87249324955	9	9	9
58	1.5	11	91.6666666666667	75.4249417341712	2548.87249324955	2548.87249324955	9	9	9
59	1.5	11	91.6666666666667	75.4249417341712	2548.87249324955	2548.87249324955	9	9	9
60	1.5	11	91.6666666666667	75.4249417341712	2548.87249324955	2548.87249324955	9	9	9
61	1.5	11	91.6666666666667	75.4249417341712	2548.87249324955	2548.87249324955	10	9	9
62	1.5	11	91.6666666666667	75.4249417341712	2548.87249324955	2521.35042427197	14	9	14
63	1.5	11	91.6666666666667	75.4249417341712	2548.87249324955	2548.87249324955	9	9	9
64	1.5	11	91.6666666666667	75.4249417341712	2548.87249324955	2548.87249324955	9	9	9
65	1.5	11	91.6666666666667	75.4249417341712	2548.87249324955	2548.87249324955	9	9	9
66	1.5	11	91.6666666666667	75.4249417341712	2548.87249324955	2548.87249324955	9	9	9
67	1.5	11	91.6666666666667	75.4249417341712	2548.87249324955	2548.87249324955	9	9	9
68	1.5	11	91.6666666666667	75.4249417341712	2548.87249324955	2548.87249324955	9	9	9
69	1.5	11	91.6666666666667	75.4249417341712	2548.87249324955	2548.87249324955	9	9	9
70	1.5	11	91.6666666666667	75.4249417341712	2548.87249324955	2548.87249324955	9	9	9
71	1.5	11	91.6666666666667	75.4249417341712	2548.87249324955	2548.87249324955	9	9	9
72	1.5	11	91.6666666666667	75.4249417341712	2548.87249324955	2548.87249324955	7	9	9
73	1.5	5	91.6666666666667	75.4249417341712	2548.93915991621	2548.93915991621	9	7	7
74	1.5	5	91.6666666666667	75.4249417341712	2548.93915991621	2548.87249324955	9	7	7
75	1.5	5	91.6666666666667	75.4249417341712	2548.93915991621	2548.87249324955	9	7	7
76	1.5	5	91.6666666666667	75.4249417341712	2548.93915991621	2548.87249324955	9	7	7
77	1.5	5	91.6666666666667	75.4249417341712	2548.93915991621	2548.87249324955	9	7	7
78	1.5	5	91.6666666666667	75.4249417341712	2548.93915991621	2548.87249324955	9	7	9
79	1.5	5	91.6666666666667	75.4249417341712	2548.93915991621	2548.87249324955	9	7	9
80	1.5	5	91.6666666666667	75.4249417341712	2548.93915991621	2548.87249324955	9	7	9
81	1.5	5	91.6666666666667	75.4249417341712	2548.93915991621	2548.87249324955	9	7	9
82	1.5	5	91.6666666666667	75.4249417341712	2548.93915991621	2548.87249324955	9	7	9
83	1.5	5	91.6666666666667	75.4249417341712	2548.93915991621	2548.87249324955	9	7	9
84	1.5	5	91.6666666666667	75.4249417341712	2548.93915991621	2548.87249324955	9	7	9
85	1.5	5	91.6666666666667	75.4249417341712	2548.93915991621	2548.87249324955	9	7	9
86	1.5	5	91.6666666666667	75.4249417341712	2548.93915991621	2548.87249324955	9	7	9
87	1.5	5	91.6666666666667	75.4249417341712	2548.93915991621	2548.87249324955	9	7	9
88	1.5	5	91.6666666666667	75.4249417341712	2548.93915991621	2548.87249324955	9	7	9
89	1.5	5	91.6666666666667	75.4249417341712	2548.93915991621	2548.87249324955	9	7	9
90	1.5	5	91.6666666666667	75.4249417341712	2548.93915991621	2548.87249324955	9	7	9
91	1.5	5	91.6666666666667	75.4249417341712	2548.93915991621	2548.87249324955	9	7	9
92	1.5	5	91.6666666666667	75.4249417341712	2548.93915991621	2548.87249324955	9	7	9
93	1.5	5	91.6666666666667	75.4249417341712	2548.93915991621	2548.87249324955	9	7	9
94	1.5	5	91.6666666666667	75.4249417341712	2548.93915991621	2548.87249324955	9	7	9
95	1.5	5	91.6666666666667	75.4249417341712	2548.93915991621	2548.87249324955	9	7	9
96	1.5	5	91.6666666666667	75.4249417341712	2548.93915991621	2548.87249324955	9	7	9
97	1.5	5	91.6666666666667	75.4249417341712	2548.93915991621	2548.87249324955	9	7	9
98	1.5	5	91.6666666666667	75.4249417341712	2548.93915991621	2548.87249324955	11	7	9
99	1.5	5	91.6666666666667	75.4249417341712	2548.93915991621	2521.35042427197	14	7	14
100	1.5	5	91.6666666666667	75.4249417341712	2548.93915991621	2521.35042427197	14	7	14
101	1.5	5	91.6666666666667	75.4249417341712	2548.93915991621	2548.87249324955	9	7	9
102	1.5	5	91.6666666666667	75.4249417341712	2548.93915991621	2548.87249324955	9	7	9
103	1.5	5	91.6666666666667	75.4249417341712	2548.93915991621	2548.87249324955	9	7	9
104	1.5	5	91.6666666666667	75.4249417341712	2548.93915991621	2548.87249324955	9	7	9
105	1.5	5	91.6666666666667	75.4249417341712	2548.93915991621	2548.87249324955	9	7	9
106	1.5	5	91.6666666666667	75.4249417341712	2548.93915991621	2548.87249324955	9	7	9
107	1.5	5	91.6666666666667	75.4249417341712	2548.93915991621	2548.87249324955	9	7	9
108	1.5	5	91.6666666666667	75.4249417341712	2548.93915991621	2548.87249324955	9	7	9
109	1.5	5	91.6666666666667	75.4249417341712	2548.93915991621	2548.87249324955	9	7	9
110	1.5	5	91.6666666666667	75.4249417341712	2548.93915991621	2548.87249324955	9	7	9
111	1.5	5	91.6666666666667	75.4249417341712	2548.93915991621	2548.87249324955	9	7	9
112	1.5	5	91.6666666666667	75.4249417341712	2548.93915991621	2548.87249324955	9	7	9
113	1.5	5	91.6666666666667	75.4249417341712	2548.93915991621	2548.87249324955	9	7	9
114	1.5	5	91.6666666666667	75.4249417341712	2548.93915991621	2548.87249324955	9	7	9
115	1.5	5	91.6666666666667	75.4249417341712	2548.93915991621	2548.87249324955	9	7	9
116	1.5	5	91.6666666666667	75.4249417341712	2548.93915991621	2548.87249324955	9	7	9
117	1.5	5	91.6666666666667	75.4249417341712	2548.93915991621	2548.87249324955	9	7	9
118	1.5	5	91.6666666666667	75.4249417341712	2548.93915991621	2548.87249324955	9	7	9
119	1.5	5	91.6666666666667	75.4249417341712	2548.93915991621	2548.87249324955	9	7	9
120	1.5	5	91.6666666666667	75.4249417341712	2548.93915991621	2548.87249324955	9	7	9
121	1.5	5	91.6666666666667	75.4249417341712	2548.93915991621	2548.87249324955	9	7	9
122	1.5	5	91.6666666666667	75.4249417341712	2548.93915991621	2548.87249324955	9	7	9
123	1.5	5	91.6666666666667	75.4249417341712	2548.93915991621	2548.87249324955	9	7	9
124	1.5	5	91.6666666666667	75.4249417341712	2548.93915991621	2548.87249324955	9	7	9
125	1.5	5	91.6666666666667	75.4249417341712	2548.93915991621	2548.87249324955	9	7	9
126	1.5	5	91.6666666666667	75.4249417341712	2548.93915991621	2548.87249324955	9	7	9
127	1.5	5	91.6666666666667	75.4249417341712	2548.93915991621	2548.87249324955	9	7	9
128	1.5	5	91.6666666666667	75.4249417341712	2548.93915991621	2548.87249324955	9	7	9
129	1.5	5	91.6666666666667	75.4249417341712	2548.93915991621	2548.87249324955	9	7	9
130	1.5	5	91.6666666666667	75.4249417341712	2548.93915991621	2548.87249324955	9	7	9
131	1.5	5	91.6666666666667	75.4249417341712	2548.93915991621	2548.87249324955	9	7	9
132	1.5	5	91.6666666666667	75.4249417341712	2548.93915991621	2548.87249324955	10	7	9
133	1.5	5	91.6666666666667	75.4249417341712	2548.93915991621	2521.35042427197	14	7	14
134	1.5	5	91.6666666666667	75.4249417341712	2548.93915991621	2548.87249324955	9	7	9
135	1.5	5	91.6666666666667	75.4249417341712	2548.93915991621	2548.87249324955	10	7	9
136	1.5	5	91.6666666666667	75.4249417341712	2548.93915991621	2521.35042427197	14	7	14
137	1.5	5	91.6666666666667	75.4249417341712	2548.93915991621	2548.87249324955	8	7	9
138	1.5	5	91.6666666666667	75.4249417341712	2548.93915991621	2521.35042427197	14	7	14
139	1.5	5	91.6666666666667	75.4249417341712	2548.93915991621	2521.35042427197	14	7	14
140	1.5	5	91.6666666666667	75.4249417341712	2548.93915991621	2548.87249324955	9	7	9
141	1.5	5	91.6666666666667	75.4249417341712	2548.93915991621	2548.87249324955	9	7	9
142	1.5	5	91.6666666666667	75.4249417341712	2548.93915991621	2548.87249324955	9	7	9
143	1.5	5	91.6666666666667	75.4249417341712	2548.93915991621	2548.87249324955	9	7	9
144	1.5	5	91.6666666666667	75.4249417341712	2548.93915991621	2548.87249324955	10	7	9
145	1.5	5	91.6666666666667	75.4249417341712	2548.93915991621	2097.85145101553	9	7	9
146	1.5	5	91.6666666666667	75.4249417341712	2548.93915991621	2548.87249324955	8	7	9
147	1.5	5	91.6666666666667	75.4249417341712	2548.93915991621	2521.35042427197	14	7	14
148	1.5	5	91.6666666666667	75.4249417341712	2548.93915991621	2548.87249324955	9	7	9
149	1.5	5	91.6666666666667	75.4249417341712	2548.93915991621	2548.87249324955	9	7	9
150	1.5	5	91.6666666666667	75.4249417341712	2548.93915991621	2548.87249324955	9	7	9
151	1.5	5	91.6666666666667	75.4249417341712	2548.93915991621	2548.87249324955	9	7	9
152	1.5	5	91.6666666666667	75.4249417341712	2548.93915991621	2548.87249324955	8	7	9
153	1.5	5	91.6666666666667	75.4249417341712	2548.93915991621	2548.90582658288	9	7	8
154	1.5	5	91.6666666666667	75.4249417341712	2548.93915991621	2548.87249324955	9	7	9
155	1.5	5	91.6666666666667	75.4249417341712	2548.93915991621	2548.87249324955	9	7	9
156	1.5	5	91.6666666666667	75.4249417341712	2548.93915991621	2548.87249324955	9	7	9
157	1.5	5	91.6666666666667	75.4249417341712	2548.93915991621	2548.87249324955	9	7	9
158	1.5	5	91.6666666666667	75.4249417341712	2548.93915991621	2548.87249324955	9	7	9
159	1.5	5	91.6666666666667	75.4249417341712	2548.93915991621	2548.87249324955	9	7	9
160	1.5	5	91.6666666666667	75.4249417341712	2548.93915991621	2548.87249324955	9	7	9
161	1.5	5	91.6666666666667	75.4249417341712	2548.93915991621	2548.87249324955	9	7	9
162	1.5	5	91.6666666666667	75.4249417341712	2548.93915991621	2548.87249324955	8	7	9
163	1.5	5	91.6666666666667	75.4249417341712	2548.93915991621	2548.90582658288	9	7	8
164	1.5	5	91.6666666666667	75.4249417341712	2548.93915991621	2548.87249324955	9	7	8
165	1.5	5	91.6666666666667	75.4249417341712	2548.93915991621	2548.87249324955	9	7	8
166	1.5	5	91.6666666666667	75.4249417341712	2548.93915991621	2548.87249324955	9	7	9
167	1.5	5	91.6666666666667	75.4249417341712	2548.93915991621	2548.87249324955	9	7	9
168	1.5	5	91.6666666666667	75.4249417341712	2548.93915991621	2548.87249324955	9	7	9
169	1.5	5	91.6666666666667	75.4249417341712	2548.93915991621	2548.87249324955	9	7	9
170	1.5	5	91.6666666666667	75.4249417341712	2548.93915991621	2548.87249324955	9	7	9
171	1.5	5	91.6666666666667	75.4249417341712	2548.93915991621	2548.87249324955	9	7	9
172	1.5	5	91.6666666666667	75.4249417341712	2548.93915991621	2548.87249324955	9	7	9
173	1.5	5	91.6666666666667	75.4249417341712	2548.93915991621	2548.87249324955	9	7	9
174	1.5	5	91.6666666666667	75.4249417341712	2548.93915991621	2548.87249324955	9	7	9
175	1.5	5	91.6666666666667	75.4249417341712	2548.93915991621	2548.87249324955	9	7	9
176	1.5	5	91.6666666666667	75.4249417341712	2548.93915991621	2548.87249324955	9	7	9
177	1.5	5	91.6666666666667	75.4249417341712	2548.93915991621	2548.87249324955	9	7	9
178	1.5	5	91.6666666666667	75.4249417341712	2548.93915991621	2548.87249324955	9	7	9
179	1.5	5	91.6666666666667	75.4249417341712	2548.93915991621	2548.87249324955	9	7	9
180	1.5	5	91.6666666666667	75.4249417341712	2548.93915991621	2548.87249324955	9	7	9
181	1.5	5	91.6666666666667	75.4249417341712	2548.93915991621	2548.87249324955	9	7	9
182	1.5	5	91.6666666666667	75.4249417341712	2548.93915991621	2548.87249324955	9	7	9
183	1.5	5	91.6666666666667	75.4249417341712	2548.93915991621	2548.87249324955	9	7	9
184	1.5	5	91.6666666666667	75.4249417341712	2548.93915991621	2548.87249324955	9	7	9
185	1.5	5	91.6666666666667	75.4249417341712	2548.93915991621	2548.87249324955	9	7	9
186	1.5	5	91.6666666666667	75.4249417341712	2548.93915991621	2548.87249324955	9	7	9
187	1.5	5	91.6666666666667	75.4249417341712	2548.93915991621	2548.87249324955	9	7	9
188	1.5	5	91.6666666666667	75.4249417341712	2548.93915991621	2548.87249324955	9	7	9
189	1.5	5	91.6666666666667	75.4249417341712	2548.93915991621	2548.87249324955	9	7	9
190	1.5	5	91.6666666666667	75.4249417341712	2548.93915991621	2548.87249324955	9	7	9
191	1.5	5	91.6666666666667	75.4249417341712	2548.93915991621	2548.87249324955	9	7	9
192	1.5	5	91.6666666666667	75.4249417341712	2548.93915991621	2548.87249324955	9	7	9
193	1.5	5	91.6666666666667	75.4249417341712	2548.93915991621	2548.87249324955	9	7	9
194	1.5	5	91.6666666666667	75.4249417341712	2548.93915991621	2548.87249324955	9	7	9
195	1.5	5	91.6666666666667	75.4249417341712	2548.93915991621	2548.87249324955	10	7	9
196	1.5	5	91.6666666666667	75.4249417341712	2548.93915991621	2548.83915991621	9	7	9
197	1.5	5	91.6666666666667	75.4249417341712	2548.93915991621	2548.87249324955	9	7	9
198	1.5	5	91.6666666666667	75.4249417341712	2548.93915991621	2548.87249324955	9	7	9
199	1.5	5	91.6666666666667	75.4249417341712	2548.93915991621	2548.87249324955	9	7	9
200	1.5	5	91.6666666666667	75.4249417341712	2548.93915991621	2548.87249324955	9	7	9
201	1.5	5	91.6666666666667	75.4249417341712	2548.93915991621	2548.87249324955	9	7	9
202	1.5	5	91.6666666666667	75.4249417341712	2548.93915991621	2548.87249324955	9	7	9
203	1.5	5	91.6666666666667	75.4249417341712	2548.93915991621	2548.87249324955	9	7	9
204	1.5	5	91.6666666666667	75.4249417341712	2548.93915991621	2548.87249324955	9	7	9
205	1.5	5	91.6666666666667	75.4249417341712	2548.93915991621	2548.87249324955	9	7	9
206	1.5	5	91.6666666666667	75.4249417341712	2548.93915991621	2548.87249324955	9	7	9
207	1.5	5	91.6666666666667	75.4249417341712	2548.93915991621	2548.87249324955	9	7	9
208	1.5	5	91.6666666666667	75.4249417341712	2548.93915991621	2548.87249324955	9	7	9
209	1.5	5	91.6666666666667	75.4249417341712	2548.93915991621	2548.87249324955	9	7	9
210	1.5	5	91.6666666666667	75.4249417341712	2548.93915991621	2548.87249324955	9	7	9
211	1.5	5	91.6666666666667	75.4249417341712	2548.93915991621	2548.87249324955	9	7	9
212	1.5	5	91.6666666666667	75.4249417341712	2548.93915991621	2548.87249324955	9	7	9
213	1.5	5	91.6666666666667	75.4249417341712	2548.93915991621	2548.87249324955	9	7	9
214	1.5	5	91.6666666666667	75.4249417341712	2548.93915991621	2548.87249324955	9	7	9
215	1.5	5	91.6666666666667	75.4249417341712	2548.93915991621	2548.87249324955	9	7	9
216	1.5	5	91.6666666666667	75.4249417341712	2548.93915991621	2548.87249324955	9	7	9
217	1.5	5	91.6666666666667	75.4249417341712	2548.93915991621	2548.87249324955	9	7	9
218	1.5	5	91.6666666666667	75.4249417341712	2548.93915991621	2548.87249324955	9	7	9
219	1.5	5	91.6666666666667	75.4249417341712	2548.93915991621	2548.87249324955	9	7	9
220	1.5	5	91.6666666666667	75.4249417341712	2548.93915991621	2548.87249324955	9	7	9
221	1.5	5	91.6666666666667	75.4249417341712	2548.93915991621	2548.87249324955	9	7	9
222	1.5	5	91.6666666666667	75.4249417341712	2548.93915991621	2548.87249324955	9	7	9
223	1.5	5	91.6666666666667	75.4249417341712	2548.93915991621	2548.87249324955	9	7	9
224	1.5	5	91.6666666666667	75.4249417341712	2548.93915991621	2548.87249324955	9	7	9
225	1.5	5	91.6666666666667	75.4249417341712	2548.93915991621	2548.87249324955	10	7	9
226	1.5	5	91.6666666666667	75.4249417341712	2548.93915991621	2521.31709093864	14	7	15
227	1.5	5	91.6666666666667	75.4249417341712	2548.93915991621	2521.35042427197	14	7	14
228	1.5	5	91.6666666666667	75.4249417341712	2548.93915991621	2521.35042427197	14	7	14
229	1.5	5	91.6666666666667	75.4249417341712	2548.93915991621	2548.87249324955	9	7	9
230	1.5	5	91.6666666666667	75.4249417341712	2548.93915991621	2548.87249324955	9	7	9
231	1.5	5	91.6666666666667	75.4249417341712	2548.93915991621	2548.87249324955	9	7	9
232	1.5	5	91.6666666666667	75.4249417341712	2548.93915991621	2548.87249324955	9	7	9
233	1.5	5	91.6666666666667	75.4249417341712	2548.93915991621	2548.87249324955	9	7	9
234	1.5	5	91.6666666666667	75.4249417341712	2548.93915991621	2548.87249324955	10	7	9
235	1.5	5	91.6666666666667	75.4249417341712	2548.93915991621	2548.83915991621	8	7	9
236	1.5	5	91.6666666666667	75.4249417341712	2548.93915991621	2521.35042427197	14	7	14
237	1.5	5	91.6666666666667	75.4249417341712	2548.93915991621	2548.87249324955	9	7	9
238	1.5	5	91.6666666666667	75.4249417341712	2548.93915991621	2548.87249324955	9	7	9
239	1.5	5	91.6666666666667	75.4249417341712	2548.93915991621	2548.87249324955	9	7	9
240	1.5	5	91.6666666666667	75.4249417341712	2548.93915991621	2548.87249324955	9	7	9
241	1.5	5	91.6666666666667	75.4249417341712	2548.93915991621	2548.87249324955	9	7	9
242	1.5	5	91.6666666666667	75.4249417341712	2548.93915991621	2548.87249324955	9	7	9
243	1.5	5	91.6666666666667	75.4249417341712	2548.93915991621	2548.87249324955	9	7	9
244	1.5	5	91.6666666666667	75.4249417341712	2548.93915991621	2548.87249324955	9	7	9
245	1.5	5	91.6666666666667	75.4249417341712	2548.93915991621	2548.87249324955	9	7	9
246	1.5	5	91.6666666666667	75.4249417341712	2548.93915991621	2548.87249324955	9	7	9
247	1.5	5	91.6666666666667	75.4249417341712	2548.93915991621	2548.87249324955	9	7	9
248	1.5	5	91.6666666666667	75.4249417341712	2548.93915991621	2548.87249324955	9	7	9
249	1.5	5	91.6666666666667	75.4249417341712	2548.93915991621	2548.87249324955	9	7	9
250	1.5	5	91.6666666666667	75.4249417341712	2548.93915991621	2548.87249324955	9	7	9
251	1.5	5	91.6666666666667	75.4249417341712	2548.93915991621	2548.87249324955	9	7	9
252	1.5	5	91.6666666666667	75.4249417341712	2548.93915991621	2548.87249324955	9	7	9
253	1.5	5	91.6666666666667	75.4249417341712	2548.93915991621	2548.87249324955	9	7	9
254	1.5	5	91.6666666666667	75.4249417341712	2548.93915991621	2548.87249324955	9	7	9
255	1.5	5	91.6666666666667	75.4249417341712	2548.93915991621	2548.87249324955	10	7	9
256	1.5	5	91.6666666666667	75.4249417341712	2548.93915991621	2521.35042427197	15	7	14
