"Iteration #"	"Inertia"	"Number of features"	"CV best"	"Permuted CV best"	"Global best fitness"	"Current best fitness"	"Number of features in current best agent"	"Number of features in global best"	"Number of features in local best"
1	1	77	92.9657670775486	65.0916661547893	36.6601589998089	36.6601589998089	77	77	1540
2	1	40	92.9657670775486	65.0916661547893	43.8030161426661	43.8030161426661	77	40	40
3	1	38	100	66.5971287523957	49.1579838992971	49.1579838992971	77	38	38
4	1	41	100	65.4686450395393	49.941428991803	49.941428991803	77	41	41
5	1	41	100	65.4686450395393	49.941428991803	45.4263262180107	77	41	41
6	1	41	100	65.4686450395393	49.941428991803	45.3800400142502	77	41	41
7	1	39	100	65.9286078004574	50.1922750962661	50.1922750962661	77	39	39
8	1	39	100	65.9286078004574	50.1922750962661	46.7800195311638	77	39	39
9	1	40	100	65.4686450395393	50.6329874333615	50.6329874333615	77	40	40
10	1	31	100	61.3759621362271	54.021891439706	54.021891439706	77	31	31
11	1	31	100	61.3759621362271	54.021891439706	50.5385364298196	77	31	31
12	1	31	100	61.3759621362271	54.021891439706	49.3309282572823	77	31	31
13	1	31	100	61.3759621362271	54.021891439706	50.8807396811137	77	31	31
14	1	31	100	61.3759621362271	54.021891439706	45.0173018569518	77	31	1463
15	1	31	100	61.3759621362271	54.021891439706	50.8200004203745	77	31	31
16	1	31	100	61.3759621362271	54.021891439706	51.2256064189202	77	31	31
17	1	31	100	61.3759621362271	54.021891439706	45.1307472351031	77	31	1463
18	1	20	100	61.3759621362271	54.1472161150307	54.1472161150307	77	20	20
19	1	20	100	61.3759621362271	54.1472161150307	45.1864747892826	77	20	1463
20	1	20	100	61.3759621362271	54.1472161150307	47.3895538253206	77	20	20
21	1	20	100	61.3759621362271	54.1472161150307	51.4331622237477	77	20	20
22	1	20	100	61.3759621362271	54.1472161150307	51.1595517781076	77	20	20
23	1	20	100	61.3759621362271	54.1472161150307	45.2688546519829	77	20	1463
24	1	20	100	61.3759621362271	54.1472161150307	46.0498808528739	77	20	20
25	1	20	100	61.3759621362271	54.1472161150307	51.1420783424524	77	20	20
26	1	20	100	61.3759621362271	54.1472161150307	47.2206797663842	77	20	20
27	1	20	100	61.3759621362271	54.1472161150307	45.9980053822156	77	20	20
28	1	20	100	61.3759621362271	54.1472161150307	50.2330032862105	77	20	20
29	1	20	100	61.3759621362271	54.1472161150307	50.2360261254403	1	20	20
30	1	20	100	61.3759621362271	54.1472161150307	50.2388474420547	1	20	21
31	1	20	100	61.3759621362271	54.1472161150307	47.3598512698116	1	20	21
32	1	20	100	61.3759621362271	54.1472161150307	50.2439610784183	1	20	21
33	1	20	100	61.3759621362271	54.1472161150307	54.2062479922444	1	20	20
34	1	20	100	61.3759621362271	54.1472161150307	54.2083314702637	1	20	20
35	1	20	100	61.3759621362271	54.1472161150307	54.2102958923962	1	20	20
36	1	20	100	61.3759621362271	54.1472161150307	51.3148056151797	1	20	20
37	1	23	100	60.4837244269639	54.7900345297669	54.7900345297669	1	23	23
38	1	23	100	60.4837244269639	54.7900345297669	51.8096635419783	1	23	23
39	1	23	100	60.4837244269639	54.7900345297669	51.2104138235301	1	23	23
40	1	23	100	60.4837244269639	54.7900345297669	47.5343517738391	1	23	23
41	1	23	100	60.4837244269639	54.7900345297669	51.5168764189602	1	23	23
42	1	23	100	60.4837244269639	54.7900345297669	54.767144292591	1	23	23
43	1	23	100	60.4837244269639	54.7900345297669	54.8001727259516	1	23	23
44	1	23	100	60.4837244269639	54.7900345297669	54.8015936095078	1	23	23
45	1	23	100	60.4837244269639	54.7900345297669	54.8029513426837	1	23	23
46	1	23	100	60.4837244269639	54.7900345297669	54.7887220936719	1	23	23
47	1	23	100	60.4837244269639	54.7900345297669	49.5143449017432	1	23	23
48	1	23	100	60.4837244269639	54.7900345297669	53.7085367928209	1	23	23
49	1	23	100	60.4837244269639	54.7900345297669	54.8693176294582	1	23	19
50	1	23	100	60.4837244269639	54.7900345297669	47.4526707084374	1	23	19
51	1	23	100	60.4837244269639	54.7900345297669	54.8558161249603	1	23	19
52	1	23	100	60.4837244269639	54.7900345297669	51.3257487654541	1	23	19
53	1	23	100	60.4837244269639	54.7900345297669	54.8727381596404	1	23	19
54	1	23	100	60.4837244269639	54.7900345297669	54.8432110829435	1	23	19
55	1	14	100	60.2369498965216	55.122564824501	55.122564824501	1	14	14
56	1	14	100	60.2369498965216	55.122564824501	51.7754548435586	1	14	14
57	1	14	100	60.2369498965216	55.122564824501	53.8677558632241	1	14	14
58	1	14	100	60.2369498965216	55.122564824501	51.1339988591841	1	14	14
59	1	14	100	60.2369498965216	55.122564824501	51.1344770484407	1	14	14
60	1	14	100	60.2369498965216	55.122564824501	51.1349392980555	1	14	14
61	1	14	100	60.2369498965216	55.122564824501	54.0975300560955	1	14	14
62	1	14	100	60.2369498965216	55.122564824501	47.460814822388	1	14	14
63	1	14	100	60.2369498965216	55.122564824501	49.694968625804	1	14	14
64	1	14	100	60.2369498965216	55.122564824501	54.9243799141123	1	14	14
65	1	14	100	60.2369498965216	55.122564824501	55.1271420654419	1	14	14
66	1	14	100	60.2369498965216	55.122564824501	51.1521766062019	1	14	14
67	1	14	100	60.2369498965216	55.122564824501	51.1525202245917	1	14	13
68	1	14	100	60.2369498965216	55.122564824501	51.1528537365582	1	14	13
69	1	14	100	60.2369498965216	55.122564824501	51.1531775815112	1	14	13
70	1	14	100	60.2369498965216	55.122564824501	51.1534921737513	1	14	13
71	1	14	100	60.2369498965216	55.122564824501	55.1292695154567	1	14	14
72	1	14	100	60.2369498965216	55.122564824501	55.1442000074998	1	14	13
73	1	14	100	60.2369498965216	55.122564824501	45.5368713285761	1	14	1463
74	1	14	100	60.2369498965216	55.122564824501	51.2159032895958	1	14	13
75	1	14	100	60.2369498965216	55.122564824501	45.7289949578939	1	14	13
76	1	14	100	60.2369498965216	55.122564824501	45.5417379471774	1	14	1463
77	1	14	100	60.2369498965216	55.122564824501	51.1699705006192	1	14	13
78	1	14	100	60.2369498965216	55.122564824501	53.7462229845228	1	14	11
79	1	14	100	60.2369498965216	55.122564824501	53.7464316366302	1	14	11
80	1	14	100	60.2369498965216	55.122564824501	53.7466350724349	1	14	11
81	1	14	100	60.2369498965216	55.122564824501	45.5490478886978	1	14	1463
82	1	14	100	60.2369498965216	55.122564824501	45.550402902248	1	14	1463
83	1	14	100	60.2369498965216	55.122564824501	55.1469969093931	1	14	13
84	1	14	100	60.2369498965216	55.122564824501	55.1472148498004	1	14	13
85	1	14	100	60.2369498965216	55.122564824501	55.1474276621981	1	14	13
86	1	14	100	60.2369498965216	55.122564824501	55.1476355254702	1	14	13
87	1	14	100	60.2369498965216	55.122564824501	55.1478386102764	1	14	13
88	1	14	100	60.2369498965216	55.122564824501	55.1480370795187	1	14	13
89	1	14	100	60.2369498965216	55.122564824501	55.1482310887781	1	14	13
90	1	14	100	60.2369498965216	55.122564824501	55.1484207867206	1	14	13
91	1	14	100	60.2369498965216	55.122564824501	55.1486063154776	1	14	13
92	1	14	100	60.2369498965216	55.122564824501	55.1487878110007	1	14	13
93	1	14	100	60.2369498965216	55.122564824501	55.1489654033943	1	14	13
94	1	14	100	60.2369498965216	55.122564824501	55.1491392172263	1	14	13
95	1	14	100	60.2369498965216	55.122564824501	55.1493093718197	1	14	13
96	1	14	100	60.2369498965216	55.122564824501	54.6630817228059	1	14	13
97	1	14	100	60.2369498965216	55.122564824501	55.1354471624068	1	14	13
98	1	14	100	60.2369498965216	55.122564824501	55.1639786981969	1	14	12
99	1	14	100	60.2369498965216	55.122564824501	55.1357879649969	1	14	12
100	1	14	100	60.2369498965216	55.122564824501	53.9012068710838	1	14	12
101	1	14	100	60.2369498965216	55.122564824501	55.1644038135947	1	14	12
102	1	14	100	60.2369498965216	55.122564824501	55.1645399616633	1	14	12
103	1	14	100	60.2369498965216	55.122564824501	55.1646734660801	1	14	12
104	1	14	100	60.2369498965216	55.122564824501	55.1648044031042	1	14	12
105	1	14	100	60.2369498965216	55.122564824501	55.1649328460898	1	14	12
106	1	14	100	60.2369498965216	55.122564824501	51.1608643164334	1	14	12
107	1	14	100	60.2369498965216	55.122564824501	55.1651825296506	1	14	12
108	1	14	100	60.2369498965216	55.122564824501	54.6855283928447	1	14	12
109	1	14	100	60.2369498965216	55.122564824501	45.7343422711312	1	14	12
110	1	14	100	60.2369498965216	55.122564824501	55.1795896178894	1	14	11
111	1	14	100	60.2369498965216	55.122564824501	45.7626348315338	1	14	9
112	1	14	100	60.2369498965216	55.122564824501	45.7627194476899	1	14	9
113	1	14	100	60.2369498965216	55.122564824501	45.7628025662148	1	14	9
114	1	14	100	60.2369498965216	55.122564824501	45.76288422652	1	14	9
115	1	14	100	60.2369498965216	55.122564824501	45.7629644666461	1	14	9
116	1	14	100	60.2369498965216	55.122564824501	55.1801941857354	1	14	11
117	1	14	100	60.2369498965216	55.122564824501	55.1802889185888	1	14	11
118	1	14	100	60.2369498965216	55.122564824501	55.1803820458005	1	14	11
119	1	14	100	60.2369498965216	55.122564824501	55.1804736078491	1	14	11
120	1	14	100	60.2369498965216	55.122564824501	55.1805636438635	1	14	11
121	1	14	100	60.2369498965216	55.122564824501	54.7219123549837	1	14	11
122	1	14	100	60.2369498965216	55.122564824501	45.5863885080057	1	14	1463
123	1	14	100	60.2369498965216	55.122564824501	54.673042910847	1	14	12
124	1	14	100	60.2369498965216	55.122564824501	45.721839532674	1	14	12
125	1	14	100	60.2369498965216	55.122564824501	55.180992215292	1	14	11
126	1	14	100	60.2369498965216	55.122564824501	55.1671591911733	1	14	11
127	1	14	100	60.2369498965216	55.122564824501	55.1533394900645	1	14	11
128	1	14	100	60.2369498965216	55.122564824501	55.1534329620453	1	14	11
129	1	14	100	60.2369498965216	55.122564824501	55.1813111521691	1	14	11
130	1	14	100	60.2369498965216	55.122564824501	55.1675017058015	1	14	11
131	1	14	100	60.2369498965216	55.122564824501	55.2092218177507	1	14	9
132	1	14	100	60.2369498965216	55.122564824501	55.2092826521279	1	14	9
133	1	14	100	60.2369498965216	55.122564824501	55.1954767382879	1	14	10
134	1	14	100	60.2369498965216	55.122564824501	55.1955423219019	1	14	10
135	1	14	100	60.2369498965216	55.122564824501	55.1956069339068	1	14	10
136	1	14	100	60.2369498965216	55.122564824501	54.6950717915607	1	14	10
137	1	14	100	60.2369498965216	55.122564824501	55.1957333281937	1	14	10
138	1	14	100	60.2369498965216	55.122564824501	55.1957951514863	1	14	10
139	1	14	100	60.2369498965216	55.122564824501	55.1958560852351	1	14	10
140	1	14	100	60.2369498965216	55.122564824501	55.1959161485017	1	14	10
141	1	14	100	60.2369498965216	55.122564824501	46.1975441545414	1	14	10
142	1	14	100	60.2369498965216	55.122564824501	55.182223603622	1	14	10
143	1	14	100	60.2369498965216	55.122564824501	55.168482543146	1	14	10
144	1	14	100	60.2369498965216	55.122564824501	54.6955492552735	1	14	10
145	1	14	100	60.2369498965216	55.122564824501	55.1686178310556	1	14	12
146	1	14	100	60.2369498965216	55.122564824501	54.6956604454531	1	14	12
147	1	14	100	60.2369498965216	55.122564824501	55.1963137101237	1	14	10
148	1	14	100	60.2369498965216	55.122564824501	51.2253802990728	1	14	10
149	1	14	100	60.2369498965216	55.122564824501	51.2392153665992	1	14	10
150	1	14	100	60.2369498965216	55.122564824501	55.1827065010063	1	14	10
151	1	14	100	60.2369498965216	55.122564824501	55.1690021920702	1	14	10
152	1	14	100	60.2369498965216	55.122564824501	47.6188650176423	1	14	10
153	1	14	100	60.2369498965216	55.122564824501	54.7097776739136	1	14	10
154	1	14	100	60.2369498965216	55.122564824501	50.6439810050374	1	14	10
155	1	14	100	60.2369498965216	55.122564824501	53.9395747065201	1	14	9
156	1	14	100	60.2369498965216	55.122564824501	51.2478763609926	1	14	9
157	1	14	100	60.2369498965216	55.122564824501	50.0099590454797	1	14	9
158	1	14	100	60.2369498965216	55.122564824501	50.0099967405912	1	14	9
159	1	14	100	60.2369498965216	55.122564824501	53.9671896965209	1	14	7
160	1	14	100	60.2369498965216	55.122564824501	53.9672218577559	1	14	7
161	1	14	100	60.2369498965216	55.122564824501	51.7723105962253	1	14	7
162	1	14	100	60.2369498965216	55.122564824501	51.7723509285638	1	14	7
163	1	14	100	60.2369498965216	55.122564824501	51.772390766027	1	14	7
164	1	14	100	60.2369498965216	55.122564824501	54.7239385489067	1	14	8
165	1	14	100	60.2369498965216	55.122564824501	54.7239731041519	7	14	8
166	1	14	100	60.2369498965216	55.122564824501	55.1424592783495	7	14	266
167	1	14	100	60.2369498965216	55.122564824501	55.1425183059678	7	14	266
168	1	14	100	60.2369498965216	55.122564824501	55.1425766308765	7	14	266
169	1	14	100	60.2369498965216	55.122564824501	55.1426342655495	7	14	266
170	1	14	100	60.2369498965216	55.122564824501	55.1426912221675	7	14	266
171	1	14	100	60.2369498965216	55.122564824501	55.1427475126263	7	14	266
172	1	14	100	60.2369498965216	55.122564824501	55.1428031485448	7	14	266
173	1	14	100	60.2369498965216	55.122564824501	55.1428581412736	7	14	266
174	1	14	100	60.2369498965216	55.122564824501	55.142912501902	7	14	266
175	1	14	100	60.2369498965216	55.122564824501	55.1429662412661	7	14	266
