"Iteration #"	"Inertia"	"Number of features"	"CV best"	"Permuted CV best"	"Global best fitness"	"Current best fitness"	"Number of features in current best agent"	"Number of features in global best"	"Number of features in local best"
1	1	77	89.3420713296191	85.0441947569184	31.4756171673715	31.4756171673715	43	77	1540
2	1	34	100	84.4828040227541	40.4594397814747	40.4594397814747	32	31	31
3	1	34	100	84.4828040227541	40.4594397814747	40.0534792545727	37	31	32
4	1	34	100	84.4828040227541	40.4594397814747	40.4464527684877	29	31	32
5	1	45	100	84.4828040227541	40.4854138074487	40.4854138074487	29	29	29
6	1	45	100	84.4828040227541	40.4854138074487	40.4854138074487	29	29	29
7	1	45	100	84.4828040227541	40.4854138074487	40.4854138074487	29	29	29
8	1	23	100	84.4828040227541	40.5243748464098	40.5243748464098	26	26	26
9	1	23	100	84.4828040227541	40.5243748464098	40.5243748464098	26	26	26
10	1	23	100	84.4828040227541	40.5243748464098	40.5243748464098	35	26	26
11	1	23	100	84.4828040227541	40.5243748464098	40.5113878334228	27	26	27
12	1	29	100	84.4828040227541	40.5373618593968	40.5373618593968	25	25	25
13	1	17	100	84.4828040227541	40.5633358853708	40.5633358853708	23	23	23
14	1	17	100	84.4828040227541	40.5633358853708	40.5633358853708	23	23	23
15	1	17	100	84.4828040227541	40.5633358853708	40.5633358853708	27	23	23
16	1	17	100	84.4828040227541	40.5633358853708	40.4724267944617	30	23	27
17	1	17	100	84.4828040227541	40.5633358853708	40.5373618593968	23	23	23
18	1	17	100	84.4828040227541	40.5633358853708	40.5633358853708	24	23	46
19	1	17	100	84.4828040227541	40.5633358853708	40.5503488723838	24	23	23
20	1	17	100	84.4828040227541	40.5633358853708	40.5503488723838	23	23	46
21	1	17	100	84.4828040227541	40.5633358853708	40.5633358853708	23	23	23
22	1	22	100	84.4828040227541	40.5763228983578	40.5763228983578	22	22	22
23	1	22	100	84.4828040227541	40.5763228983578	40.5763228983578	22	22	22
24	1	19	100	84.4828040227541	40.6152839373189	40.6152839373189	19	19	19
25	1	19	100	84.4828040227541	40.6152839373189	40.6152839373189	24	19	38
26	1	28	100	84.4828040227541	40.6282709503059	40.6282709503059	18	18	18
27	1	28	100	84.4828040227541	40.6282709503059	40.6282709503059	16	18	18
28	1	16	100	84.4828040227541	40.6542449762799	40.6542449762799	17	16	16
29	1	16	100	84.4828040227541	40.6542449762799	40.6412579632929	16	16	16
30	1	16	100	84.4828040227541	40.6542449762799	40.6542449762799	17	16	16
31	1	16	100	84.4828040227541	40.6542449762799	40.6412579632929	16	16	16
32	1	16	100	84.4828040227541	40.6542449762799	40.6542449762799	16	16	16
33	1	16	100	84.4828040227541	40.6542449762799	40.6542449762799	16	16	16
34	1	16	100	84.4828040227541	40.6542449762799	40.6542449762799	17	16	16
35	1	16	100	84.4828040227541	40.6542449762799	40.6412579632929	17	16	33
36	1	16	100	84.4828040227541	40.6542449762799	40.6542449762799	16	16	16
37	1	16	100	84.4828040227541	40.6542449762799	40.6542449762799	16	16	16
38	1	16	100	84.4828040227541	40.6542449762799	40.6542449762799	17	16	16
39	1	16	100	84.4828040227541	40.6542449762799	40.6412579632929	24	16	50
40	1	16	100	84.4828040227541	40.6542449762799	40.6412579632929	19	16	34
41	1	16	100	84.4828040227541	40.6542449762799	40.6282709503059	18	16	18
42	1	16	100	84.4828040227541	40.6542449762799	40.6282709503059	17	16	18
43	1	12	100	84.4828040227541	40.6672319892669	40.6672319892669	14	15	15
44	1	12	100	84.4828040227541	40.6672319892669	40.6542449762799	16	15	16
45	1	19	100	83.6418239260533	41.2169570179964	41.2169570179964	19	18	18
46	1	19	100	83.6418239260533	41.2169570179964	40.6152839373189	20	18	38
47	1	19	100	83.6418239260533	41.2169570179964	40.6412579632929	17	18	16
48	1	19	100	83.6418239260533	41.2169570179964	40.6412579632929	17	18	16
49	1	19	100	83.6418239260533	41.2169570179964	40.6542449762799	16	18	15
50	1	19	100	83.6418239260533	41.2169570179964	41.0952743528355	20	18	19
51	1	19	100	83.6418239260533	41.2169570179964	41.2169570179964	19	18	18
52	1	19	100	83.6418239260533	41.2169570179964	41.2169570179964	18	18	18
53	1	19	100	83.6418239260533	41.2169570179964	41.2169570179964	21	18	36
54	1	19	100	83.6418239260533	41.2169570179964	41.2169570179964	19	18	18
55	1	19	100	83.6418239260533	41.2169570179964	41.2169570179964	18	18	36
56	1	19	100	83.6418239260533	41.2169570179964	41.2169570179964	20	18	36
57	1	19	100	83.6418239260533	41.2169570179964	41.2169570179964	19	18	18
58	1	19	100	83.6418239260533	41.2169570179964	41.0952743528355	19	18	56
59	1	19	100	83.6418239260533	41.2169570179964	41.2169570179964	19	18	18
60	1	19	100	83.6418239260533	41.2169570179964	41.2169570179964	18	18	18
61	1	19	100	83.6418239260533	41.2169570179964	41.2169570179964	19	18	18
62	1	19	100	83.6418239260533	41.2169570179964	41.2039700050094	19	18	19
63	1	19	100	83.6418239260533	41.2169570179964	41.2169570179964	19	18	18
64	1	19	100	83.6418239260533	41.2169570179964	41.2169570179964	18	18	18
65	1	19	100	83.6418239260533	41.2169570179964	41.2169570179964	22	18	72
66	1	19	100	83.6418239260533	41.2169570179964	41.2169570179964	18	18	36
67	1	10	100	83.6418239260533	41.2299440309834	41.2299440309834	19	17	17
68	1	16	100	83.6418239260533	41.2429310439705	41.2429310439705	16	16	16
69	1	16	100	83.6418239260533	41.2429310439705	41.2429310439705	15	16	32
70	1	15	100	83.6418239260533	41.2559180569575	41.2559180569575	19	15	30
71	1	15	100	83.6418239260533	41.2559180569575	41.2429310439705	18	15	16
72	1	15	100	83.6418239260533	41.2559180569575	41.2429310439705	15	15	31
73	1	15	100	83.6418239260533	41.2559180569575	41.2559180569575	16	15	30
74	1	15	100	83.6418239260533	41.2559180569575	41.2559180569575	15	15	30
75	1	15	100	83.6418239260533	41.2559180569575	41.2559180569575	16	15	45
76	1	15	100	83.6418239260533	41.2559180569575	41.2429310439705	16	15	46
77	1	15	100	83.6418239260533	41.2559180569575	41.2559180569575	15	15	30
78	1	15	100	83.6418239260533	41.2559180569575	41.2559180569575	16	15	45
79	1	15	100	83.6418239260533	41.2559180569575	41.2559180569575	15	15	45
80	1	15	100	83.6418239260533	41.2559180569575	41.2559180569575	15	15	45
81	1	15	100	83.6418239260533	41.2559180569575	41.2559180569575	18	15	60
82	1	11	100	83.6418239260533	41.2689050699445	41.2689050699445	17	14	14
83	1	11	100	83.6418239260533	41.2689050699445	41.2559180569575	14	14	45
84	1	11	100	83.6418239260533	41.2689050699445	41.2689050699445	14	14	14
85	1	11	100	83.6418239260533	41.2689050699445	41.2689050699445	16	14	42
86	1	11	100	83.6418239260533	41.2689050699445	41.2689050699445	13	14	14
87	1	14	100	83.6418239260533	41.2818920829315	41.2818920829315	13	13	13
88	1	14	100	83.6418239260533	41.2818920829315	41.2818920829315	13	13	13
89	1	14	100	83.6418239260533	41.2818920829315	41.2818920829315	13	13	13
90	1	14	100	83.6418239260533	41.2818920829315	41.2818920829315	15	13	13
91	1	14	100	83.6418239260533	41.2818920829315	41.2559180569575	14	13	27
92	1	13	100	83.6418239260533	41.2948790959185	41.2948790959185	11	12	12
93	1	13	100	83.6418239260533	41.2948790959185	41.2818920829315	14	12	13
94	1	13	100	83.6418239260533	41.2948790959185	41.2948790959185	13	12	12
95	1	13	100	83.6418239260533	41.2948790959185	41.2818920829315	15	12	12
96	1	13	100	83.6418239260533	41.2948790959185	41.2689050699445	16	12	28
97	1	13	100	83.6418239260533	41.2948790959185	41.2818920829315	14	12	25
98	1	13	100	83.6418239260533	41.2948790959185	41.2948790959185	12	12	24
99	1	13	100	83.6418239260533	41.2948790959185	41.2948790959185	14	12	36
100	1	13	100	83.6418239260533	41.2948790959185	41.2948790959185	12	12	24
101	1	13	100	83.6418239260533	41.2948790959185	41.2948790959185	11	12	36
102	1	13	100	83.6418239260533	41.2948790959185	41.2948790959185	12	12	24
103	1	13	100	83.6418239260533	41.2948790959185	41.2948790959185	12	12	24
104	1	13	100	83.6418239260533	41.2948790959185	41.2948790959185	12	12	24
105	1	13	100	83.6418239260533	41.2948790959185	41.2948790959185	12	12	36
106	1	13	100	83.6418239260533	41.3078661089055	41.3078661089055	11	11	11
107	1	13	100	83.6418239260533	41.3078661089055	41.3078661089055	11	11	11
108	1	13	100	83.6418239260533	41.3078661089055	41.3078661089055	11	11	33
109	1	13	100	83.6418239260533	41.3078661089055	41.3078661089055	11	11	22
110	1	13	100	83.6418239260533	41.3078661089055	41.3078661089055	13	11	22
111	1	13	100	83.6418239260533	41.3078661089055	41.2948790959185	14	11	24
112	1	13	100	83.6418239260533	41.3078661089055	41.2948790959185	12	11	11
113	1	13	100	83.6418239260533	41.3078661089055	41.2948790959185	11	11	23
114	1	13	100	83.6418239260533	41.3078661089055	41.3078661089055	11	11	22
115	1	13	100	83.6418239260533	41.3078661089055	41.3078661089055	11	11	33
116	1	13	100	83.6418239260533	41.3078661089055	41.3078661089055	13	11	11
117	1	13	100	83.6418239260533	41.3078661089055	41.2948790959185	11	11	22
118	1	13	100	83.6418239260533	41.3078661089055	41.3078661089055	10	11	33
119	1	13	100	83.6418239260533	41.3078661089055	41.3078661089055	10	11	33
120	1	13	100	83.6418239260533	41.3078661089055	41.3078661089055	14	11	22
121	1	13	100	83.6418239260533	41.3078661089055	41.3078661089055	13	11	33
122	1	13	100	83.6418239260533	41.3078661089055	41.3078661089055	11	11	22
123	1	13	100	83.6418239260533	41.3078661089055	41.3078661089055	11	11	66
124	1	13	100	83.6418239260533	41.3078661089055	41.3078661089055	11	11	66
125	1	13	100	83.6418239260533	41.3078661089055	41.3078661089055	11	11	66
126	1	13	100	83.6418239260533	41.3078661089055	41.3078661089055	12	11	33
127	1	13	100	83.6418239260533	41.3078661089055	41.3078661089055	11	11	33
128	1	13	100	83.6418239260533	41.3078661089055	41.3078661089055	11	11	44
129	1	13	100	83.6418239260533	41.3078661089055	41.3078661089055	10	11	44
130	1	13	100	83.6418239260533	41.3078661089055	41.3078661089055	13	11	55
131	1	13	100	83.6418239260533	41.3078661089055	41.3078661089055	11	11	33
132	1	13	100	83.6418239260533	41.3078661089055	41.3078661089055	11	11	66
133	1	13	100	83.6418239260533	41.3078661089055	41.3078661089055	11	11	55
134	1	13	100	83.6418239260533	41.3078661089055	41.3078661089055	11	11	66
135	1	13	100	83.6418239260533	41.3078661089055	41.3078661089055	11	11	66
136	1	13	100	83.6418239260533	41.3078661089055	41.3078661089055	12	11	33
137	1	13	100	83.6418239260533	41.3078661089055	41.3078661089055	11	11	33
138	1	13	100	83.6418239260533	41.3078661089055	41.3078661089055	12	11	55
139	1	13	100	83.6418239260533	41.3078661089055	41.3078661089055	12	11	33
140	1	13	100	83.6418239260533	41.3078661089055	41.3078661089055	10	11	44
141	1	13	100	83.6418239260533	41.3078661089055	41.3078661089055	11	11	44
142	1	13	100	83.6418239260533	41.3078661089055	41.3078661089055	11	11	55
143	1	13	100	83.6418239260533	41.3078661089055	41.3078661089055	11	11	55
144	1	13	100	83.6418239260533	41.3078661089055	41.3078661089055	12	11	55
145	1	13	100	83.6418239260533	41.3078661089055	41.3078661089055	12	11	55
146	1	13	100	83.6418239260533	41.3078661089055	41.3078661089055	12	11	33
147	1	13	100	83.6418239260533	41.3078661089055	41.3078661089055	12	11	44
148	1	13	100	83.6418239260533	41.3078661089055	41.3078661089055	11	11	33
149	1	13	100	83.6418239260533	41.3078661089055	41.3078661089055	11	11	33
150	1	13	100	83.6418239260533	41.3078661089055	41.3078661089055	12	11	33
151	1	13	100	83.6418239260533	41.3078661089055	41.3078661089055	11	11	11
152	1	13	100	83.6418239260533	41.3078661089055	41.3078661089055	11	11	22
153	1	13	100	83.6418239260533	41.3078661089055	41.3078661089055	11	11	33
154	1	13	100	83.6418239260533	41.3078661089055	41.3078661089055	11	11	33
155	1	13	100	83.6418239260533	41.3078661089055	41.3078661089055	11	11	33
156	1	13	100	83.6418239260533	41.3078661089055	41.3078661089055	11	11	66
157	1	13	100	83.6418239260533	41.3078661089055	41.3078661089055	11	11	55
158	1	13	100	83.6418239260533	41.3078661089055	41.3078661089055	11	11	55
159	1	13	100	83.6418239260533	41.3078661089055	41.3078661089055	11	11	55
160	1	13	100	83.6418239260533	41.3078661089055	41.3078661089055	12	11	66
161	1	13	100	83.6418239260533	41.3078661089055	41.3078661089055	11	11	44
162	1	13	100	83.6418239260533	41.3078661089055	41.3078661089055	10	11	44
163	1	13	100	83.6418239260533	41.3078661089055	41.3078661089055	11	11	55
164	1	13	100	83.6418239260533	41.3078661089055	41.3078661089055	11	11	55
165	1	13	100	83.6418239260533	41.3078661089055	41.3078661089055	11	11	55
166	1	13	100	83.6418239260533	41.3078661089055	41.3078661089055	11	11	66
167	1	13	100	83.6418239260533	41.3078661089055	41.3078661089055	12	11	66
168	1	13	100	83.6418239260533	41.3078661089055	41.3078661089055	11	11	55
169	1	13	100	83.6418239260533	41.3078661089055	41.3078661089055	12	11	66
170	1	13	100	83.6418239260533	41.3078661089055	41.3078661089055	12	11	66
171	1	13	100	83.6418239260533	41.3078661089055	41.3078661089055	12	11	55
