"Iteration #"	"Inertia"	"Number of features"	"CV best"	"Permuted CV best"	"Global best fitness"	"Current best fitness"	"Number of features in current best agent"	"Number of features in global best"	"Number of features in local best"
1	1	77	89.4841770452242	81.0303124373512	32.5169140777723	32.5169140777723	43	77	1540
2	1	34	100	81.0303124373512	42.8502098652827	42.8502098652827	35	33	33
3	1	34	100	81.0303124373512	42.8502098652827	41.8088137613866	32	33	41
4	1	34	100	81.0303124373512	42.8502098652827	42.8112488263217	37	33	36
5	1	32	100	77.9704741804854	44.249401839894	44.249401839894	14	18	36
6	1	32	100	77.9704741804854	44.249401839894	43.384844621965	17	18	18
7	1	32	100	77.9704741804854	44.249401839894	44.2132270424926	24	18	26
8	1	21	100	77.9704741804854	44.4839797619719	44.4839797619719	24	24	24
9	1	21	100	77.9704741804854	44.4839797619719	44.4839797619719	24	24	24
10	1	21	100	77.9704741804854	44.4839797619719	44.4839797619719	30	24	24
11	1	21	100	77.9704741804854	44.4839797619719	43.6612796964775	24	24	24
12	1	23	100	77.9704741804854	44.5099537879459	44.5099537879459	22	22	22
13	1	19	100	77.9704741804854	44.5229408009329	44.5229408009329	27	21	42
14	1	19	100	77.9704741804854	44.5229408009329	44.5229408009329	20	21	21
15	1	17	100	77.9704741804854	44.561901839894	44.561901839894	21	18	18
16	1	17	100	77.9704741804854	44.561901839894	44.548914826907	18	18	19
17	1	17	100	77.9704741804854	44.561901839894	44.249401839894	17	18	19
18	1	17	100	77.9704741804854	44.561901839894	44.5359278139199	19	18	20
19	1	17	100	77.9704741804854	44.561901839894	44.561901839894	18	18	18
20	1	17	100	77.9704741804854	44.561901839894	44.561901839894	26	18	18
21	1	17	100	77.9704741804854	44.561901839894	44.561901839894	18	18	18
22	1	17	100	77.9704741804854	44.561901839894	44.561901839894	18	18	18
23	1	17	100	77.9704741804854	44.561901839894	44.561901839894	18	18	18
24	1	17	100	77.9704741804854	44.561901839894	44.561901839894	18	18	36
25	1	17	100	77.9704741804854	44.561901839894	44.561901839894	18	18	36
26	1	17	100	77.9704741804854	44.561901839894	44.561901839894	18	18	18
27	1	17	100	77.9704741804854	44.561901839894	44.561901839894	18	18	18
28	1	17	100	77.9704741804854	44.561901839894	44.561901839894	18	18	18
29	1	17	100	77.9704741804854	44.561901839894	44.561901839894	18	18	18
30	1	22	100	77.9704741804854	44.574888852881	44.574888852881	16	17	17
31	1	16	100	77.9704741804854	44.587875865868	44.587875865868	16	16	16
32	1	16	100	77.9704741804854	44.587875865868	44.587875865868	16	16	16
33	1	19	100	77.0112273477173	45.4557772202342	45.4557772202342	14	14	14
34	1	19	100	77.0112273477173	45.4557772202342	45.4557772202342	13	14	14
35	1	19	100	77.0112273477173	45.4557772202342	44.587875865868	16	14	16
36	1	19	100	77.0112273477173	45.4557772202342	44.587875865868	16	14	16
37	1	19	100	77.0112273477173	45.4557772202342	45.4557772202342	13	14	14
38	1	13	100	77.0112273477173	45.4687642332213	45.4687642332213	12	13	13
39	1	13	100	77.0112273477173	45.4817512462083	45.4817512462083	12	12	12
40	1	13	100	77.0112273477173	45.4817512462083	45.4817512462083	17	12	12
41	1	13	100	77.0112273477173	45.4817512462083	44.587875865868	16	12	16
42	1	13	100	77.0112273477173	45.4817512462083	45.4817512462083	12	12	12
43	1	13	100	77.0112273477173	45.4817512462083	45.4817512462083	12	12	12
44	1	13	100	77.0112273477173	45.4817512462083	45.4817512462083	12	12	12
45	1	13	100	77.0112273477173	45.4817512462083	45.4817512462083	14	12	12
46	1	13	100	77.0112273477173	45.4817512462083	45.1692512462083	16	12	16
47	1	13	100	77.0112273477173	45.4817512462083	45.4817512462083	12	12	12
48	1	13	100	77.0112273477173	45.4817512462083	45.4817512462083	12	12	12
49	1	13	100	77.0112273477173	45.4817512462083	45.4817512462083	12	12	12
50	1	13	100	77.0112273477173	45.4817512462083	45.4817512462083	19	12	12
51	1	13	100	77.0112273477173	45.4817512462083	44.574888852881	18	12	51
52	1	13	100	77.0112273477173	45.4817512462083	45.2463616358187	17	12	34
53	1	13	100	77.0112273477173	45.4817512462083	45.2593486488057	13	12	16
54	1	15	100	77.0112273477173	45.683049947507	45.683049947507	14	14	14
55	1	15	100	77.0112273477173	45.683049947507	45.683049947507	14	14	14
56	1	10	100	77.0112273477173	45.9103226747797	45.9103226747797	14	14	14
57	1	10	100	77.0112273477173	45.9103226747797	45.683049947507	14	14	14
58	1	10	100	77.0112273477173	45.9103226747797	45.683049947507	15	14	14
59	1	10	100	77.0112273477173	45.9103226747797	45.4817512462083	12	14	12
60	1	10	100	77.0112273477173	45.9103226747797	45.683049947507	15	14	14
61	1	10	100	77.0112273477173	45.9103226747797	45.9103226747797	14	14	14
62	1	10	100	77.0112273477173	45.9103226747797	45.683049947507	13	14	14
63	1	10	100	77.0112273477173	45.9103226747797	45.696036960494	13	14	13
64	1	10	100	77.0112273477173	45.9103226747797	45.696036960494	14	14	13
65	1	10	100	77.0112273477173	45.9103226747797	45.9103226747797	14	14	14
66	1	10	100	77.0112273477173	45.9103226747797	45.9103226747797	15	14	28
67	1	10	100	77.0112273477173	45.9103226747797	45.9103226747797	14	14	14
68	1	10	100	77.0112273477173	45.9103226747797	45.9103226747797	14	14	14
69	1	10	100	77.0112273477173	45.9103226747797	45.9103226747797	17	14	28
70	1	10	100	77.0112273477173	45.9103226747797	45.9103226747797	14	14	14
71	1	10	100	77.0112273477173	45.9103226747797	45.9103226747797	15	14	28
72	1	10	100	77.0112273477173	45.9103226747797	45.9103226747797	14	14	14
73	1	10	100	77.0112273477173	45.9103226747797	45.9103226747797	15	14	28
74	1	10	100	77.0112273477173	45.9103226747797	45.9103226747797	14	14	14
75	1	10	100	77.0112273477173	45.9103226747797	45.9103226747797	20	14	28
76	1	10	100	77.0112273477173	45.9103226747797	45.9103226747797	14	14	14
77	1	10	100	77.0112273477173	45.9103226747797	45.9103226747797	14	14	28
78	1	10	100	77.0112273477173	45.9103226747797	45.9103226747797	16	14	42
79	1	10	100	77.0112273477173	45.9103226747797	45.9103226747797	14	14	14
80	1	10	100	77.0112273477173	45.9103226747797	45.9103226747797	16	14	14
81	1	10	100	77.0112273477173	45.9103226747797	45.9103226747797	14	14	14
82	1	10	100	77.0112273477173	45.9103226747797	45.9103226747797	14	14	28
83	1	10	100	77.0112273477173	45.9103226747797	45.9103226747797	14	14	28
84	1	10	100	77.0112273477173	45.9103226747797	45.9103226747797	14	14	28
85	1	10	100	77.0112273477173	45.9103226747797	45.9103226747797	17	14	42
86	1	10	100	77.0112273477173	45.9103226747797	45.9103226747797	14	14	14
87	1	10	100	77.0112273477173	45.9103226747797	45.9103226747797	14	14	28
88	1	10	100	77.0112273477173	45.9103226747797	45.9103226747797	14	14	14
89	1	10	100	77.0112273477173	45.9103226747797	45.9103226747797	16	14	14
90	1	10	100	77.0112273477173	45.9103226747797	45.9103226747797	14	14	14
91	1	10	100	77.0112273477173	45.9103226747797	45.9103226747797	14	14	28
92	1	10	100	77.0112273477173	45.9103226747797	45.9103226747797	14	14	14
93	1	10	100	77.0112273477173	45.9103226747797	45.9103226747797	13	14	42
94	1	10	100	77.0112273477173	45.9103226747797	45.9103226747797	14	14	28
95	1	10	100	77.0112273477173	45.9103226747797	45.9103226747797	14	14	42
96	1	10	100	77.0112273477173	45.9103226747797	45.9103226747797	15	14	28
97	1	10	100	77.0112273477173	45.9103226747797	45.9103226747797	14	14	42
98	1	14	100	75.1405723639331	46.9072811634287	46.9072811634287	14	14	14
99	1	14	100	75.1405723639331	46.9072811634287	46.9072811634287	14	14	14
100	1	14	100	75.1405723639331	46.9072811634287	46.9072811634287	14	14	14
101	1	14	100	75.1405723639331	46.9925084361559	46.9925084361559	14	14	14
102	1	14	100	75.1405723639331	46.9925084361559	46.9925084361559	14	14	14
103	1	14	100	75.1405723639331	46.9925084361559	46.9925084361559	14	14	14
104	1	14	100	75.1405723639331	46.9925084361559	46.9925084361559	14	14	14
105	1	14	100	75.1405723639331	46.9925084361559	46.9925084361559	14	14	14
106	1	14	100	75.1405723639331	46.9925084361559	46.9925084361559	14	14	14
107	1	14	100	75.1405723639331	46.9925084361559	46.9925084361559	14	14	14
108	1	14	100	75.1405723639331	46.9925084361559	46.9925084361559	14	14	14
109	1	14	100	75.1405723639331	46.9925084361559	46.9925084361559	14	14	14
110	1	14	100	75.1405723639331	46.9925084361559	46.9925084361559	14	14	14
111	1	14	100	75.1405723639331	46.9925084361559	46.9925084361559	14	14	28
112	1	14	100	75.1405723639331	46.9925084361559	46.9925084361559	14	14	14
113	1	14	100	75.1405723639331	46.9925084361559	46.9925084361559	14	14	14
114	1	14	100	75.1405723639331	46.9925084361559	46.9925084361559	14	14	14
115	1	14	100	75.1405723639331	46.9925084361559	46.9925084361559	14	14	14
116	1	14	100	75.1405723639331	46.9925084361559	46.9925084361559	14	14	28
117	1	14	100	75.1405723639331	46.9925084361559	46.9925084361559	14	14	28
118	1	15	100	75.1405723639331	47.0931577868053	47.0931577868053	14	15	15
119	1	15	100	75.1405723639331	47.0931577868053	46.9925084361559	13	15	42
120	1	15	100	75.1405723639331	47.0931577868053	47.0931577868053	14	15	30
121	1	15	100	75.1405723639331	47.0931577868053	47.0931577868053	15	15	30
122	1	15	100	75.1405723639331	47.0931577868053	47.0931577868053	15	15	45
123	1	15	100	75.1405723639331	47.0931577868053	47.0931577868053	15	15	45
124	1	15	100	75.1405723639331	47.0931577868053	47.0931577868053	15	15	45
125	1	15	100	75.1405723639331	47.0931577868053	47.0931577868053	14	15	45
126	1	15	100	75.1405723639331	47.0931577868053	47.0931577868053	15	15	30
127	1	15	100	75.1405723639331	47.0931577868053	47.0931577868053	15	15	45
128	1	15	100	75.1405723639331	47.0931577868053	47.0931577868053	15	15	45
129	1	15	100	75.1405723639331	47.0931577868053	47.0931577868053	15	15	45
130	1	15	100	75.1405723639331	47.0931577868053	47.0931577868053	16	15	45
131	1	15	100	75.1405723639331	47.0931577868053	47.0931577868053	15	15	15
132	1	15	100	75.1405723639331	47.0931577868053	47.0931577868053	15	15	30
133	1	15	100	75.1405723639331	47.0931577868053	47.0931577868053	15	15	30
134	1	15	100	75.1405723639331	47.0931577868053	47.0931577868053	15	15	30
135	1	15	100	75.1405723639331	47.0931577868053	47.0931577868053	17	15	45
136	1	15	100	75.1405723639331	47.0931577868053	47.0931577868053	15	15	15
137	1	15	100	75.1405723639331	47.0931577868053	47.0931577868053	15	15	30
138	1	15	100	75.1405723639331	47.0931577868053	47.0931577868053	15	15	45
139	1	15	100	75.1405723639331	47.0931577868053	47.0931577868053	15	15	45
140	1	15	100	75.1405723639331	47.0931577868053	47.0931577868053	17	15	45
141	1	15	100	75.1405723639331	47.0931577868053	47.0931577868053	15	15	15
142	1	15	100	75.1405723639331	47.0931577868053	47.0931577868053	16	15	60
143	1	15	100	75.1405723639331	47.0931577868053	47.0931577868053	15	15	30
144	1	15	100	75.1405723639331	47.0931577868053	47.0931577868053	15	15	60
145	1	15	100	75.1405723639331	47.0931577868053	47.0931577868053	14	15	90
146	1	15	100	75.1405723639331	47.0931577868053	47.0931577868053	15	15	45
147	1	15	100	75.1405723639331	47.0931577868053	47.0931577868053	15	15	60
148	1	15	100	75.1405723639331	47.0931577868053	47.0931577868053	15	15	60
149	1	15	100	75.1405723639331	47.0931577868053	47.0931577868053	15	15	60
150	1	15	100	75.1405723639331	47.0931577868053	47.0931577868053	15	15	75
151	1	15	100	75.1405723639331	47.0931577868053	47.0931577868053	14	15	60
152	1	15	100	75.1405723639331	47.0931577868053	47.0931577868053	15	15	60
153	1	15	100	75.1405723639331	47.0931577868053	47.0931577868053	15	15	75
154	1	15	100	75.1405723639331	47.0931577868053	47.0931577868053	15	15	75
155	1	15	100	75.1405723639331	47.0931577868053	47.0931577868053	13	15	90
156	1	15	100	75.1405723639331	47.0931577868053	47.0931577868053	15	15	60
157	1	15	100	75.1405723639331	47.0931577868053	47.0931577868053	15	15	75
158	1	15	100	75.1405723639331	47.0931577868053	47.0931577868053	15	15	75
159	1	15	100	75.1405723639331	47.0931577868053	47.0931577868053	15	15	75
160	1	15	100	75.1405723639331	47.0931577868053	47.0931577868053	18	15	90
161	1	15	100	75.1405723639331	47.0931577868053	47.0931577868053	15	15	45
162	1	15	100	75.1405723639331	47.0931577868053	47.0931577868053	15	15	75
163	1	15	100	75.1405723639331	47.0931577868053	47.0931577868053	15	15	75
164	1	15	100	75.1405723639331	47.0931577868053	47.0931577868053	15	15	75
165	1	15	100	75.1405723639331	47.0931577868053	47.0931577868053	15	15	75
166	1	15	100	75.1405723639331	47.0931577868053	47.0931577868053	15	15	60
167	1	15	100	75.1405723639331	47.0931577868053	47.0931577868053	15	15	75
168	1	15	100	75.1405723639331	47.0931577868053	47.0931577868053	15	15	90
169	1	15	100	75.1405723639331	47.0931577868053	47.0931577868053	15	15	90
170	1	15	100	75.1405723639331	47.0931577868053	47.0931577868053	15	15	90
171	1	15	100	75.1405723639331	47.0931577868053	47.0931577868053	15	15	90
172	1	15	100	75.1405723639331	47.0931577868053	47.0931577868053	15	15	75
173	1	15	100	75.1405723639331	47.0931577868053	47.0931577868053	15	15	75
174	1	15	100	75.1405723639331	47.0931577868053	47.0931577868053	15	15	90
175	1	15	100	75.1405723639331	47.0931577868053	47.0931577868053	15	15	75
176	1	15	100	75.1405723639331	47.0931577868053	47.0931577868053	15	15	60
177	1	15	100	75.1405723639331	47.0931577868053	47.0931577868053	15	15	90
178	1	15	100	75.1405723639331	47.0931577868053	47.0931577868053	15	15	105
179	1	15	100	75.1405723639331	47.0931577868053	47.0931577868053	15	15	105
180	1	15	100	75.1405723639331	47.0931577868053	47.0931577868053	15	15	120
181	1	15	100	75.1405723639331	47.0931577868053	47.0931577868053	15	15	75
182	1	15	100	75.1405723639331	47.0931577868053	47.0931577868053	15	15	105
183	1	15	100	75.1405723639331	47.0931577868053	47.0931577868053	15	15	120
