"Iteration #"	"Inertia"	"Number of features"	"CV best"	"Permuted CV best"	"Global best fitness"	"Current best fitness"	"Number of features in current best agent"	"Number of features in global best"	"Number of features in local best"
1	1	40	73.1182984539329	49.6100075468816	33.2254970900985	33.2254970900985	15	40	800
2	1	24	76.93097657265	44.2080431003915	48.4789621248081	48.4789621248081	20	21	21
3	1	23	77.8468236834981	36.514539797105	55.3375049954717	55.3375049954717	21	20	20
4	1	23	78.2723866145194	30.5182662949487	59.3738857394759	59.3738857394759	23	21	21
5	1	23	78.2723866145194	30.5182662949487	59.3738857394759	53.9799673583361	20	21	17
6	1	23	78.2723866145194	30.5182662949487	59.3738857394759	50.5458207920546	24	21	24
7	1	23	78.2723866145194	30.5182662949487	59.3738857394759	56.0120873063177	24	21	21
8	1	23	78.2723866145194	30.5182662949487	59.3738857394759	55.6145528132555	22	21	21
9	1	23	78.2723866145194	30.5182662949487	59.3738857394759	51.920525633114	18	21	21
10	1	23	78.2723866145194	30.5182662949487	59.3738857394759	52.9730620019272	22	21	23
11	1	23	78.2723866145194	30.5182662949487	59.3738857394759	56.0180368638093	20	21	19
12	1	23	78.2723866145194	30.5182662949487	59.3738857394759	55.2698421036165	24	21	23
13	1	23	78.2723866145194	30.5182662949487	59.3738857394759	56.8380236841637	19	21	16
14	1	23	78.2723866145194	30.5182662949487	59.3738857394759	56.7260103396056	26	21	26
15	1	23	78.2723866145194	30.5182662949487	59.3738857394759	59.5494769520826	16	21	22
16	1	23	78.2723866145194	30.5182662949487	59.3738857394759	48.5304867933247	19	21	16
17	1	23	78.2723866145194	30.5182662949487	59.3738857394759	47.3876180120658	18	21	23
18	1	23	78.2723866145194	30.5182662949487	59.3738857394759	45.1728637840681	19	21	18
19	1	23	78.2723866145194	30.5182662949487	59.3738857394759	48.4605896898022	19	21	24
20	1	23	78.2723866145194	30.5182662949487	59.3738857394759	50.397120005925	23	21	19
21	1	23	78.2723866145194	30.5182662949487	59.3738857394759	49.6829556065353	25	21	17
22	1	23	78.2723866145194	30.5182662949487	59.3738857394759	53.6942003815284	22	21	20
23	1	23	78.2723866145194	30.5182662949487	59.3738857394759	50.0265015910039	19	21	18
24	1	23	78.2723866145194	30.5182662949487	59.3738857394759	46.2074677848929	24	21	72
25	1	23	78.2723866145194	30.5182662949487	59.3738857394759	53.9050288898343	19	21	19
26	1	23	78.2723866145194	30.5182662949487	59.3738857394759	49.6983190283112	22	21	15
27	1	23	78.2723866145194	30.5182662949487	59.3738857394759	51.1615707089376	16	21	18
28	1	23	78.2723866145194	30.5182662949487	59.3738857394759	54.2906154251932	16	21	16
29	1	23	78.2723866145194	30.5182662949487	59.3738857394759	54.2945563118927	18	21	16
30	1	23	78.2723866145194	30.5182662949487	59.3738857394759	51.1749040422709	20	21	16
31	1	23	78.2723866145194	30.5182662949487	59.3738857394759	48.7498279789259	27	21	25
32	1	23	78.2723866145194	30.5182662949487	59.3738857394759	52.4698019260813	26	21	27
33	1	23	78.2723866145194	30.5182662949487	59.3738857394759	53.2830551965324	20	21	16
34	1	23	78.2723866145194	30.5182662949487	59.3738857394759	52.5434950356608	17	21	22
35	1	23	78.2723866145194	30.5182662949487	59.3738857394759	53.7301283241137	23	21	26
36	1	23	78.2723866145194	30.5182662949487	59.3738857394759	56.2579358537083	20	21	19
37	1	23	78.2723866145194	30.5182662949487	59.3738857394759	54.5991743842409	21	21	22
38	1	23	78.2723866145194	30.5182662949487	59.3738857394759	50.2664954431266	21	21	19
39	1	23	78.2723866145194	30.5182662949487	59.3738857394759	56.4009810706445	23	21	23
40	1	23	78.2723866145194	30.5182662949487	59.3738857394759	59.1920153424538	19	21	16
41	1	23	78.2723866145194	30.5182662949487	59.3738857394759	52.598263066374	20	21	21
42	1	23	78.2723866145194	30.5182662949487	59.3738857394759	54.1888675971339	18	21	16
43	1	23	78.2723866145194	30.5182662949487	59.3738857394759	50.1226744771517	18	21	21
44	1	23	78.2723866145194	30.5182662949487	59.3738857394759	54.5619716674429	19	21	18
45	1	23	78.2723866145194	30.5182662949487	59.3738857394759	51.6178259985618	18	21	21
46	1	23	78.2723866145194	30.5182662949487	59.3738857394759	51.017631284321	24	21	24
47	1	23	78.2723866145194	30.5182662949487	59.3738857394759	53.3087026556184	21	21	24
48	1	23	78.2723866145194	30.5182662949487	59.3738857394759	51.6694201269436	20	21	19
49	1	23	78.2723866145194	30.5182662949487	59.3738857394759	51.7671074800394	24	21	17
50	1	23	78.2723866145194	30.5182662949487	59.3738857394759	53.6652059309594	16	21	24
51	1	23	78.2723866145194	30.5182662949487	59.3738857394759	50.9114533544643	14	21	15
52	1	23	78.2723866145194	30.5182662949487	59.3738857394759	55.7362107334627	24	21	24
53	1	23	78.2723866145194	30.5182662949487	59.3738857394759	52.1937275522239	21	21	21
54	1	23	78.2723866145194	30.5182662949487	59.3738857394759	57.2752514291455	21	21	19
55	1	23	78.2723866145194	30.5182662949487	59.3738857394759	52.064164018097	22	21	23
56	1	23	78.2723866145194	30.5182662949487	59.3738857394759	56.2956342664067	20	21	19
57	1	23	78.2723866145194	30.5182662949487	59.3738857394759	54.2161690139899	23	21	23
58	1	23	78.2723866145194	30.5182662949487	59.3738857394759	57.0290051165244	14	21	16
59	1	23	78.2723866145194	30.5182662949487	59.3738857394759	56.8066645656755	19	21	21
60	1	23	78.2723866145194	30.5182662949487	59.3738857394759	48.2979344057939	21	21	19
61	1	23	78.2723866145194	30.5182662949487	59.3738857394759	49.789122663522	25	21	17
62	1	23	78.2723866145194	30.5182662949487	59.3738857394759	48.8188747676516	21	21	21
63	1	23	78.2723866145194	30.5182662949487	59.3738857394759	50.9359344344579	21	21	21
64	1	23	78.2723866145194	30.5182662949487	59.3738857394759	50.6335269152209	24	21	25
65	1	23	78.2723866145194	30.5182662949487	59.3738857394759	53.2988825946263	18	21	18
66	1	23	78.2723866145194	30.5182662949487	59.3738857394759	52.7347032224221	20	21	18
67	1	23	78.2723866145194	30.5182662949487	59.3738857394759	56.2614875296025	14	21	17
68	1	23	78.2723866145194	30.5182662949487	59.3738857394759	50.6381225034562	24	21	25
69	1	23	78.2723866145194	30.5182662949487	59.3738857394759	52.4543414954181	22	21	25
70	1	23	78.2723866145194	30.5182662949487	59.3738857394759	50.6402233437923	25	21	25
71	1	23	78.2723866145194	30.5182662949487	59.3738857394759	52.7345512177447	17	21	17
72	1	23	78.2723866145194	30.5182662949487	59.3738857394759	45.7826763300595	21	21	20
73	1	23	78.2723866145194	30.5182662949487	59.3738857394759	55.8019028390093	19	21	20
74	1	23	78.2723866145194	30.5182662949487	59.3738857394759	48.3402976429838	24	21	26
75	1	23	78.2723866145194	30.5182662949487	59.3738857394759	50.3469526399107	16	21	20
76	1	23	78.2723866145194	30.5182662949487	59.3738857394759	49.8001235263348	20	21	17
77	1	23	78.2723866145194	30.5182662949487	59.3738857394759	53.9984427370625	20	21	20
78	1	23	78.2723866145194	30.5182662949487	59.3738857394759	48.7493227101731	21	21	24
79	1	23	78.2723866145194	30.5182662949487	59.3738857394759	56.1181525830821	17	21	15
80	1	23	78.2723866145194	30.5182662949487	59.3738857394759	50.6491519152209	17	21	25
81	1	23	78.2723866145194	30.5182662949487	59.3738857394759	53.3584760719533	20	21	21
82	1	23	78.2723866145194	30.5182662949487	59.3738857394759	52.4050556837879	19	21	27
83	1	23	78.2723866145194	30.5182662949487	59.3738857394759	47.3613460518771	21	21	23
84	1	23	78.2723866145194	30.5182662949487	59.3738857394759	54.2665073796042	19	21	19
85	1	23	78.2723866145194	30.5182662949487	59.3738857394759	49.0727736756655	22	21	24
86	1	23	78.2723866145194	30.5182662949487	59.3738857394759	55.0459177672812	16	21	15
87	1	23	78.2723866145194	30.5182662949487	59.3738857394759	55.3453070500895	22	21	23
88	1	23	78.2723866145194	30.5182662949487	59.3738857394759	50.6548337334027	24	21	25
89	1	23	78.2723866145194	30.5182662949487	59.3738857394759	55.3464952200495	23	21	23
90	1	23	78.2723866145194	30.5182662949487	59.3738857394759	50.6560963596653	24	21	25
91	1	23	78.2723866145194	30.5182662949487	59.3738857394759	55.3476311627584	22	21	23
