"Iteration #"	"Inertia"	"Number of features"	"CV best"	"Permuted CV best"	"Global best fitness"	"Current best fitness"	"Number of features in current best agent"	"Number of features in global best"	"Number of features in local best"
1	1	6	94.7154153740532	46.8422516874966	61.762161784699	61.762161784699	1	6	120
2	1	6	94.7154153740532	46.8422516874966	61.762161784699	55.2734711657181	2	6	6
3	1	6	94.7154153740532	46.8422516874966	61.762161784699	61.762161784699	6	6	18
4	1	6	94.7154153740532	46.8422516874966	61.762161784699	61.762161784699	6	6	42
5	1	6	94.7154153740532	46.8422516874966	61.762161784699	61.762161784699	5	6	54
6	1	4	94.0455216310279	42.2975896091271	64.6607019019856	64.6607019019856	4	4	4
7	1	4	94.0455216310279	42.2975896091271	64.6607019019856	61.762161784699	6	4	48
8	1	4	94.0455216310279	42.2975896091271	64.6607019019856	61.762161784699	6	4	60
9	1	4	94.0455216310279	42.2975896091271	64.6607019019856	64.6607019019856	4	4	4
10	1	4	94.0455216310279	42.2975896091271	64.6607019019856	61.762161784699	3	4	66
11	1	4	94.0455216310279	42.2975896091271	64.6607019019856	64.6607019019856	4	4	4
12	1	4	94.0455216310279	42.2975896091271	64.6607019019856	64.6607019019856	4	4	4
13	1	4	94.0455216310279	42.2975896091271	64.6607019019856	64.6607019019856	4	4	4
14	1	4	94.0455216310279	42.2975896091271	64.6607019019856	64.6607019019856	4	4	12
15	1	4	94.0455216310279	42.2975896091271	64.6607019019856	64.6607019019856	5	4	12
16	1	4	94.0455216310279	42.2975896091271	64.6607019019856	64.6607019019856	4	4	8
17	1	4	94.0455216310279	42.2975896091271	64.6607019019856	64.6607019019856	4	4	16
18	1	4	94.0455216310279	42.2975896091271	64.6607019019856	64.6607019019856	4	4	16
19	1	4	94.0455216310279	42.2975896091271	64.6607019019856	64.6607019019856	4	4	16
20	1	4	94.0455216310279	42.2975896091271	64.6607019019856	64.6607019019856	4	4	16
21	1	4	94.0455216310279	42.2975896091271	64.6607019019856	64.6607019019856	4	4	20
22	1	4	94.0455216310279	42.2975896091271	64.6607019019856	64.6607019019856	4	4	20
23	1	4	94.0455216310279	42.2975896091271	64.6607019019856	64.6607019019856	4	4	20
24	1	4	94.0455216310279	42.2975896091271	64.6607019019856	64.6607019019856	4	4	20
25	1	4	94.0455216310279	42.2975896091271	64.6607019019856	64.6607019019856	4	4	20
26	1	4	94.0455216310279	42.2975896091271	64.6607019019856	64.6607019019856	4	4	20
27	1	4	94.0455216310279	42.2975896091271	64.6607019019856	64.6607019019856	4	4	20
28	1	4	94.0455216310279	42.2975896091271	64.6607019019856	64.6607019019856	4	4	24
29	1	4	94.0455216310279	42.2975896091271	64.6607019019856	64.6607019019856	4	4	24
30	1	4	94.0455216310279	42.2975896091271	64.6607019019856	64.6607019019856	4	4	24
31	1	4	94.0455216310279	42.2975896091271	64.6607019019856	64.6607019019856	4	4	24
32	1	4	94.0455216310279	42.2975896091271	64.6607019019856	64.6607019019856	4	4	24
33	1	4	94.0455216310279	42.2975896091271	64.6607019019856	64.6607019019856	4	4	24
34	1	4	94.0455216310279	42.2975896091271	64.6607019019856	64.6607019019856	4	4	24
35	1	4	94.0455216310279	42.2975896091271	64.6607019019856	64.6607019019856	4	4	24
36	1	4	94.0455216310279	42.2975896091271	64.6607019019856	64.6607019019856	4	4	28
37	1	4	94.0455216310279	42.2975896091271	64.6607019019856	64.6607019019856	4	4	28
38	1	4	94.0455216310279	42.2975896091271	64.6607019019856	64.6607019019856	4	4	28
39	1	4	94.0455216310279	42.2975896091271	64.6607019019856	64.6607019019856	4	4	28
40	1	4	94.0455216310279	42.2975896091271	64.6607019019856	64.6607019019856	4	4	32
41	1	4	94.0455216310279	42.2975896091271	64.6607019019856	64.6607019019856	4	4	32
42	1	4	94.0455216310279	42.2975896091271	64.6607019019856	64.6607019019856	4	4	32
43	1	4	94.0455216310279	42.2975896091271	64.6607019019856	64.6607019019856	4	4	32
44	1	4	94.0455216310279	42.2975896091271	64.6607019019856	64.6607019019856	4	4	32
45	1	4	94.0455216310279	42.2975896091271	64.6607019019856	64.6607019019856	4	4	32
46	1	4	94.0455216310279	42.2975896091271	64.6607019019856	64.6607019019856	4	4	32
47	1	4	94.0455216310279	42.2975896091271	64.6607019019856	64.6607019019856	4	4	32
48	1	4	94.0455216310279	42.2975896091271	64.6607019019856	64.6607019019856	4	4	32
49	1	4	94.0455216310279	42.2975896091271	64.6607019019856	64.6607019019856	4	4	32
50	1	4	94.0455216310279	42.2975896091271	64.6607019019856	64.6607019019856	4	4	32
51	1	4	94.0455216310279	42.2975896091271	64.6607019019856	64.6607019019856	4	4	32
52	1	4	94.0455216310279	42.2975896091271	64.6607019019856	64.6607019019856	4	4	32
53	1	4	94.0455216310279	42.2975896091271	64.6607019019856	64.6607019019856	4	4	32
54	1	4	94.0455216310279	42.2975896091271	64.6607019019856	64.6607019019856	4	4	32
55	1	4	94.0455216310279	42.2975896091271	64.6607019019856	64.6607019019856	4	4	32
56	1	4	94.0455216310279	42.2975896091271	64.6607019019856	64.6607019019856	4	4	32
57	1	4	94.0455216310279	42.2975896091271	64.6607019019856	64.6607019019856	4	4	32
58	1	4	94.0455216310279	42.2975896091271	64.6607019019856	64.6607019019856	4	4	32
59	1	4	94.0455216310279	42.2975896091271	64.6607019019856	64.6607019019856	4	4	32
60	1	4	94.0455216310279	42.2975896091271	64.6607019019856	64.6607019019856	4	4	32
61	1	4	94.0455216310279	42.2975896091271	64.6607019019856	64.6607019019856	4	4	32
62	1	4	94.0455216310279	42.2975896091271	64.6607019019856	64.6607019019856	4	4	32
63	1	4	94.0455216310279	42.2975896091271	64.6607019019856	64.6607019019856	4	4	32
64	1	4	94.0455216310279	42.2975896091271	64.6607019019856	64.6607019019856	4	4	32
65	1	4	94.0455216310279	42.2975896091271	64.6607019019856	64.6607019019856	4	4	32
66	1	4	94.0455216310279	42.2975896091271	64.6607019019856	64.6607019019856	4	4	32
67	1	4	94.0455216310279	42.2975896091271	64.6607019019856	64.6607019019856	4	4	32
68	1	4	94.0455216310279	42.2975896091271	64.6607019019856	64.6607019019856	4	4	32
69	1	4	94.0455216310279	42.2975896091271	64.6607019019856	64.6607019019856	4	4	32
70	1	4	94.0455216310279	42.2975896091271	64.6607019019856	64.6607019019856	4	4	32
71	1	4	94.0455216310279	42.2975896091271	64.6607019019856	64.6607019019856	4	4	32
72	1	4	94.0455216310279	42.2975896091271	64.6607019019856	64.6607019019856	4	4	32
73	1	4	94.0455216310279	42.2975896091271	64.6607019019856	64.6607019019856	4	4	32
74	1	4	94.0455216310279	42.2975896091271	64.6607019019856	64.6607019019856	4	4	32
75	1	4	94.0455216310279	42.2975896091271	64.6607019019856	64.6607019019856	4	4	32
76	1	4	94.0455216310279	42.2975896091271	64.6607019019856	64.6607019019856	3	4	32
77	1	4	94.0455216310279	42.2975896091271	64.6607019019856	64.6607019019856	4	4	36
78	1	4	94.0455216310279	42.2975896091271	64.6607019019856	64.6607019019856	4	4	40
79	1	4	94.0455216310279	42.2975896091271	64.6607019019856	64.6607019019856	4	4	32
80	1	4	94.0455216310279	42.2975896091271	64.6607019019856	64.6607019019856	4	4	32
81	1	4	94.0455216310279	42.2975896091271	64.6607019019856	64.6607019019856	4	4	32
82	1	4	94.0455216310279	42.2975896091271	64.6607019019856	64.6607019019856	4	4	36
